ap 0
hp 368
 61183
ap 1
hp 369
 53048
ap 2
hp 90
t 59371 60010 59969 58949 81178 58996 59039 58955 39150 59933 59976 59338 59767 60150 59344 59856 61387 59942 60158 59313 59185 59909 59911 57702 58977 59360 59063 59318 74023 59319 59277 60639 58685 59111 23072 58857 60006 58859
ap 3
hp 37
t 54780 75476 75202 75469 75139 74792 75206 74845 75493 77099 61142 75369 75380 75063
ap 4
hp 370

ap 5
hp 83
t 21502 44733
ap 6
hp 371
 20472
ap 7
hp 372
 20158
ap 8
hp 38
t 46726 48512 47728 48220 49729 49772 46861 46544 48307 31946 49817 47778 47482 46569 49650 30931 46890 46975 46170 48869 31996 48148 46957 48212 48574
hp 43
t 48448 47596 31958 47769 47599 46410 46581 46582 46923 46754 48624 46926 46588 46419 46589 46591 48293 47785 30616 46597 46937 32490 46775 30627 46948 47459 31820 31992 31823 48144 47806 48147 30638 46619 48320 46791 48152 30473 48495 48326 32008 48329 47487 48339 48341 45793 48173 31957 48347 30671 30502 46484 30674 30338 30169 30509 30170 30341 30512 30172 30513 48363 48874 47007 48198 47009 48201 30521 47011 31882 30182 30183 30185 48375 30186 30187 47019 48211 46681 47022 48213 48214 49064 46855 47025 30536 47027 48219 46860 48221 47032 46695 46867 31397 48061 31233 47555 30045 46536 46878 31408 46879 46201 48242 48245 47565 46546 46576 46888 46889 48250 46550 46551 48253 47744 30575 47576 46896 47746 46556 46897 46727 47578 47747 30578 46898 47920 31942 46902 46903 47753 47585 47926 30587 46568 46909 47930 46910 47591 46911 46572 47763 46743 47764 31956 47766 47597
hp 36
t 47598 47557 46793 31960 46965 48879 47480 47566 48288 30822 47823 48336 47573 46511 46555 46853 46769 45325 46899 27646 46686 31812 47541 31859 31947 46865 30928 46950 31779 47590 47123 46613 47464 46741 47593 47508 46700 30637 47767
ap 9
hp 59
t 10198 16319 10200 29240 29920 29242 10202 10203 9523 10204 29924 10205 29925 10207 16160 10210 13442 29935 12086 10216 32656 10218 10220 29771 10221 10222 12094 16344 10056 10226 10228 10060 11591 32671 16352 11425 10235 3606 9216 32676 10239 16360 16361 3613 10077 9227 8207 9232 9572 10086 9748 10089 9749 9750 10091 9414 9924 3635 11965 9586 9927 9930 11801 9762 9932 11973 15884 8573 9425 9937 14018 9429 9939 9430 10110 8240 11300 9942 9607 8418 10968 8419 9781 3831 8251 8422 9954 9614 9955 9956 9787 11148 9788 11149 9790 9451 8431 9962 10983 32743 11495 9456 9287 9630 9970 11331 8271 9974 11334 9975 16266 13717 10148 28680 29700 9983 11344 9820 8461 8291 29711 11353 10164 11697 9488 12037 9489 29894 12044 11195 9496 10176 9499 9500 10180 9501 14941 10181 9503 32623 8315 9846 10187 9508 10188 9678 29739 9851 10192 11552 9682 29913 10193 10023
hp 55
t 48236 32171 46240 31664 31793 47773 46287 32007 48158 47776 48244 47734 31416 48331 47567 47525 48332 31758 47016 32142 48208 47783 46848 49100 47784 46934 31762 48381 46852 31467 31935 47577 32107 47026 32449 47029 46862 30669 31860 47712 47586 31606 47628 46949 47800 48183 31184 46994 46868 48186 29828 46999 31997 31915
ap 10
hp 95
t 20697 22058 4505 43606 44457 4506 44332 5235 5278 44846 21088 7531 44166 43829 44365 20795 20711 44726 44641 44366 8177 20036 21311 22077 5290 44645 4356 42819 21314 4358 5209 44649 5083 21318 4488 44311 44822 44823 42995 4109 21281 44656 5090 44233 44702 44831 44363 44875 5137 20778 44324
ap 11
hp 157
t 3228 3229 2039 3230 9180 32131 9011 25331 8335 1875 8676 48626 2387 1369 3240 2561 3242 8852 3243 8689 8519 32320 2572 8694 8524 8695 2575 8525 9205 9204 32325 8527 8698 2578 9210 2581 2585 2586 2587 8197 209 8708 32510 3271 2761 32344 3277 8887 25039 8210 1921 9061 2602 48673 1924 8214 1926 2436 1927 2608 8558 9069 2440 2611 2441 1932 1935 32366 1597 3297 2107 3298 2449 2110 2621 2451 3303 32544 32039 8923 32385 8248 9953 1284 12166 1968 1969 12169 8599 1291 9961 1292 12172 1972 1293 9964 1295 2316 24756 3166 1298 1299 8949 1300 32411 25443 12184 8786 2669 3179 1310 25454 1654 48575 8458 32258 32259 25289 25460 48581 8972 3024 8976 8978 32442 8477 8989 46392 9165 8655 157 32116 32118 8489 8999 25150 1691 9001 24981 8492 9002 32467
hp 155
t 48534 25478 32236 25287 32130 32215 32448 8988 27392 32217 32493 32473 48560 32453 24676 48561 32454 32455 48905 9083 48566 32482 25002 48398 32101 48530 48467
hp 153
t 1485 1400 1444 1402 32386 1532 1612 32302 1745 1490 47 1535 1450 32051 1366 2855 25424 1879 1709 1627 2562 48464 1757 1930 9070 32360 2951 1378 1038 1123 1464 3250 1975 2571 8691 1381 32152 32323 8567 8907 28 24678 3301 1473 9082 1729 24892 2963 32457 1606 1480 25238 1949 3012 8452 1354 1440 25497 1484
hp 159
t 24989 2209 27539 32301 9021 2902 9023 26110 24750 2055 2226 24836 2567 1632 191 24671 32321 1721 9201 32322 2657 32326 2406 26122 2238 8699 25191 25447 2329 8961 27407 32508 3439 26305 27580 27411 27497 9054 26309 27501 32347 27503 25466 24956 26317 9063 8981 25472 3288 2099 24710 8985 8986 2272 25222 2443 25480 8905 2276 25225 2106 24887 9166 25488 32459 25491 2287 24730 1525 27452 2207
ap 12
hp 134
t 40850 17371 38326 16577 40242 38044 40881 38311
ap 13
hp 373
 8127
ap 14
hp 374
 61374
ap 15
hp 52
t 76839 77562 77393 71274 69829 70552 77395 69915 51427 77183 71234 71191 70640 76845 77185 34899 54193 77443 77276 77023 70606 75664 77370 76861 54167 71210 69768 72702 76869 70540 34969 51416 77045 77428 77258 35056 70544 69781 72544
hp 50
t 53633 54314 53634 53635 54315 53976 34937 77352 53978 77438 53723 53384 77441 53981 53727 54323 32819 77616 56196 34524 77279 54414 54585 77535 77451 54161 53994 35042 53998 53914 53829 77460 77515 54170 54001 54256 53831 54597 54003 53918 53748 53667 54264 53754 53585 77385 54010 53586 54057 54098 53504 53932 53763 54274 54444 53510 53936 24190 53521 53522 54202 53864 53697 54547 53527 33555 35170 53956 53702 53957 53959 77419 54299 53960 53876 77509 53964 53965 54135 77513 53969 77599 53885 53886 77261
hp 56
t 28898 30258 28899 30259 46579 30260 31112 30262 30773 31623 30263 47774 30264 30265 31965 30266 66307 31629 31461 30271 31122 31464 30275 47786 31976 30618 30450 30280 28923 47796 30457 30287 46947 47630 30634 49675 31488 49678 31489 29112 31493 31494 29114 31495 31156 30478 31671 31332 49692 46463 31673 47824 48334 30257 47829 31510 48172 32533 31174 31175 31687 48858 31181 31692 30166 46146 31187 31529 31190 31871 31191 48362 50402 30684 31195 50404 50405 31196 30687 49727 32728 29839 29847 31211 29851 47702 47023 47535 31216 31048 31220 47030 31221 48222 31563 31733 31734 31735 47715 46866 31738 31569 30209 30039 47039 31231 30211 48572 30213 30383 30215 30216 46877 32598 49088 29709 30220 30222 30563 47733 30224 31245 31756 12236 31587 31757 47737 30228 30058 30229 30230 30231 46891 46577 30232 31933 30233 30234 30065 30236 30237 30238 30239 30241 30245 28715 31435 30246 31607 30247 31098 30079 30250 31780 31440 47761 31952 30252 30253 30254 30255 28896 31446 28897
ap 16
hp 89
t 42922 44634 44647 27754 42915 44032 27702 44628 44300 44407 44408 44600 912
ap 17
hp 375
 65535
ap 18
hp 40
t 50105 47131 30938 47004 50107 31662 48409 49812 49769 49600 48156 32134 47477 49815 47478 49773 49690 30823 47526 30951 24707 47191 30743 30914 30745 30748 31939 29858 48218 32494 30837 29860 49921 49708 30839 30031 49709 49540 49667 29862 30926 49668 49499 49754 30503 49670 30801 30846 30804 30932 47551 47126 30763 46404 47510 49934
hp 63
t 36122 52911 53867 53700 54636 53872 52725 55276 36194 54426 51431 53875 32797 36580 53836 54029 53519 53966 54157 54312 53972
hp 51
t 11388 10199 12752 9692 10713 10883 9694 16325 10887 10038 35878 10039 10043 9703 36225 12766 52887 36568 10392 16172 10875 12778 12779 52696 36410 13291 9722 10912 10913 10915 29106 52907 36421 36422 10414 12795 10926 14326 11269 11100 10081 31502 29292 10592 13312 36433 10085 36435 9746 10768 16212 11113 13153 12983 15023 9755 36445 13425 12988 29479 36621 10951 12482 10272 10952 12824 29314 10954 10955 29315 10956 36457 29488 13168 11297 13337 10959 29320 36291 10961 11132 16232 10964 10795 52276 36467 10627 36300 52280 10971 36132 10463 10973 3834 36475 10976 36476 10128 17099 10300 36141 11152 52801 36142 36483 52804 11155 36315 13196 14046 10646 10478 10308 29519 10480 10143 9803 52813 13544 10994 10486 10997 36328 10658 29189 9811 9641 11004 10325 11005 36676 10839 29029 36509 11349 10671 10332 10334 11356 10510 9830 11191 16291 11022 16294 52844 10855 36185 10857 10347 11708 11199 9668 35849 10689 9839 10521 29562 10693 10355 13078 10869 29910 12911 10872 12742 10702 10874 12575 13085 10196
ap 19
hp 376
 57078
ap 20
hp 377
 57343
ap 21
hp 378
 28607
ap 22
hp 379
 73702
ap 23
hp 380
 60664
ap 24
hp 58
t 76922 77433 53336 76838 77179 76503 75357 53512 77015 70003 53513 77611 75701 70688 69795 76426 70691 53651 54204 77239 70227 77197 75200 70228 53653 53656 53996 75672 70912 70234 53532 69895 53958 75465 70492 75295 69770 53833 70664 69901 72672
hp 42
t 77603 75649 77011 76334 77270 76421 76424 75659 69709 77021 76427 70564 76346 77196 69805 75673 69894 76354 76355 75675 77037 69899 77040 77551 76363 76023 76876 76199 76879 77305 76540 69826 77052 76372 76374 76290 69745 76293 76294 69834 71194 76295 75530 71196 69751 76468 75703 72643 76469 76384 76299 69839 76386 69841 76301 75708 76303 75795 75710 76391 76828 77000 76831 77430 75816
hp 65
t 70590 12537 12369 12540 12753 16239 12799 10462 36387 36303 12801 12420 10763 12761 13993 53860 15015 36522 13105 52673 36523 13106 53141 36442 52849 54507 35086 12776 52726 10269 70620 16347 12352 10144 36665 12780 13716 16225 13165 36371 11338 16353 13124 52905 52694 52908
ap 25
hp 97
t 44411 21374 44328 21251 21294 21338 44331 44333 43570 44719 44720 42595 43318 44721 44169 20794 44893 44384 21267 21310 44515 4524 21270 5205 44136 44732 7460 44222 5165 4401 4826 42906 44309 4530 44056 21320 43761 4448 27867 44229 44400 42957 44317 43595 44701 21284 44319 44659 4498 5094 44152 44705 4374 5097
ap 26
hp 92
t 16658 18699 16660 57972 58058 61288 37148 58060 57975 61290 24145 37747 18113 58067 61298 61215 18715 59263 37419 59350 58672 37086 18472 18646 60721 60976 57747 18732 37518 37858 37179 37350 18650 61408 16698 59372 16703 38123 36936 24102 59379 58105 18156 58108 59298 18753 18499 37454 58110 18075 18756 58027 61427 6182 37038 39850 61188 18691 61193 18693 61363 61278 60939 18866
ap 27
hp 60
t 54543 56205 54601 56301 54592 74992 55570 74377 53990 53268 56243 54002 32912 56076
hp 39
t 75498 54972 74395 56247 53997 77586 56252 55658 56253 53980 54321 54301 74404 55598 55011 74218 74389 55583 74391 56074 77473 74392 53971 55501 55736
hp 47
t 54249 74968 55377 54293 75500 56291 54275 54382 59949 53278 74549 74380 74956 56299 74978 53516 55026 55007 53795 53287 53311 74414 74223
ap 28
hp 79
t 45558 59498 57459 59670 59671 78711 59503 59336 62906 59337 22617 59847 22618 22788 64948 22619 60021 78721 65122 22792 41663 78723 78213 78383 59684 41670 22801 22803 42014 22804 41677 61397 22637 59529 77889 64970 58681 78743 81803 59873 65143 60045 42025 78745 65145 37096 60216 41688 59709 78410 78240 42032 42033 41693 41013 42034 41694 42035 59375 41015 41016 59546 42037 41697 41017 41698 42038 41359 41360 59720 78250 42041 42380 78251 59721 42383 57513 41704 22664 78594 42045 41705 61425 61426 42046 77915 77916 42727 77917 42728 61429 78599 59559 78600 78601 22672 61433 22673 78603 22674 57696 61436 22846 41717 22677 22847 60247 41718 41379 22679 58720 65180 65181 78101 77931 77935 59918 62638 78618 22690 60260 41391 78621 78452 78792 41903 59583 59075 62646 59077 59078 41398 22529 59080 22531 65031 41912 62143 22534 78805 78806 65039 22539 58583 59094 43963 22884 78303 22544 22716 59097 58757 22547 57738 59098 22717 59439 22718 22549 59778 41590 59441 59271 39723 41593 22553 64888 60129 60130 78321 60134 59117 41267 59458 60308 59119 78329 22570 59971 64902 22572 60143 77992 22575 60146 22916 61337 59979 78680 58961 22752 65082 59473 60323 78683 22583 78855 78005 57436 60157 23267 22587 22588 23269 59480 59481 78013 64924 22594 61185 22598 22769 22599 78193 22604 78535
hp 81
t 44369 62219 44200 43860 44881 44201 44882 61713 44034 685 43526 42846 43528 44209 44889 43869 42510 44891 44211 62911 42002 44383 44042 43703 44214 44385 43705 43706 43876 43536 42177 43028 43708 61729 43539 44390 61900 44391 43542 44223 44394 43883 43544 44225 44396 44226 43546 44228 42188 43888 62080 43550 43890 43891 42871 42872 44403 62084 43554 62085 62087 43557 43897 44239 43559 44240 43900 43561 43562 43393 44414 20614 44244 43565 62097 62267 62098 42888 62099 43741 62102 62104 44934 43234 62277 42897 62109 43749 42899 43240 44092 42392 42902 62113 42903 43585 62458 43248 43588 41549 42909 20642 42912 62293 42913 44274 44446 43596 43768 44279 62130 43599 42921 62132 42752 42753 42923 42924 62136 42926 43947 44288 42760 44290 43610 44801 4511 42761 44121 43612 42763 43953 44804 44465 42768 44298 42258 42769 44470 42770 43280 43961 42432 42942 42602 42773 42943 43624 44986 43797 42777 44307 44987 43457 43968 43458 44817 42779 44139 44651 43462 42103 42783 43974 42786 44316 44147 44318 42109 43809 44320 43980 43811 42112 42792 44153 44494 44325 42796 42798 44839 42800 43821 42803 26653 42804 42464 42465 42806 43146 44847 62868 42468 44168 42469 43830 44340 43321 43492 43322 63213 44002 26833 43494 42475 43836 43497 42139 44349 42485 44355 42487 62208 43680 44027 44367
hp 85
t 40968 23118 78198 59500 22611 22781 78201 22783 41994 22614 60184 78375 41825 22957 65117 41828 78379 22789 22790 60361 22621 22791 57981 62743 22793 60364 22795 41835 22966 22798 78390 22634 78735 65475 64965 22636 22806 78398 58170 78403 78744 59705 64975 59026 65146 78747 42708 64981 65492 41354 60395 59545 22656 22657 78248 41869 60230 78421 60231 78422 65503 78423 78424 65504 22665 78425 78766 22667 78769 78430 78260 57351 22843 60244 59905 59906 78437 59907 57698 65518 59229 22681 22682 41042 22683 59064 78444 57365 41895 60255 42067 78447 41897 65528 41898 59238 65189 41730 59240 65021 57712 22692 59242 65022 22693 41904 78624 60268 62820 60271 59251 57893 59254 41745 65205 41407 22537 57557 41748 41749 60279 64530 60280 64531 60621 64532 60282 65213 64874 41757 65217 58759 22551 57742 65222 41252 59443 58423 59953 65053 58084 23234 65225 58426 65226 60127 78828 41258 58429 65229 59619 22050 41600 41435 64895 58095 78496 64897 78667 22567 59968 58779 64899 22739 65240 41952 59292 59803 59973 60144 22914 23255 41786 41787 23257 23258 60149 58109 78339 41790 23260 41791 60321 23261 59982 23262 22923 41454 57774 64914 60155 59305 23266 78346 22757 22927 58798 78349 23270 65261 78691 60162 60163 65263 23273 60164 57444 23274 23275 65096 59317 59997 59998 57449 59999 60170 22600 64931 81592 59664 78196 59497 22607
ap 29
hp 48
t 45389 45390 65964 66823 30784 47444 46765 45915 46935 69377 47448 69208 69209 47109 30792 66322 69383 69214 47114 31135 47115 47117 27058 46782 68882 30972 69223 45932 30805 69395 30806 69056 69228 69568 69229 46961 45092 69404 69577 45268 69579 47481 26687 45274 47317 69248 69249 69594 66704 31345 61606 45286 31347 69427 31349 66710 30841 47334 30165 46656 47507 50909 31360 48020 69100 69101 67232 69102 47173 30173 66723 69275 45137 47177 48027 47519 47349 31030 47350 30181 69112 69453 45824 31545 66736 45387 45998 47359 66910 46679 47190 66741 65554 31384 47536 45159 31392 46692 66246 46696 69138 47549 46698 47550 48060 45171 69141 47213 26814 69148 69319 62350 62351 30733 46034 30735 62357 50118 65930 47575 46725 65937 65597 46051 47752 66794 47588 69178 26678 69184 47595 69187
ap 30
hp 62
t 52910 53123 36294 36466 13900 53171 36342 36469 36471 54534 36429 36557 12418 36218 36601 36473 14672 36432 13101 13314 53096 13997 53097 52675 36527 12431 11114 36320 52811 53109 36493 36453 13333 36709 53967 36627 36670 12402 52735 52693 54563 13976 12406
hp 64
t 33276 70485 54251 77371 6673 54253 34172 33832 13861 13669 54152 70239 54153 69922 54154 35030 33098 54944 13996 54032 15551 51443
ap 31
hp 46
t 31065 30812 30939 68638 50193 47771 50023 30984 30732 66348 50071 47819 49649 31417 47528 50121 50166 50422 66998 47791 47538 30793 49750 46565 47756 31480 30970 46570 47548 47506 31315 46658 31741 50102
ap 32
hp 381
 39865
ap 33
hp 158
t 13613 13635 13322 14109 14190 13755
ap 34
hp 382
 52475
ap 35
hp 101
t 53296 53297 53382 77439 77694 53640 53725 53301 53302 53303 77274 53305 53560 77275 53390 53392 53308 53648 55008 77788 53310 77621 76942 53397 77113 77115 53913 77800 33261 77291 14477 53747 77295 77296 77297 77808 75258 53332 77475 77306 77392 53255 53425 53256 54105 53426 53258 53345 53260 53515 53346 53261 53687 53432 53349 53689 54199 53690 53435 53266 53692 53267 53693 53694 53695 77073 53955 54300 53625 54221
hp 294
t 64398 64144 80880 63943 64114 64137 64138 63809 64224 63937
hp 178
t 29833 29817 29855 29845 29840 29830 29848
hp 320
t 63322 78034 63313 63245 63326 79397
hp 332
t 34082 33828 34763 33829 34169 15299 19040 18191 18956 34681 16832 17427 34173 33317 17854 34769 34089 34090 18197 34092 34094 34775 34095 33841 33416 33927 34776 34097 34183 33504 34099 34186 18972 17697 34698 34784 15320 34786 34787 33428 34789 33344 34109 18982 17707 14396 14736 34204 33439 36074 34630 34800 34631 18991 34037 34038 33869 34634 33359 33870 6840 34806 15342 14918 34044 33875 34640 34811 14751 34217 33793 34813 33794 16880 13141 35921 15351 33799 51736 35333 34653 34655 33466 34064 33980 33385 34065 34069 33903 34753 33819 18179 19032 34162 34077 34757 34248 34078 34758 33229 34165 34081
hp 160
t 15350 14693 33277 14747 33565 14844 33268 14781 14685 14367 15314 33305 14606 33307
hp 328
t 36548 50998 35870 50661 50662 50667 50668 36052 51012 51015 51016 51017 51019 50510 36230 51020 53231 51021 51192 50513 35893 36063 35894 50855 52385 51536 51196 35896 35897 35898 51878 50858 35899 52222 51883 51713 35904 36075 36246 51716 35908 36080 36082 51722 36083 51723 52405 52069 51731 52242 36092 52243 36093 52244 36094 52245 52246 52247 52417 35928 52418 52250 52253 49193 52254 52255 35937 35938 51069 51071 52263 36283 52265 35948 52268 52270 52271 35951 52273 52274 52614 49384 66555 52275 52954 52278 52448 52450 52283 52284 52454 51775 51095 52626 52456 52287 52457 52291 36652 51102 51103 52297 49238 52299 52300 50770 50771 52305 52308 52138 52310 52991 51122 51124 51125 52150 51130 51132 50965 51992 51822 52334 51144 51825 35846 50467 51830 50642 50476 36707 51668 50648 50818 51669 50650 36712 35182 50994 35864 73437
hp 323
t 14362 18273 32808 18188 17168 15042 14363 14365 33577 33492 40463 34514 33239 33409 18196 32818 14544 14545 15310 18201 33586 14631 35796 40727 14548 33164 33674 34525 33420 14635 34526 33675 33251 34527 33592 15062 33593 14554 14639 33256 34531 14473 33174 17195 33432 33263 14481 17201 33096 14397 35988 18138 14654 34545 34546 34376 18397 33188 34548 33273 34550 34380 34551 14576 14406 18233 34128 14408 15344 33195 14581 33196 34557 34558 14839 34135 14927 14417 14589 14760 14336 33207 14509 34144 14339 14425 14426 34317 14342 34404 14348 14350 32796 33136 33137 18177 14777 32798 14353 34244 33138 14355 34415 14611 14527 14782 33145 14361 33147
hp 268
t 76498 76499 76160 76500 76161 76163 76504 76505 76166 76506 76507 72087 75827 72089 72090 72430 76171 72091 72092 76176 75836 76177 75837 76178 75839 72100 76182 72102 72103 76184 76524 76185 72105 76526 76187 75847 72107 72108 76528 72109 72449 72110 72111 71431 76533 76535 75855 65656 76538 76539 76541 76542 72122 76543 72123 67703 67704 67705 76206 68387 76210 72472 71792 72473 67715 72475 72135 72137 67719 76220 71800 67724 67725 67726 67727 72492 72494 71820 68423 71824 68425 67745 71825 68426 72507 71828 68089 67749 68430 72171 72175 67756 67757 72517 71839 63683 71844 71845 65732 71852 71855 67776 67777 63700 67780 67781 67782 63702 71182 63703 63704 63705 67785 67786 63706 67787 67788 63709 76289 63710 67790 67111 67792 67793 67794 72215 67796 67798 63718 67799 63720 67800 72221 72222 67802 63723 67803 67805 67806 63729 63730 76310 72232 76313 72233 72234 71894 67815 76321 72243 76323 68505 75986 67827 75988 68508 75991 65791 71913 75994 71914 76335 75996 75998 71920 68520 68521 76002 76004 76005 68526 76007 71927 80088 76352 76353 76356 76017 76018 67859 80100 76360 76021 68544 76025 76027 76368 76369 68550 80111 76371 76031 70932 76373 67873 67874 68555 72640 68561 72642 70942 70943 68563 72644 72645 76385 72646 72649 71970 72655 67896 67897 76398 67898 72321 71982 71302 71303 76496 76497 72000 72002 72003 68604 70985 72362 72024 72026 71689 71690 71691 71692 72032 71696 71697 72037 71698 72038 71699 72039 75784 72045 72046 72048 71711 75793 72053 72054 76134 76475 72055 72059 76480 72060 76481 75801 76483 75805 76486 72066 76487 72067 76488 76489 76491 71731 71732 79893 71736 75817
hp 333
t 69442 69443 66724 63027 43222 69062 69276 61500 26820 68896 69069 68900 69283 69284 69114 62444 66694 68820 62361 69204 45999 69502 62534 69207 62280 69421 69211 61604 69213 43245 68746 66877 69002 68747 68918 68675 69217 68920 69345 69558 68921 43250 68922 69135 68924 69136 61572 62381 66719 61834 61537 69315
hp 255
t 61444 61492
hp 292
t 54206 70548 70559 70496 70582 34818 77532 70554 70586 35024 34889 34900
hp 315
t 39035 55918 55644 55890 39029 55935 55893 55894 39065
hp 324
t 79048 78369 78964 78965 58991 81346 81177 78966 81348 81349 81350 81861 57550 78972 60272 78973 78974 78380 78975 81355 81359 81360 78981 81791 79072 81793 81794 81369 81795 81796 81711 79077 79079 78994 81375 79081 78996 78997 81380 79086 78406 79087 78961 78919 79005 78920 81811 79091 78921 81388 81730 81901 81816 81733 81734 78929 81055 81735 79016 79102 81737 81397 79018 81824 81739 81570 60320 81572 81828 81320 81321 81237 60327 58882 81833 81153 81239 79114 81155 58885 81667 81838 81583 81328 81839 81245 59060 79036 81843 58978 81249 80910 81336 58896 79043 81338 58983 81339 58985 81256 81341 58987
hp 307
t 57671 55833 55930 81430 55824 39919 74578 39718 57994 39231 39210 55297 57997 55299 57680
hp 169
t 47768 31449 31450 31451 47772 31453 47775 46585 47777 47780 47101 47781 48291 47782 31463 31975 31466 47787 31468 31979 47790 47794 46945 31137 47797 31138 47798 31139 47799 47629 30630 47801 47802 47803 47804 47805 46955 30466 47467 47807 30467 47808 30468 47809 47810 30470 31320 47811 31151 47812 47813 48323 47814 47815 30306 47818 30479 47820 46460 47821 47483 30145 30147 30490 47831 48342 47833 31173 47834 47835 47836 47837 31858 31182 31354 29995 47846 31356 46996 30336 47847 30168 47509 31189 47680 47511 47512 47852 31193 47853 31194 47514 47515 47516 31537 47689 47521 47691 47522 30693 47696 31209 46849 31210 47020 30360 31212 30532 30702 47533 30533 30023 46856 47707 30028 30712 46863 47033 30033 47713 47714 30034 46864 47035 30718 47718 30381 47552 47553 47554 47556 31071 47731 47052 30393 47564 47735 47736 46548 47738 46549 47739 47740 46553 48254 46554 47745 31256 31426 30066 31428 47748 30068 31429 46900 31430 31431 31434 46905 31775 31096 31437 31097 31268 31438 31948 31949 31439 31269 47760 47762 47765 31447
hp 232
t 54207
hp 264
t 49299 72930 49305 72942 71634
hp 231
t 53973 53974 53975 53720 35020 53636 54061 53977 77437 53722 35022 54062 35023 33071 53726 53982 54155 54584 54160 55267 54162 54163 53569 54164 53911 54166 53573 54169 53916 53746 54087 77464 53834 53749 53920 53750 53922 53753 53924 53925 34375 53926 53755 35055 54097 53928 34379 54099 54100 53931 54016 34977 54102 53933 54018 77138 77394 34554 54104 53935 34979 54020 54021 54022 54107 54023 77486 54196 54027 54112 54283 54198 54030 54625 54200 54115 54031 54711 54116 54201 54203 53952 53698 54038 53699 34319 54040 54043 54298 53873 54215 54130 53961 54216 54302 53962 53877 53963 53539 53710 53880 53881 53712 53882 53883 54223 53714 35014 53716
hp 176
t 9010 32640 8500 9351 8334 9186 8338 32651 8512 8513 8516 8347 8526 8531 8194 8196 8536 8202 8373 9224 8545 8376 8205 8546 8547 8378 8548 8379 8380 8381 8213 8215 9408 9409 8559 9410 8220 9411 8221 8222 9413 8393 8223 8736 9246 9247 8230 8232 9424 8235 8236 9427 32379 8239 9261 9432 9433 9943 9434 9263 9435 9945 9606 9268 9949 9950 12161 8590 9272 8256 9447 9276 9959 9960 8261 9452 8262 9453 9622 9963 9454 9455 9285 8266 9457 9627 8267 9458 12178 8948 9969 9289 9460 32749 12181 9971 9462 8442 32415 9806 12187 8448 9468 8449 12189 9470 8450 8451 12191 8455 8459 8460 8462 32433 8464 8469 8472 9662 8473 8475 8480 8995 8321 8322 8493 8494 8495 32636 10197
hp 76
t 62643 62558 62898 62560 65020 62476 62561 40972 62902 42673 62478 62903 65198 41058 62904 42675 41316 62651 65202 62482 65531 41318 61633 62484 65204 62569 62909 42509 62570 40981 62655 62571 62827 61892 40983 62488 41666 40986 62832 41667 62070 41925 40991 42012 43882 41334 65474 64964 62500 41679 64969 43889 41425 64971 64803 64890 62595 41687 64978 61579 41010 42711 41011 62772 63200 65495 41356 41696 42716 65497 63202 41018 42581 41273 65499 62865 41020 41701 41364 64314 41025 42725 41365 41960 62531 62533 41369 41370 41371 65513 62623 62540 41375 41035 42654 62547 62548 62888 62464 41299 41385 42660 40960 64846 41046 62636 62467 62296 64932 62808 41388 41048 41390 62640 62471 62641
hp 296
t 63726 72121 68807 64218 71846 75969 64091 75844 72275 72063 72106 61695 63077 75997 63524 71708 72006 76024 63721 64487 80021 71841
hp 259
t 70122 51937 51258 51259 36640 51345 51261 51601 70131 51263 51604 35204 70224 51950 33845 51529 52039 51276 35212 70403 70319 34620 52215 69641 51282 70408 51626 52051 51287 51288 51458 51289 51206 51632 51462 51633 51293 51463 70503 70080 51636 51296 70081 51554 51555 51471 51217 51472 51303 51218 70088 51219 51559 51390 51221 36686 51306 51476 51223 51564 51311 34907 70013 51995 36101 70104 70275 35085 51237 70107 36108 70112 70453 51244 51245 51333 51250 70461 70121
hp 283
t 43220 43051 43455 43647 62349 61945 61903 61926 43609 62288 61927 26674 43525 26675 26677 62377 62081 62210 62231 61934 27212 61935 43406 43683 43237 61938 43431 43261 43772 43411
hp 247
t 68858 68774 68722 68819 68734 61627 68810 61493 61494
hp 279
t 43794 43837 42478 43413 42457 43799 43056 43057 43844 42466 44017 43807 61891 43852 43855 43302 42453 43815
hp 168
t 29812 29238 29857 29815 29818 29820 29863 29821 29864 29822 29865 29823 29827 29233 29871 29234 29809 29852 29810 29853 29896
hp 290
t 64002 65238 64728 63411 64006 65105 64092 63413 64731 65242 65243 64010 64733 63415 63418 64013 64015 63336 64102 63385 63386 63388 64707 65223 65224 63398 65227 63401 63402 65232 63405 65149
hp 249
t 62961 63144 62931 63193 62964 62928 63227
hp 256
t 67209
hp 273
t 71017 49172 71633 71676 73205 71678 65813 73209 70915 70675 49264 71619 71621 71543 73491 73534 72984 71497 71625 66930 73031 70928 71631
hp 270
t 68369 66915 68359 68276 66917 67236 66939 68194 47562 67006 66997
hp 69
t 29748 52698 10373 28733 28904 9864 52791 29757 31628 29506 29761 31631 30442 28997 28999 30274 29171 52716 29004 28920 29516 29006 28922 30285 30456 30286 28672 9887 30459 28676 29951 29102 29017 28678 29104 29019 29021 11172 28689 29115 29030 29031 28692 30225 29120 30226 29036 29379 28701 29381 28702 28703 29298 28704 29300 29302 29473 29303 30240 30410 28710 30242 29052 30243 29478 28713 29308 30244 28714 29394 29055 29481 30417 29057 29401 30421 29062 11128 29148 29658 29063 29747
hp 234
t 53654 53399 53262 53347 55006 53657 53659 53638 53649 53979 53650 53383 53632 53643
hp 177
t 32128 32554 46920 29836 32132 31792 32133 47008 31879 31794 32135 32475 31795 31796 31881 48286 31797 32477 30692 31799 31800 32140 32055 32141 32736 48376 31802 31887 32057 32143 31803 32737 32738 32569 29849 32739 32059 32058 31891 32741 32061 31807 32062 48128 32063 32492 31813 30624 32495 32751 31988 30628 30719 29870 30639 31999 48321 31833 48408 32005 31751 32006 48838 48328 47054 32009 32010 48247 32098 32013 31932 30657 31763 31934 31764 48170 31765 30662 48175 31856 32451 48517 32707 48179 32029 48521 32031 48863 48864 48184 48185 29825 48525 29826 48867 48189 32464 30679
hp 172
t 26860 45561 45562 45222 45223 45564 45224 45566 45227 45228 45229 26874 45234 69376 45238 69381 69384 45245 69385 45246 69386 45247 26887 69388 69392 66673 45256 43216 65997 45257 65998 45258 69398 69059 66681 46621 69402 45262 69403 45265 45945 45266 69406 69407 45267 69068 45269 45271 43232 69412 45953 43233 45955 45276 46636 45277 43239 46639 46640 45281 48002 45282 48003 45283 48004 48005 45285 45966 46647 69088 46648 69089 45289 46649 69090 45290 46650 46651 69092 48012 69432 69093 48013 45292 27614 69094 26932 48015 69433 69434 48016 45295 69436 48017 69437 48018 69438 27620 45300 45984 48025 45985 45986 69446 66728 46668 66049 69110 45990 66051 66052 48033 69454 48036 69117 48039 69120 66060 45320 69121 45321 69122 69126 48046 48047 69127 66069 45329 66070 45330 45331 66755 66075 66077 69478 66759 62341 66762 45342 62343 45343 69483 69484 62345 66766 62346 69486 69487 45690 46030 66776 66098 48079 66099 45362 66103 69164 45364 69504 69165 69505 45365 69166 45366 69167 45367 69507 69168 66108 45368 69509 66109 45369 69510 45370 66791 69171 69511 45371 45372 69173 45373 69174 45374 69514 46054 45375 66796 69176 66797 69177 27017 66798 69518 66799 69180 69182 62383 69523 45384 45386 66132 26695 69541 69543 66143 69205 69546 66148 69548 69549 66149 69215 66155 69218 66161 69561 45765 69226 69227 69567 69231 69232 68892 66176 69237 68897 69578 69580 69582 27084 66187 69250 69251 69591 69252 66193 69254 69259 69260 69261 69262 66203 69264 45128 69269 45129 69270 68930 69272 69277 45138 69278 45139 45140 66220 68941 45142 66223 66225 69286 45147 69289 66231 69297 66238 69299 66239 66251 45173 68974 45175 45518 45179 45180 45182 45184 45185 45186 45526 45188 45189 45191 68991 45192 68992 45193 45194 45195 45196 45197 68997 45198 45199 45200 45201 45202 45203 45208 45209 26849 45210 45211 26851 66633 65954 45216 45217
hp 322
t 77900 78581 78455 78031 78243 78883 78290 78208 78209 64554 78211 77871 78934 79277 79405 78895 64064 78259 77837 79579 78858 78860 78095 79457 78224 78863 79458 79245 78565 78566 78907 79461 78228 78229 78612 79591 79592 78913 78914 78533 79468 78918 78236 78450 64553 78280 78578 79429
hp 112
t 76584 76245 76586 76565 75440 76460 76439 75441 75420 75442 75421 75443 76442 76569 75423 75445 80460 76444 75276 76573 80632 76595 76575 75366 76557 76600
hp 179
t 30683 31959 48202 30695 48971 30188 30189 30699 30190 31978 30534 30024 30535 30704 30705 30620 30026 30537 30707 46942 30538 30539 30199 30029 30200 30541 30201 30202 30542 30543 30203 30204 30544 30714 30629 30716 30631 30465 30635 30382 31913 31914 48149 31918 48249 31930 30656 30573 30488 32103 30489 31936 30661 46559 29984 31941 30496 29986 30666 30582 30667 30498 29987 30499 30159 30500 29990 30501 31861 30672 29993 30591 30676 30593 30678 30339 30510 30511
hp 235
t 77094 76924 76926 77182 77098 76844 75231 76846 76932 76933 77105 76935 75746 75747 35032 77192 75748 77789 77111 76941 77116 77117 77628 53403 77121 75082 75253 75593 75594 77126 75597 75260 77132 75262 75219 75774 77304 76880 76966 77477 75523 76800 77396 76803 69750 77401 76806 76808 76811 77152 76982 77072 76903 75714 77074 77244 77414 77075 77245 76822 77078 76824 75719 77505 76825 76910 75721 76826 76827 75722 75553 77084 76999 77170 75725 76915 75556 75727 75217 76917 76918 77004 75559 77260 77092
hp 338
t 53124 50917 50407 50747 50918 49728 51003 65879 49220 50751 50412 49647 51007 50923 31032 49223 50669 49480 50670 49821 50416 50587 49822 50417 50418 49229 50419 50759 50760 52035 51186 50761 50762 51188 50934 50764 50936 50766 50937 50938 50939 49749 50941 49412 51028 51199 51880 49755 50861 50862 49757 49843 52478 50014 51121 53165 49768 50194 52151 50369 49181 51136 73151 50627 49779 50970 49185 52075 49187 49188 51145 49700 49191 49702 50468 49703 50384 73166 51153 50388 51068 51154 50389 50815 51070 49711 50391 50392 50393 50479 50396 50397 52097 50228 49208 50398 65868 50399 50570 51166
hp 266
t 36346 52985 36049 35920 35946 36073 35905 35927 36172 36345 51316
hp 269
t 72078 72079 71739 71741 71066 72088 68352 68353 68354 68355 68357 72098 72101 68364 68365 68366 71426 72446 68367 68368 68370 68371 68372 68373 68374 68376 68377 68378 68379 68380 68381 68382 68383 68389 68392 67714 72474 68395 67716 68397 68398 71458 68402 68063 68404 72144 72484 68406 68407 68070 72151 68072 68412 68073 68413 71473 68074 68414 72153 68415 68416 68419 68080 67744 71144 71488 71489 71490 72172 71492 71493 71494 71495 68435 68437 68438 67759 68439 68440 68442 68443 68444 67084 67085 71505 68445 68446 67086 68448 68449 71509 68450 68451 71511 67091 71512 67092 68452 68453 71513 67094 68454 71514 68455 71515 67095 68456 71516 68457 72197 68458 72198 68459 65739 68460 72200 71520 72201 68461 67101 68462 72202 65741 68463 72203 65743 67784 71524 71525 71526 71527 63707 68467 72208 72209 71529 72210 71530 72211 67791 71531 72212 71532 67112 72213 67113 71533 72214 72897 68478 72219 72220 68480 68481 65761 68482 65762 72223 68483 68484 65764 65765 65766 67126 68486 68488 65769 65770 68490 67131 65771 71553 67134 68494 67135 68495 72236 65776 71556 72917 71557 68498 65778 68499 72919 72240 68500 65780 72241 68501 72242 68502 68503 72244 71564 71565 72245 72246 71566 68506 71567 68507 72928 72248 72249 68509 72250 68510 68511 71572 72253 72255 68518 72941 68522 72264 68524 68525 72265 72947 68528 68529 68530 68531 67171 68532 72952 72953 72273 68533 68534 72955 68535 72276 68536 72277 68537 72278 68539 72279 71600 68543 71604 71605 71606 71609 71611 71612 71613 72295 71615 72297 72298 72299 72300 70941 72307 67208 72308 67210 70953 72317 72318 67218 67219 71639 67223 72343 68606 72350 67255 67256 67257 67258 67259 67260 67261 67262 71687 72369 71700 72383 67966 71709 71710 71720 72061 72064 72065 71728 72068 72069 71729 71730 72070 72071 71733 71734 72076 72077
hp 334
t 47261 30941 30942 49473 47264 30945 47265 47266 47267 73448 47268 66309 66310 73281 47270 66311 50162 30952 66313 66315 49655 65636 47277 73289 47279 30790 73459 73460 50171 66320 73461 66321 30960 73291 30963 30794 73463 66324 50175 66323 50005 66325 30796 65987 66498 73469 50012 65993 73305 73308 30809 47130 30811 49171 47132 47302 47303 73315 47305 66345 66178 47308 47140 47141 47142 50032 47143 50033 47314 47146 47316 47148 49358 30830 50040 47322 50042 50044 47326 66367 47327 47328 73339 66540 66030 50055 47336 47337 47339 50061 47344 47176 47347 47178 47181 66222 65884 47185 65885 47356 50076 47357 47358 50079 66400 50081 66401 66403 50085 65897 50088 47199 50090 50091 50096 73219 49428 47220 47221 30731 47222 49942 49436 47227 47228 47229 47230 50120 72731 50122 49442 49444 30746 50127 50129 65940 65941 49452 50135 30759 30761 30762
hp 318
t 57714 57716 60266 57717 79052 81262 58313 57462 81688 57548 57465 57805 57637 57639 39194 57556 57727 39197 39198 57729 39879 78387 57987 57647 57989 57990 57991 57566 57481 81792 57569 57484 57797 81710 81881 79076 57571 39891 57827 79078 57998 57573 81799 57574 58169 81801 39216 79082 81802 39048 57493 58939 57494 57665 39219 39050 39221 57667 81808 80958 57669 81809 81298 57670 39906 57501 39227 57502 79047 57674 39909 57675 58356 39911 81817 57763 81818 39913 81819 57595 39915 57681 39747 78933 57769 39750 57601 39752 57517 57519 57691 57606 79026 57695 81836 81074 57700 57701 81841 81851 57447 57532 57703 57533 81760 57535 81675 58046 57536 57452 81677 57708 81848 57538 81849 81850 57625 57711 57457 81852 57627
hp 257
t 34812
hp 317
t 57478 81384 57479 81705 57480 81709 81775 58316 57551 81712 57487 58338 57488 57603 57489 81800 81694 81717 57492 81718 81761 81763 81871 81722 81829 57476 81830 57477 57520
hp 100
t 77688 74798 77689 75478 77691 77693 75483 75492 53398 75158 74819 75160 53401 75161 75162 75163 75164 75506 53407 75508 75509 75170 75172 75173 74833 75175 77728 75348 74838 75178 75349 75010 75180 75351 75181 75182 75183 53423 53424 75185 75356 77737 75359 77739 75020 77745 75368 77748 77580 75371 77581 77752 74862 77583 75204 75381 77763 75213 75384 75214 77765 77766 75386 74876 77768 74878 77769 77770 74880 77771 75391 74883 77775 77776 77777 77778 77781 77782 77783 77784 74894 77786 77787 75238 76940 77793 77794 75415 77795 77797 77798 75418 75588 75419 74912 77803 74914 77805 75425 75255 75426 77806 77807 74917 77638 77639 77810 77640 77811 75431 77641 77812 75092 74753 75434 77815 74755 75097 74927 77647 77819 77649 77820 77650 77651 77822 77652 53344 75447 77658 53518 77660 77661 75452 77662 77663 53355 75116 77666 75457 73757 75458 74948 77668 74949 75460 77669 74951 77671 75463 75124 74954 77674 75125 75466 77677 75468 75470 75130 77680 75471 75473 75133 77683 75474 77685 77686 75477
hp 308
t 58234 55910 39028 55646 39082 38977 55924 39064 55639 55321 55311
hp 171
t 48280
hp 68
t 47513 31660 50403 49765 49681 49724 31619 49682 49725 49683 31663 47559 49684 49770 49685 50408 49771 49686 50409 30903 50410 49721 49433 49986 49818 49691 49394 49608 53135 49566 49693 49694 49230 49953 47534 47832 49661 50400 31217 49664 49665 49795 49669 49713 49756 49885 49672 49715 49674 30974 49760 49720 31531 50401
hp 123
t 75361 76700 75362 75277 76722 79783 76724 76703 76725 79785 76729 76730
hp 335
t 69528 69103 65958 69274 69444 48024 66133 66813 66134 68940 66135 69535 69450 66136 66221 69452 48032 66138 69623 66139 66734 69115 65971 69629 69290 69545 69630 66574 69210 68870 66150 66236 66746 66237 69466 66154 69470 66241 66156 65986 66242 66158 65988 66159 45248 65989 68709 66245 66756 65991 68711 66162 66079 68886 65996 65913 69569 66764 45259 69570 65915 66680 66171 69400 69401 69572 68893 66173 46623 62348 69405 66944 68899 69581 69411 68902 69243 45190 68908 69503 66699 66192 65938 46645 46646 66622 66963 66793 66113 66200 66115 66712 66118 65952 66211 48021 69612
hp 119
t 76997 77136 77518 77190 77106 76872 77139 77054 54168 77203 76927 76801 53404 77163 76908
hp 277
t 71610 72641 76508 72514 72165 76501 72485 72943 72847 71010 72934 70950 71577
hp 84
t 59668 78708 65278 59672 78202 78713 58314 59674 57804 59676 57806 78717 59677 57977 59679 57979 57469 59680 57641 59681 59002 81272 59683 57644 59685 59005 59006 59686 78726 59687 78727 59688 59689 57649 59690 58330 79070 22973 57653 78733 78734 57825 60206 58506 59697 59698 78738 59528 59699 59700 57660 57490 59530 78740 58000 60382 65141 58172 61403 59701 65144 59495 59366 81807 59537 59708 57498 37098 58009 59539 59710 65150 57500 59711 60392 58353 57503 78416 41868 58019 78760 78420 78761 41871 57682 57512 60403 59725 78596 78256 78767 78087 57689 57349 77919 58030 58711 60411 58031 57522 57523 57524 59564 78945 60245 78605 57526 60246 59057 59061 57361 78611 59062 65182 78442 59066 65018 57539 57710 57540 81680 78111 57541 59072 78281 57542 59073 57713 57374 57546 57549 78289 22530 57890 78801 59666 59082 78026 78803 59083 78802 57554 58916 59088 22538 57730 57560 57731 65041 60112 59092 60113 57734 58754 58416 59096 57567 58758 59099 58421 65051 57572 22552 58083 58424 57576 22556 59616 59617 58088 22559 57750 60131 57752 57582 59622 58094 65235 57927 59118 22738 22740 23081 64563 57936 57456 59977 39917 65079 64570 58960 22751 65081 57772 22922 57602 22753 65083 22754 23264 23265 41626 22586 57437 79027 65087 22758 59479 57439 78859 22759 22760 59482 22763 22593 59653 57614 79034 60165 57615 22595 57954 59656 60167 78696 57448 58299 58980 58981 60172 59492 22602 58982 78702 78022 78532 64933 78704 57455 81764 59665 22773 78706 81597 59667
hp 98
t 75414 75393 79538 74162 75140 79412 79541 75503 79545 79311 75424 80887 80823 80165 80806 80742 80807 80149 75495 74456 74117
hp 298
t 80748 63409 80749 77859 80750 79390 79560 80751 65109 63410 63412 80753 63414 65114 65115 63406 78037 80757 79398 78038 80758 63419 78039 79400 64100 63420 63421 78041 79402 63422 63423 80764 78045 78046 64106 79408 78048 78049 79410 78050 79411 78051 79414 78055 79416 78056 64749 79419 78059 78060 79420 79422 78062 78063 79423 78064 80785 80786 77896 79427 78067 63378 80788 65147 78069 80789 79259 79430 79600 80791 79431 78072 77903 80794 80796 79436 79606 80797 80799 79612 79445 80805 79446 80808 80809 79449 80810 80811 79452 80812 78772 80643 79456 80137 80818 80820 80822 79463 79464 79465 80655 79466 80826 79467 80827 79470 80832 80664 65024 65026 65027 64008 77948 80160 80841 80842 80673 79486 80167 63337 64019 80170 64704 64025 65216 80685 64880 65221 64031 64034 64547 64767 80190 65230 63360 80701 63361 63362 63363 63364 80704 64724 64045 63365 64725 63366 79517 64727 80707 63367 80708 63368 64729 63369 64730 80710 63370 80711 63371 80882 64732 63373 80884 63374 80205 80885 63375 80886 64735 63376 80716 64736 64737 63377 80717 64738 80888 79528 63379 80890 80889 64740 64060 80891 79361 64741 64061 64062 80893 63380 63381 64742 63382 64743 64744 64745 79536 79366 64747 79367 64739 80728 79539 79368 80729 79369 63387 80730 64748 63389 64751 79542 80731 79371 64750 63390 64584 64755 64246 80736 64756 80737 63397 64078 80738 80739 79379 78019 80740 64251 79551 80741 63399 65099 63400 80743 64763 63404 77856 80746 65277 65107
hp 314
t 39214 39234 58235 39235 81420 39196 39233 39212 58273 39712 81415 58274 39213 58275
hp 248
t 64720 65119 64976 64966 64977 65106
hp 175
t 31448 31424 47851 31425 31452
hp 329
t 52445 36040 52446 52447 36048 36050 51096 36051 52290 33930 51100 52292 52293 34103 52464 52465 52466 36061 51106 52467 51872 52468 51111 34791 51113 51114 52477 36072 52479 35910 51720 36081 35913 35914 36084 36085 35916 35917 36088 35919 36089 36175 36090 51820 36095 51821 35841 35842 36097 35929 35844 51824 35930 35845 52420 35931 52252 51662 52344 35940 35941 52261 36111 52262 35943 52264 52435 52266 52436 52437 35949 52269 35950 52272
hp 227
t 70462 35571 70411 49342 51596 70455 70126 51365 52121
hp 246
t 61442 65023 61495 68863 61469 61503 61685 61463
hp 105
t 80578 80239 75990 80070 80071 75821 75992 75822 75993 80073 80074 75995 75999 76170 80086 80087 80089 76179 80090 80599 75840 76180 80091 75841 80092 76181 75842 80093 76013 76183 76014 75843 80604 76015 80094 75845 80605 80606 75846 76186 76188 75848 75849 76020 76189 75850 80101 75851 75852 80104 80106 80616 80107 75856 76028 76708 80108 76029 75859 80619 76030 80279 76711 76202 75862 80623 75864 76204 76205 75865 76036 75866 75867 79268 80291 76044 80295 80298 76221 76222 76053 76223 80303 76054 63644 75886 80653 76404 80145 80315 76406 80146 76068 80324 80155 68597 80327 75912 62993 76254 80676 80169 76772 80179 80694 80017 80018 80362 80193 75776 80366 75777 80026 75779 76799 75780 80881 75782 75783 80204 75785 80035 75786 75787 80039 75792 75794 80214 80215 75796 75797 80218 76138 80559 75800 76482 75802 79543 75803 80224 76484 76485 80225 79548 75808 80229 75979 80065 80233 80234 80064 75984 75985 80576 80577 75987
hp 295
t 61622 61453 61538 69529 61624 61455 61540 61626 61797 69280 61715 68772 61547 61803 61890 61808 61726 61814 61815 61645 61816 68785 61901 61817 62075 61482 61574 62340 68716 69144 62260 68642 61844 68644 68645 61847 61762 62360 68651 67547 62363 61854 61598 61599 68655 61857 61602 61858 68743 62115 68745 62117 68748 68919 61864 61609 61611 68752 61443 61868 68753 62124 68754 68755 68756 62127 61616 61617 61873 68758 61875 61706 68677 61707
hp 225
t 54537 54285 54371 54276 54287 54542 54277 54532 54533 54535
hp 104
t 80580 80581 80583 80586 80247 80248 80588 80249 80251 80591 80595 75328 76695 80607 76701 76702 76704 80614 76706 80617 76709 76710 80280 76712 80282 76713 76714 76715 76716 75358 80288 80459 75360 76720 76721 76551 75363 76723 80293 79444 80294 76726 76556 76727 76728 80468 76558 80129 80469 76559 80470 76731 80301 80132 76563 80134 80135 80645 76737 76567 80138 75378 80478 76739 80479 76400 80650 76570 80651 80312 76405 80657 80488 80151 80321 80152 80322 80153 80323 76583 76075 80326 80497 80498 80159 80332 76593 76764 80334 80506 80166 80677 80508 80509 80679 80172 80342 80343 80684 80344 79664 80686 80346 76607 76782 76446 79337 75429 80019 76790 80360 76453 80363 80194 80364 76455 80705 80365 76457 80538 80028 75439 75444 75446 80546 75448 75278 75449 76638 80379 75450 76640 75451 80040 76641 76642 80213 76643 76645 76646 79537 80217 75798 76648 80219 76649 80220 76650 76651 80051 80563 80223 80055 79546 76656 76657 80228 80058 79549 76659 80230 80232 80235 80236 80237
hp 80
t 60009 41479 23459 23799 80752 23297 58997 65118 58999 59339 59682 59004 78725 44895 41498 65130 59861 59521 59692 59184 42016 59696 42017 23317 60207 59527 60381 59531 41682 42022 23322 60384 77894 42026 44916 42027 41516 41517 78749 41519 23330 58861 23333 23334 78244 77904 23337 78419 78759 23341 78762 78252 77912 78592 78763 78426 78597 60408 62110 78434 22845 59056 62457 60248 78269 41720 57530 41721 60251 41723 57705 22685 41555 81166 78446 41556 60256 59067 57537 41557 59068 60258 41558 78616 77937 77941 60263 78794 60098 22698 77949 62140 60270 23384 23389 22710 42771 59261 57732 60116 65218 41759 65220 65050 78142 81543 78653 78313 78824 78654 23405 65054 22558 78659 42450 65231 59794 60138 64898 59972 65072 78677 57600 78681 78001 78002 81064 59985 22925 57607 59138 78347 57609 78862 22762 22768 62209 57450 22770 60173 60174 60175 78537
hp 321
t 61793 61876 61878 68849 61709 61539 61454 61794 61880 68680 61795 61881 61541 61625 61882 61542 61877 68683 61714 61883 61884 61885 61718 68688 61549 61724 61811 62072 61647 61902 62158 61452 61563 68788 61819 62159 61570 62176 68721 61841 63201 61501 61842 61843 69154 61845 63206 62103 61851 61852 62362 61597 62108 61853 61855 61856 62111 62112 61603 61860 61861 62116 61862 61863 61608 61524 61865 61440 61866 61441 61867 68669 69179 62125 61871 61872 61532 69352 61618 61449 61450 61536 61621 61792
hp 319
t 33063 14450 14453 32814 33664 14460 14546 14461 14547 14803 33673 33590 14468 56628 33255 33596 14471 14641 33597 33683 33599 14475 32835 33090 14647 33688 14480 14483 14653 14486 32847 14573 33190 56651 14494 32855 32770 33283 14845 33120 33035 14421 33121 14423 33209 14424 14510 33210 33720 14340 32957 14599 32874 14600 14601 14516 14602 14432 14519 14434 14349 14520 14435 14436 14522 14524 14439 14525 33651 14441 33652 14532
hp 291
t 68720 68679 63391 63329 63331 63246 64012 63333 64184 64099 64185 63335 64186 64101 68692 63339 64107
hp 258
t 33446 33362 33321 33450 33833 34216 33154 33834 34134 34182 34565 34226 33376 34227 14634 33465 33425 33809 33853 34193 34152 34195 34238 34153 34239 33433 33478 18987 34499 35434 34163 34207 34590 14700
hp 226
t 54101 54586 54113 53386 54025 54036
hp 265
t 69445 69468 69576 65956 69622 65957 66244 65584
hp 224
t 56437 55176 55185
hp 173
t 46748 46408 46578 46749 46750 46751 46921 46752 46413 47093 46583 46414 47095 47096 46757 46758 46759 46760 46590 46761 46762 47102 48292 47612 46763 47104 46594 46596 46599 31810 47110 46770 46771 47112 46773 46774 46604 47116 47457 46777 46607 47458 46746 47288 47118 46779 47460 46780 47461 48312 48483 46747 46783 47466 47468 47469 47129 47470 46790 46792 47473 46794 46795 47479 46800 46801 46462 46803 46464 46467 46808 46809 46485 46486 46488 48019 46490 46662 46664 46665 47517 46497 46667 66048 45819 46499 66050 46672 47523 46673 46674 46675 46676 46677 46678 47530 46510 47361 46682 46683 47363 47364 46684 47365 46685 47366 46687 46689 47880 47370 66071 47542 47882 47202 47543 47203 47373 47544 47374 47545 47546 46697 46528 47889 47890 46701 48063 46704 47215 46705 48066 46706 47897 46707 47558 46708 46709 46710 46711 46542 47563 47903 66094 46545 46715 47906 46716 46717 46718 46719 46720 47911 47574 46728 47579 46729 47580 46730 46731 46732 47923 47584 47924 47925 46906 46736 47927 46907 46737 46738 47589 47929 46739 46740 47931 47592 47932 46742 47933 47594 47934 46745 46406 46407
hp 267
t 36420 36591 36206 36227 34067 36661 36109 36577 35855 36280 36578 36239 36162 36288 36098 36269 36248 36099 35866 36249 36292 36207
hp 297
t 14618 33318 18358 33320 18362 33155 33326 18198 15309 34691 19053 17693 18374 18205 33511 16852 15323 18214 33854 14476 34536 33518 15328 33859 14649 33520 6662 17034 14655 18227 6667 34208 6668 14658 15339 33361 33533 33363 33364 6676 14836 14667 17730 33201 33373 14673 33374 33375 34736 14847 15017 18248 33377 34058 14682 33384 17915 17575 34235 17752 33393 18264 14354 14694 18946 6026 33396 33397 14698 6029 33400 15040 18272 14702 33404 18275 33406 19126 33407 14707 18958 18278 17087 17088 33410 18281 19130 18962 18283 18964 18965 18966 18287 18967 34777 34437 33249 33250 19650 14720 18973 14723 14388 14729 15070 33262 15072 18303 14393 14734 33436 15076 14737 15077 18989 18990 33271 33444 33445 14917 14749 33110 14921 6762 33457 34478 33459 19011 18335 18338 33810 18341 14771 33476 14778 33479 14779 33821 33822 33483 19035 33485 14616
hp 330
t 33475
hp 293
t 50742 70888 70889 70890 51936 70211 70212 51598 52363 51939 73616 36131 73617 35537 51348 70899 52114 51010 35201 49396 51947 73622 52117 35203 51523 49313 51610 51185 52120 49316 35548 73629 70144 70910 34870 35551 49406 49237 52126 49407 52043 70149 52129 35215 70150 70152 52132 52133 49244 70153 70154 35560 73640 70155 35561 51456 52137 35563 73643 52140 52141 70162 70163 70164 73566 70167 35573 70169 51301 70171 70853 70856 49351 52072 49353 52159 49354 51480 51483 70183 51484 73585 49360 49361 49277 49278 70188 52083 49363 70870 70191 52002 51677 70872 70873 50728 50984 70193 50814 70876 50731 70877 73597 49373 70879 49375 52946 51671 50737 51674 70204 52099 73604 51676 50739 50741
hp 115
t 81175 81643 74163 74121 74164 74463 74123 74125 81053 74212 81692 74215 74684 74174 80974 74217 74134 74415 74178 81447 74562 74180 74478 74139 74396 74141 74312 74313 74101 74526 74315 74103 74613 74188 74359 74189 74190 74659 74191 74322 74450 74493 74196 74112 74453 74113 74116 74371 74372 74159
hp 78
t 40977 41320 40980 43870 41321 42681 42683 41664 41665 40985 41326 41669 65129 43879 42179 22800 41671 41331 43880 41672 42181 22802 42013 42183 41674 41675 22805 44905 22807 42187 41680 41681 22813 42024 42704 43894 41685 41005 22815 41686 42705 42706 42707 41348 41689 41349 42709 41690 44920 41691 65152 42372 42714 41014 41695 41355 65156 41357 65157 41358 65158 44928 42039 41699 42209 42040 42719 42720 42381 42721 44931 42722 42042 41702 42043 42723 44933 42724 42212 22662 42382 42384 41706 41366 62106 41707 41367 41708 41368 42730 41710 41372 41712 42732 41373 41713 42223 41374 42733 41544 42735 41715 41716 41377 41378 44949 41380 41381 41041 44951 41382 41722 44952 41383 41553 41384 22684 44954 41725 44955 65526 44956 41727 44957 41389 42749 44959 41900 44960 42580 41221 41393 44283 41394 62135 44965 41396 62645 41566 41567 44970 44972 41572 41403 44973 41573 43952 44974 42593 22705 43955 41576 43957 57728 42597 43958 42428 22029 21859 41070 41580 44980 41071 42601 41584 41585 41076 44816 41586 41588 22719 41589 41760 22210 41591 41762 43973 41765 41595 44826 41596 41767 41597 41768 42108 41428 41769 65162 41599 41430 44828 41771 41432 45002 41265 44837 26818 41779 20699 20700 41441 41781 41782 44845 22066 41448 20708 27678 41451 23434 41457 62878 41459 41119 41460 44352 44013 23447 44867 43508 44870 41640 23281 41643 23455
hp 106
t 75138 74458 75479 75480 74376 75141 75482 75142 75143 75144 75484 75146 75147 77656 75150 75151 74131 74814 74731 75456 77729 75459 75501 75502 53276 53446 75505 74784 74448 74958 74832 74323 74452 74455 75136 75137
hp 299
t 80833 80068 80069 64089 67829 79984 64093 64009 80075 80076 64096 79991 80077 79992 64097 80078 79993 80079 79994 79995 64187 80848 80085 64105 75921 64108 80174 64111 63522 63523 80016 80020 80871 63532 80873 63533 80023 80110 80029 80032 80033 79610 80036 80037 80038 63550 80041 80042 80128 80043 80044 63556 80131 80046 80047 63559 63564 63565 64075 63566 76655 63736 63567 63737 63739 63233 64087
hp 109
t 79728 79218 79730 79220 79221 79732 79561 79222 79733 79223 79734 79224 79395 79735 79225 79736 79226 79737 79228 79740 81780 79741 79742 79743 79233 79234 81785 79236 78904 79587 79250 79263 79776 79104 79105 78935 79107 79110 79280 79111 79112 78944 79284 81664 78947 79120 79121 78951 79122 79123 79124 78954 79125 78956 79127 78957 79128 79809 79300 79131 79303 79134 79305 79136 79306 79817 79307 79308 78968 78969 81010 81012 81013 81014 79825 79826 79656 79827 79318 78978 81019 79830 78984 78992 80523 79165 78995 79166 79335 79167 78999 79680 79681 79001 79002 79682 79683 80534 79854 81045 79685 79686 81047 79518 79007 81048 79860 79691 81052 79014 79526 79696 79867 79017 79698 79189 79019 79020 79191 79871 79701 79192 81061 79702 79193 79703 79194 79023 81063 79704 81065 79196 81745 79706 78857 79197 81067 79198 79707 81068 79199 79028 79029 81749 79711 79202 79205 81075 79206 79037 79038 78869 79209 79210 79211 78871 79212 79213 79214 79556 79217
hp 306
t 60701
hp 272
t 67190 63981 67212 66560 67097 65748 67237
hp 113
t 76370 76413 76456 77093 76414 75564 76415 76458 75395 76920 76459 76207 76464 76465 76466 76467 76382 76383 71496 75577 76392 71504 76478 76393 75203 75417 76437 76395 76438 77206 72149 76401 76402 76445 76403 76447 76490 76407 77133 72160 76411 76454 76412
hp 339
t 53038 53209 52104 53039 52699 53210 52700 53211 52702 52703 53215 49731 50329 50500 52285 52115 52286 52714 50420 50336 53056 53057 50337 53143 53144 50339 52550 53059 52720 52721 52722 53233 52553 52723 50342 53148 52724 51109 53150 52695 52387 53068 53239 53155 51030 50351 52731 52307 53157 53158 52904 53159 53076 53247 53162 52822 52909 53164 53079 52995 29024 53080 53166 53081 53082 53083 53169 53084 53086 52070 50967 50375 51056 50377 50378 51058 50294 53184 53100 50380 50296 50297 53187 53102 50382 51062 50383 53188 50299 53189 53190 50385 29476 52681 52341 52682 53023 53193 53195 50730 52601 29651 52517 53028 53198 53113 53029 52349 53199 52518 53031 53201 29656 52692 53202 53033 53034 53035 53205 53206 53037
hp 219
t 11139
hp 218
t 31630 50411 49710 53132
