ap 0
hp 376
 52991
ap 1
hp 377
 44859
ap 2
hp 93
t 28886 28801 50221 28802 28803 29654 29655 28847 50398 49337 29575 50401 73225 10452 30257 52996 52872 53042 52873 52874 53001 53172 73232 49560 31626 29587 10590 31627 31628 28866 47184 50415 29590 30739 31334 29636 31379 29594 10469 50250 28873 50252 28875 53144 50211 50425 28877 29600 28793 29560 29561
ap 3
hp 36
t 45564 45221 47584 26186 42911 27207 48077 42362 69563 26364 27129 45150 47765 27471 69291 42793 26728 26899 66147 48088 45496 43775 27073 27159 27266 43629 27096 26354
ap 4
hp 378

ap 5
hp 89
t 28947 31550 31526 28832 28918 30285
ap 6
hp 379
 20431
ap 7
hp 380
 20479
ap 8
hp 47
t 27076 27120 26483 20513 42997 27102 27295 27338 44529 45678 27042 43383 44871 26046 26494 26114 45410 42967 25904 20486 26202 26756 26417
hp 39
t 43461 28421 44912 27318 27064 44918 45004 26305 44920 27920 42030 45005 45006 27075 43567 42976 27253 27764 21390 42135 42903 44263 42139 27094 20634 28117 44948 42144 42995 42145 42147 26678 42148 26423 42914 20730 42150 42151 42919 26599 42834 42155 41986 27621 44962 41989 41991 27627 41993 41994 27289 26184 27036 43527 27038 28143 27124 27041 44976 42428 44214 28321 26537 26454 27308 26970
hp 43
t 27311 43546 42867 43547 26548 27315 25616 42872 26382 27403 27320 42875 44152 27323 43048 26304 24605 27325 43646 27241 26221 27072 26052 25968 27074 26310 43056 27077 25973 27078 43399 26545 27420 27251 27421 27339 27084 27340 27085 42898 26579 42900 27346 26158 28113 27009 25908 42910 44440 27271 26422 24978 43763 43594 26085 27276 26256 26427 45638 26258 43598 44194 42921 26263 27114 27285 43520 43521 27201 44202 27202 27288 43608 43523 43524 27290 26271 43526 27292 26358 27293 42933 27123 42935 26190 27636 42937 26618 27299 26279 27214 26620 42941 26282 42943 26623 25604 27050 26115 26712 26287 26203 27055 42865
ap 9
hp 59
t 77855 58826 60205 79764 77880 59042 60190 79338 58652 58665 80732 78735 77874 79616
hp 55
t 25100 196 27992 197 27314 27319 27321 25196 28426 25197 25622 27322 27238 28429 25626 26306 25627 25629 26224 28434 24611 27418 24614 24616 28101 28018 224 1584 26320 28105 225 26321 228 25134 1589 27005 230 1590 1591 1593 1594 24630 1595 44266 1596 25312 237 2958 25654 26335 25910 27950 25316 24806 26592 26593 28465 28468 25919 26347 167 26177 25327 26181 26182 25333 26353 25164 25335 26355 25165 25336 25337 25677 26359 25934 25849 44297 26023 28573 25853 25854 44301 25687 26538 25182 25098 26290
ap 10
hp 90
t 77420 35177 55025 54262 34917 51203 35779 54523 34887 34933 34977 35063 77650 54106 54318 34896 34982 54023 34899 54238 77317 54112 34945 54113 77319 77403 34947 34948 34991 35034 54203 35078 53907 34828 34914 34957 54848 34958 35257
ap 11
hp 156
t 7482 7481
hp 155
t 2470 2461 48180 2441 2367 2410 2293 2198 48799 48758 48811 8544 48844
ap 12
hp 381
 57087
ap 13
hp 158
t 19679
ap 14
hp 363
t 18370 19661 19720 17558
ap 15
hp 61
t 60376 77844 78483 79548 60233 59171 59215 59535 77875 59728 78535 59753 59162 78561 59160 59181 59182 60246 78563 60374 60225 59227 78522 79585
ap 16
hp 382
 16383
ap 17
hp 383
 73727
ap 18
hp 50
t 35640 58166 59017 78401 58513 58725 60979 58854 58259 79041 22804 58261 58857 39137 58943 60218 81256 57585 57587 17936 39867 17087 58823 59206 58400 58657 39787 59762 58786 58957 57469 59382 79613 58745 58576 19391 60235 58833 58536 19308 57601 57857 58749 59387 37670 58495 57521 60113 57564 61389 16426 57779 59097 34491 58632 14687 58717
hp 38
t 81372 59187 59188 58763 60209 58853 60043 58856 58686 58433 57924 60220 57843 58098 59033 58524 58100 57675 58866 58102 57933 58869 58529 58615 57935 59041 18582 59214 58109 58876 6516 59217 60407 57603 58540 59815 78518 57949 57697 60166 81539 58726 58557 39857 58643 57966 58478 58822 58824 58571 59166 58401 60358 61297 58832 61383 59173 58748 58834 57389 60194 58835 57815 59176 57987 61387 59177 58838 39884 59179 6568 78989 81795
ap 19
hp 384
 40143
ap 20
hp 143
t 9570
ap 21
hp 385
 32719
ap 22
hp 386
 78846
ap 23
hp 387
 73662
ap 24
hp 44
t 26206 27227 45247 69558 44229 43039 69050 43040 43042 43553 43043 46784 26385 27577 43047 26219 25879 43049 66679 43732 26903 43052 43565 27416 27417 45437 43058 43059 42891 43061 26743 43743 42384 69075 26745 26916 27425 27086 26406 42897 27426 27427 61599 46809 62280 27430 27602 26243 69253 69425 62286 43587 27267 62457 27097 69258 69089 27098 26249 69090 43590 69091 62291 26081 43762 69263 69434 69094 27615 21835 43765 26596 69096 26426 43085 44106 43256 69098 43597 43768 69439 27277 43599 26260 43770 26261 43091 27622 69103 43773 46833 47684 27457 26269 45649 26270 45141 62313 69454 26784 26445 27125 27126 27128 27640 45320 27130 27470 27642 42772 45152 27643 45154 27305 27309 43119 27310 45337 26300 46704 42461 69152 42462 42463 69154 26655 45355 45186 46718 45360 45191 27002 69332 27172 62364 27345 45367 42308 45198 45199 45370 43500 27180 45201 26672 45372 42483 62377 62379 42999 46909 43002 27362 42663 45215 62386 43006 26687 62217 27368 42668 45219 69191 62221 69192 45902 46073 43522 47602 27203 27204 69196 26017 62401 27381 27212 26874 43536 27047 69207 27388 45069 45239 69382 27393 69215 27225
ap 25
hp 81
t 50940 50771 52216 51285 50860 49161 52053 35563 51374 51969 52055 51970 51545 51971 51377 51547 49169 70420 70421 50872 50873 51385 51980 50875 50877 50878 51985 51986 50969 51989 49185 51481 51991 51992 52078 51484 51996 51488 51998 51999 70274 50556 51492 51493 52004 49200 52094 51500 49205 51501 72837 50652 51503 50824 52014 51336 52018 51509 50829 50659 50855 52020 66555 51511 50917 49217 50918 49218 50835 51518 52029 51520 51521 50842 51352 51353 50928 49228 51524 50844 50845 52035 50761 50762 50763 51698 50933 50934 51530 52040 52041 52212 52042 50768 52043 50598 50769 52044 52215 50770
ap 26
hp 388
 54076
ap 27
hp 46
t 73892 57700 57702 81377 81378 58130 81590 58344 81678 58345 57624 58305 81552 58307 81597 57841 57629 58335 58182 81048 75268 78880 81729 57759 80922 39145 78374 81561 79776 58230 58145 58316 81096 81138 58232 58191 79823 58192 79187 79782 58320 79785 57813 57644 57946 58331 58247 81537 73975
hp 49
t 78991 81798 81759 79720 80400 57620 57833 57493 81679 79851 58306 58265 79345 58308 79347 80920 58311 81390 57462 81135 58229 55381 58187 80971 79783 58023 58194 79784 79190 59131 80934 79832 57690 81704 80896 57482 81325 73888 57695 80987 81837
hp 62
t 57956 74617 76699 79845 55536 57708 56051 57626 58009 57628 81555 39142 58310 81094 58315 58273 58189 58317 74638 58279 58324 58026 39794 57985 57943 58283 79704 58327 81574 57689 39160 55523 58244 79198 81070 58035 57399
ap 28
hp 79
t 51345 52196 52220 69838 70284 71411 51333 69999 52208 69675 69825 76837 52210 52189 69807 71380 51491 77054
hp 85
t 65900 46691 31221 31222 66413 31223 47290 31226 47461 31228 66335 47551 65826 31064 30214 65914 66255 47470 31066 65916 49469 66386 31027 47179 50411 73252 49180 65883 48119 47398 50204 47955 50422 31085 49446 66318 66276 66658 73248 66320 66321 31516
hp 83
t 52217 52219 53920 51541 34968 77383 53328 54180 51546 52058 69824 34889 54696 77648 34978 34980 77651 77820 73657 71193 54193 77653 53429 77314 77655 53940 70431 77316 77401 77657 73578 54198 52076 52079 51486 51487 35128 71378 54804 34999 77585 77755 77586 77673 53535 77590 35090 77421 51498 77678 77423 69774 70115 69945 70626 70457 70286 70627 70458 54817 77768 51332 51504 77684 51505 77685 51506 51507 34932 52190 49725 51512 53892 53382 77692 52194 70639 35790 51516 52197 51517 53898 52200 71410 52201 51522 52032 52203 53563 71413 71412 76852 53905 51355 52209 71251 52213 77628 71423 34959 77545
ap 29
hp 45
t 78480 64968 78487 59619 78489 79424 58685 79425 59621 79426 78492 79428 79344 78749 51040 63876 79431 59202 79602 51128 79603 24098 64814 78585 79606 78734 79608 60398 78249 79610 80036 79611 59806 22748 58788 79615 77832 64232 79363 59473 65508 60069 34741 59476 59816 59478 60413 79624 65004 60414 60373 59140 59397 59823 64923 59824 78270 14690 79376 78272 59487 80822 65013 37727 78188 59574 59829 80484 59404 78275 78277 59918 78278 78448 59493 80573 59409 22604 77854 79470 59836 77857 58817 78198 59073 78793 78284 58819 78285 78201 59842 80837 59163 79479 65030 59335 60100 79396 59761 77867 59167 80759 79484 61380 78465 59852 77873 78554 80849 64954 78470 60111 59010 78052 78987 80772 6482 65218 60204
hp 48
t 42440 61566 69046 42314 65987 26250 66200 66243 27101 42657 45167 43298 42448 27106 42620 26683 27619 27110 68618 68677 66681 27369 69403 66770 43353 69448 27883 61586 66814 46796 45182 45140 66646 69495 61505 49989 43104 43106 48377 45785 45148 42853 26195 27853 26665 68825 27049 62410 45325 45240 45071 69381 43287 61519 27435 62414 24589 26673
ap 30
hp 53
t 7378 18174 6912 4830 7041 6745 19879 7001 19709 4327 5773 6836 80574 6117 5692 4334 6930 7058 7059 18959 7315 6934 4471 7063 7021 7064 6939 4262 7238 7281 7453 6944 16039 24455 7370 19653 6564 21013 17953 6606 6607 7329 19826 18339 5505 7335 6442
hp 153
t 9225
ap 31
hp 389
 65422
ap 32
hp 390
 56590
ap 33
hp 362
t 56415 56809 57238 56825
ap 34
hp 391
 24575
ap 35
hp 301
t 69642 71174 77040 72537 76532 71177 71179 72625 72626 72542 77387 70927 72628 75604 71186 71188 69658 71189 76289 76374 76290 71190 71191 72636 76292 76377 75697 76378 71194 76294 71195 76295 76976 71196 76296 76297 75702 71198 76298 71368 76299 76384 75535 76300 76301 76981 72561 76386 76982 76472 76387 72563 76303 76388 69673 72564 75623 69847 72652 71209 71379 69850 71210 72572 69852 71213 69853 69854 76399 72575 70620 75636 72664 71220 69864 77090 69866 69699 71315 71232 69874 71235 69875 75656 71237 71239 77022 71243 71414 71420 71421 76352
hp 100
t 72148 80563 75804 72661 72662 79678 80485 72666 79977 78065 71822 72672 72673 71993 63367 72674 72675 80496 72676 79945 72677 79946 72678 76164 64053 76165 80501 76167 63376 71834 80037 64184 75829 75830 72685 75831 75832 72687 76172 76512 75833 76173 76513 75834 76174 76515 80850 80510 75793 79619 71884 76175 75835 80895 80470 72566 63556 75839 63516
hp 303
t 63607 71854 67776 63612 67778 63613 67779 63615 67781 67782 67783 67785 80110 67786 67703 67789 80030 67791 63881 67792 67707 71873 67793 67796 67797 67798 63548 67799 63549 67801 67803 63553 67804 71714 71885 67805 75795 67806 75796 67807 64152 68829 67812 63817 71895 75805 75807 63567 71901 71903 63573 63574 63489 67825 75814 67826 63491 67827 63577 63578 67829 63579 63580 63920 71915 75825 75826 67837 63757 75828 67839 63504 63934 63509 63595 63510 63596 80171 63682 71756 63512 71843 75837 71928 71844 63514 63685 71930 63515 63686 63600 63687 63517 63604 63690
hp 269
t 41336 42187 41677 41168 41678 41679 42020 41342 22813 22814 41344 41345 22816 23325 41346 23327 41688 22819 41349 42029 41350 41351 41352 41353 78753 41354 22825 23334 41355 41356 22656 22827 22657 22658 42209 41698 41699 22659 22660 42040 41020 41021 22832 42042 22833 41703 22663 64824 22835 23345 22836 23346 41366 22667 23347 22668 22839 41368 22669 22840 41369 22670 22841 42049 22671 22842 42051 41711 23523 41371 42053 42052 23183 22674 22845 23526 22847 23528 23018 22678 41379 22680 41380 22681 41381 22682 22683 22684 22685 42236 23536 23026 78786 42238 23539 22859 41390 23542 23545 41739 22700 22701 22703 41744 59936 78806 41406 22198 41408 41750 41410 41411 23052 41412 22712 22717 41588 41421 41592 41422 41423 41594 65228 41600 41601 41602 41432 41603 41433 41434 60135 60136 41776 23079 41440 41780 41441 41781 41612 41442 41782 41443 41783 41614 41444 59634 41784 41445 41785 65416 41786 59466 41446 41787 41788 41790 41451 41791 23091 41452 41453 41624 41454 62534 41455 60158 41633 41634 41635 41636 78186 21237 41638 23109 7131 41644 41646 22606 41647 21247 40968 21929 22610 78714 22616 22448 65120 23130 22453 22624 41665 22286 22457 41669 41670 22971 21781 78732 22632 22802 41674 23145
hp 272
t 65534 62541 62728 59615 41186
hp 323
t 21574 21993 24284 23941 24286 24313 24292
hp 169
t 26280 26334 26138 24600 27581
hp 68
t 4871 5041 4872 835 4873 5044 5002 881 28209 4962 20985 798 4879 491 28211 4964 5007 4965 5008 5009 5011 4888 4931 4973 21293 4974 768 4975 471 772 773 476 774 5110 777 820 821 779 822 949 781 951 909 825 783 486 4864 4907 4992 828 786 488 829 787 4867 831 789
hp 181
t 25780 25611 28119 26594 28464 27789 28640 26047 25666 26007 27791 25625 26307 26010 26012 27967 25120 25972 25122 25676 25123 25166 26058 25124 25167 28438 25975 26060 26016 25847 25637 25978 26021 27976 24619 26319 25980 26024 26025 26027 26029 25647 26159 25820 24631 25950 24633
hp 175
t 20586 20596 4883 20480 20481 20651 20589 20570 20572 20583 20530
hp 305
t 47430 46949 47006
hp 298
t 80456 80499 80309 75975 80203 63523 63525 79954 80019 80465 79999 63532 79980 63554 80025 79941 80876 80005 79942 79964 80304 80220 63539 80476 80031
hp 174
t 4320 21044 4321 4322 21153 4218 4240 4220 21199 4200 5689 21014 24457 21078 4208 6951
hp 331
t 45189
hp 78
t 71001 67136 66945 65713 65779 49226 70987 50758 49229 50144 49187 72925 73668 72827 49402 72820 70998 50723 49470 73610 71360 72910 50938 65750 65751
hp 103
t 79628 79714 80394 80564 79715 79459 79631 80354 79718 80482 80356 79719 79803 80526 79677 79721 79551 79722 79297 80572 79723 80403 80530 79725 80575 79726 79727 79303 79304 79176 79690 79775 79225 79312 79271 79186 79527 79230 79656 79188 79275 79618 79620 79706 79621 78898 79325 79708 79792 79329
hp 180
t 344 260 261 432 264 392 10 265 437 352 396 354 355 441 356 271 442 357 444 359 402 445 403 446
hp 324
t 21617 20896 21660 21618 21661 21704 21619 21790 21662 22216 21663 42192 22303 21966 21586 21756 21587 20865 21672 21629 44964 21631 21930 21590 21931 21597 21598 23170 21640 21599 21683 21641 21897 21642 23045 6428 23174 21901 21648 21649 21608 21651 21822 21652 21696 21654 4233
hp 82
t 49240 49328 72875 51456 52051 49247 49333 49248 49163 50779 64382 50782 51972 49258 67109 51384 52064 49259 51979 49260 51981 50876 51983 49263 46630 51477 49182 49493 72816 49356 66442 49867 50038 49190 50890 72822 50892 50215 50726 49535 50046 50896 49452 50897 50814 49199 73171 72831 50902 50223 49459 50224 70455 52095 52010 50396 51338 51596 50832 49220 50836 49221 50241 50413 49223 50244 50245 49565 50247 49908 50759 50164 49230 49231 50847 49489 50764 49404 49234 50255 50851 50936 50937 49494 49155
hp 263
t 62332 62375 62417 62333 62335 61487 62848 62339 69184 62300 69188 62388 69230 69189 69190 69360 69320 69194 69321 69236 69364 69195 69366 69367 69156 69199 69028 62357 68647 69370 69328 62402 69329 69244 69203 69286 69245 69204 62404 69374 62405 69375 62406 62363 62407 63214 69165 69294 62368 69168 69380 69213 62370 62285 62415 62373
hp 185
t 26120 27480 27396 26292 27482 26293 26208 26122 27398 26209 26123 27399 26210 26294 26124 26211 27484 26125 26212 27572 26296 26213 26126 26297 26214 27486 27404 26215 26127 27405 27576 27488 27406 27489 26129 27407 26218 27578 27491 27579 27492 27493 27494 27495 26136 26222 26137 26223 27499 27500 27415 27490 27501 27502 27503 26909 27419 26910 27505 27424 43405 43406 26918 43749 26920 26921 26156 26922 27433 27181 27437 26928 27609 27439 27610 27527 26680 26935 27564 27363 26939 27394 26943 26179 27395 26266 27456 27543 27458 27459 27630 27460 27461 26187 27633 26189 27635 27465 27468 27384 27469 27487 26298 26112 27303 27558 26113 26116 27476 27647 27477 26288 26299 27478 27392 45752 26119
hp 227
t 76357 76869 76870 75766 76361 76872 76362 76873 76958 77808 77384 76876 77046 75772 75774 71185 76880 76540 69826 77051 75607 76967 69828 72634 76885 75610 76375 76886 77055 71275 69831 72552 72637 75612 76889 75699 76890 76975 69666 76977 71197 69837 76979 75619 76385 75707 76473 69844 76391 71207 77072 69848 71208 77073 69849 69851 69769 77079 71216 75721 71217 75638 71219 75044 75725 75641 75643 75728 75644 76324 75134 69865 70631 75647 69867 69868 69784 76924 69870 77095 77011 77096 75567 76927 69872 76928 77012 69873 69793 76848 77104 71324 69796 76938 77110 76857 76858 75584 76945 77032 72613 72614 77119 75590
hp 105
t 77036 76360 76531 71176 76192 76363 76194 76364 76368 76114 76369 76370 76371 76542 71187 76372 76543 76373 76376 76293 76464 76465 72640 76380 72641 76381 76382 76468 72643 76383 76469 76470 72645 76474 72565 76305 76306 76392 76393 75629 76479 76394 76480 72655 76395 76311 76396 76481 76397 76483 76484 76485 76486 76148 76488 76489 76404 76149 76490 76150 76151 76491 76492 76493 75559 76494 76154 76495 76155 76496 76497 76413 76499 76414 76500 76415 76501 76502 76503 76504 76507 76509 76340 76510 75665 76516 76432 76433 77029 72611 76521 76524 77035
hp 229
t 37599 38624 39815 58432 58688 58434 39821 38547 58522 58437 58438 57929 58525 58526 58441 57932 58528 58443 57934 58104 58444 58445 61336 58616 58106 58446 38556 58107 57767 58448 38388 58534 58619 58449 58451 59386 58452 58453 58539 58454 61345 58455 38566 58457 58458 38569 58544 58459 58545 58460 58631 58546 58461 58547 58462 38573 58463 58549 58550 58469 58470 58641 58471 58472 58558 58473 38328 58559 58474 58476 39776 58477 58563 58650 58480 58567 58482 58483 58569 57889 58570 58572 58487 58573 58403 58660 58490 58491 38346 58492 58493 58408 58666 38606
hp 101
t 80861 80182 71683 63524 79419 72619 71855 67777 63614 67780 80870 80871 79939 63534 75776 79943 63538 63624 79944 71699 72125 71700 63542 80034 63544 63884 80884 80716 80377 80717 71707 71878 80379 80719 80720 80380 64231 80126 67802 80723 64233 71717 63644 80050 80305 79118 71894 71725 75806 71727 63569 67820 75809 75811 67822 67823 75817 64089 71909 71911 64006 71912 80157 71913 71914 75824 80076 75827 80079 71749 71920 71923 63508 80168 75836 63511 80852 71758 79918 64364 71759 71931 63519
hp 265
t 21584 21759 21034 21588 21630
hp 326
t 24312
hp 164
t 323 329 415 161 162 28425 28428 28471 28473 28433 28476 257 131 174 258 28478 133 176 92 135 93 136 434 137 180 435 138 181 308 140 183 438 141 268 310 142 312 143 186 313 144 314 145 146 189 147 190 997 317 360 318 106 191 107 319 362
hp 261
t 41676 42442 42443 62674 42444 42359 62676 42361 42447 42363 42703 62849 41004 42364 62084 41005 42450 41006 62766 42367 41007 41687 42368 42455 42457 42712 42203 42372 42034 42460 62691 42036 41697 42377 62353 42378 62694 62524 42039 42381 43912 41701 41702 62697 62359 42044 42555 41705 41025 62531 41026 41027 42474 41709 41029 65425 44006 62622 42392 44943 43669 62539 42650 42735 42395 42313 62543 62374 62714 62544 69177 43848 62548 42064 42405 62551 41386 62552 62553 62554 62555 43856 62642 62644 62390 44031 62649 41655 41570 62567 69368 62569 42002 40984 40986 42177 42432 41583 61472 62238 42434 42438
hp 165
t 280 366 367 283 371 342 259 302 346 262 390 8 263 9 266 394 353 56 439 99 397 992 440 270 188 358 19 1422 62 1763 998 361 363 321 364 322 365
hp 182
t 44608 28246 44609 44567 44610 44143 44569 44612 44570 44188 28208 5004 44572 44190 44573 44488 44191 44574 842 44575 44745 5053 28216 28217 28219 850 44200 28009 44584 20488 895 44586 44035 44589 44591 44209 44592 44635 44593 903 44594 44212 44298 44596 44597 44598 44216 44599 44472 44600 910 44601 44134 44220 44603 44221 44564 44565
hp 97
t 79160 57741 57489 57406 57407 78998 57409 57412 81807 57413 57414 58945 59115 57415 58947 58948 58949 57419 81219 57420 57591 57760 57421 57422 57423 59123 57594 59125 59126 60232 57512 57514 57346 58878 57348 57352 57353 57524 57525 58971 57355 57526 57782 57443 57360 57361 57362 57364 57365 57366 57367 57368 57370 57371 57374 57376 57377 60357 57382 78210 57385 57386 57558 57388 59089 58667 57563 57396 57738
hp 290
t 60208 58848 58849 59763 59870 59190 60401 58873 59192 59872 59873 59810 59875 60109 60046 59813 59878 59814 60219 59137 60200 59817 60201 59139 59246 58864 60203 59184 59185
hp 254
t 4307
hp 293
t 66687 69386 69450 66815 68983 69451 69452 69581 69115 69582 69625 69498 68903 66630 66651 61509 69500 69458 69628 69503 61520 66723 68934 66683 66641 69616 68915 69575
hp 228
t 38520 38350 58442 38500 57891 38415 57925 58105 39790 57982 58439 58450 38562 37893
hp 271
t 78736 78739 59699 79421 78741 65141 78743 80787 78748 62089 64130 78750 64131 78751 59717 65158 80799 64819 78760 78761 63464 60406 78768 78769 41030 64830 41031 78771 59392 59393 78773 59733 59394 78774 59395 59735 59396 65176 64836 59398 78779 59400 65180 59401 59402 78782 59742 59403 63483 78784 65185 59745 59746 59407 59747 59408 65188 78788 59749 78790 65192 59752 64513 22693 59414 65194 59754 59755 65199 78799 65200 65202 64525 64865 65205 64527 60107 65208 78131 78473 78817 64881 64542 59784 78825 78147 78829 64891 59793 59454 59794 59795 59456 59796 64896 59797 65238 59798 59799 22740 59462 78162 59802 78164 78844 59805 22746 59807 64907 59469 22749 77830 59472 64912 77833 64914 78174 78175 64915 65255 59477 59818 65258 59479 59819 59820 22760 77842 59482 22764 78184 78185 59825 77846 22766 59826 59827 78187 22767 59828 59489 59490 59830 59831 59492 78192 59832 65272 78193 59494 78194 59834 59495 78195 59496 78196 78197 59837 59498 65278 77859 59839 59500 59501 59502 78205 64606 78206 59507 78207 64608 59508 59509 64609 59510 64610 59511 77871 64951 60192 64613 59513 59514 64614 59515 59516 59517 59518 41838 59519 59524 59525 41848 59531 77892 41176 59536 78237 62938 41858 59540 64980 59541 59542 59543 59544 64984 59545 64985 59546 78246 59547 64648 59548 78250 65330 64992 78596 59556 64996 64657 78256 64997 41198 59559 64659 64999 59560 78260 78601 78261 65001 59562 65002 78603 59564 59565 77925 65005 59567 64667 59568 78609 78610 59570 77930 78611 78612 78273 64674 78614 78274 61955 59576 78619 78279 78620 78280 78281 78623 78283 65023 59584 65024 59585 41905 64686 59587 59588 78288 59589 78289 59590 78290 59591 78631 78632 78292 59593 78633 59594 78294 65374 59595 64695 78295 64696 59596 65375 78297 78298 65038 41918 78639 41919 78640 59600 78300 78301 64702 78642 59602 78643 64703 78303 78644 78645 65045 78646 59606 78647 59608 64028 59609 59610 78310 78651 59611 65051 63352 78652 78653 64713 65053 78654 78314 65054 78315 65055 59616 59617 65057 78319 77982 78322 78323 65066 59628 59629 59630 64050 59631 65072 78335 41955 78676 65076 65077 78678 65079 78000 78682 65082 65084 59645 78005 59646 78008 65088 78690 65430 59651 78692 78696 78697 78698 78699 41642 59663 78707 79388 64768 65448 64770 64774 78716 64777 64778 78720 64780 78721 78722 64782 78723 65124 78725 64785 65125 78726 78727 65127 78728 79408 78729 62749 64790 78731 63431 64792 65132 65135
hp 248
t 72425 67896 68579
hp 187
t 3017
hp 270
t 78226 59526 65136 62756 65137 78228 65138 78229 65139 65140 78231 65142 65143 65145 78236 64806 65147 78238 64808 78239 64979 65151 77902 64132 65494 62776 41867 79437 59888 78248 60397 79609 79439 59550 41870 59891 78251 78762 78593 59893 64823 59896 59726 59557 78257 59897 78258 59899 78259 78600 77920 78602 78262 78092 78263 65515 59566 78776 78268 78269 59569 78271 77933 65354 65524 77935 65184 78276 65528 65019 65189 65190 80830 59411 65022 78622 78282 65193 64514 65025 65195 65026 59416 65027 78287 65197 65028 77949 59419 78291 78293 78464 65133 78296 78466 78467 78468 78469 78641 78471 78302 65042 78472 65044 78304 78305 65046 59436 65047 78307 78477 78308 65048 78649 65049 78309 65050 78311 65052 78312 78313 78655 78316 78317 78318 65061 78321 78491 65063 78324 59457 63368 65068 65070 78500 78501 65073 78163 65074 78334 77824 65075 59636 77826 63377 77827 78508 77828 77829 79360 64061 77831 78511 64063 78173 78004 77834 77835 79366 78006 79367 77837 77839 22759 77840 59480 65091 77841 59821 65093 77843 59483 78014 77845 59486 65097 77847 65098 77848 77849 77850 77851 79382 79384 65106 77856 65108 77858 60178 65109 78199 77860 65111 77861 65112 77862 65113 77863 65114 78203 78204 64775 79395 65115 65116 77866 65117 59506 65118 77868 65119 77869 59680 77870 59681 59683 78724 64784 60195 79406 79407 65128 78049 78730 78050 65130 65131 59521 60372 64962 59522 59523 65134 78225
hp 216
t 6818
hp 262
t 62591 63189 62680 63192 63193 62684 63195 62687 62609 62864 62867 62528 62868 62529 62530 41197 62872 63212 62873 63213 62875 62535 62621 62536 62706 62623 62538 62879 62545 62634 62549 62464 62550 62636 42323 61448 62641 62897 62643 62898 62729 62558 62559 62900 62646 62901 62561 62817 41057 62903 62734 62564 62566 62907 62568 62570 40981 62911 62572 62744 62576 62577 64957 62579 63090 62498
hp 113
t 80903 73955 57615 79737 76679 81099 75320 75321 76682 76684 81124 81021 81148 73924 80961 81535 80962 80985
hp 171
t 42951 42866 43589 44438 42909 42868 43591 42869 42956 42871 42957 42873 42916 42959 42874 43554 44192 43767 43766 44193 27361 42491 42920 44238 42836 44197 43730 42924 43774 42925 42928 43566 42929 42844 42930 42845 42888 42931 43738 42846 42932 42847 43740 42934 43529 43530 28061 43531 27001 42854 42940 42856 27387 42942 42857 43282 42858 42901 42859 42906 43585 42948 43586
hp 338
t 69387 45168 69097 69440 69441 69442 45217 69060 69443 69401 69061 69402 69445 69446 69404 69065 62394 69449 69237 69323 69238 69069 69281 69239 69112 69240 69071 69283 69241 69412 68988 69243 69117 69420 69421 69426
hp 302
t 80860 64200 64201 64202 64117 80863 80864 64119 80184 64204 80865 80866 80867 64122 80187 80868 64123 80869 64124 64125 64126 63277 64127 80874 63536 80877 63878 80879 63540 63541 80712 62947 63882 64308 63543 80883 64224 80204 63545 63885 64225 63546 63886 64226 64227 63547 80207 80885 64113 64145 63551 64146 61682 64148 62704 62194 64149 80048 64115 63558 75798 62199 64154 61521 64156 63307 79967 64157 64072 62542 64158 64159 64161 63568 64081 64082 63232 64168 64084 75815 64171 80833 64173 63239 64175 64091 63241 64178 80839 64180 79992 64183 79995 63506 64188 64189 64190 64191 63938 80853 63513 63259 80855 80856 80857 64114 64199
hp 65
t 5040 4874 4959 4875 4876 28167 799 4880 630 885 4881 4966 5052 466 891 4971 639 4210 811 4891 474 817 788 818 478 28274 21389 904 4900 905 906 4222 908 4564 911 4908 4909 830 4910 915 4996 492 4913 834 4999 5000 496 4916 5001 840 4750 5006 28213 928 28214 28215 4926 770 5020 944 775 4600 690 776 778 865 780 866 867 782 952 953 784 869 954 785 4865 21270 4866 957 4868 21274 4869 4190
hp 277
t 73255 31159 73258 73216 73241 73221 66464 73243 73222 66423 66466 73227 73228 73229 31515 47177
hp 334
t 69400
hp 96
t 79248 79334 79249 78995 79250 78910 79165 79251 78911 79591 79252 79167 81802 79254 80529 79255 79001 79086 78577 79513 79259 79599 79260 79515 79346 79264 79350 79265 79266 79521 79267 76717 79268 79269 79524 79270 77996 79526 79781 79698 79273 79359 79274 79530 79532 78427 79278 79703 79533 79279 79534 79705 79535 78856 79707 80388 79793 78860 79456 80392 79457 78864 79544 79716 78866 78867 79038 79294 79295 78870 79298 79724 79299 79301 79216 79302 79220 79731 79306 79221 79816 79307 79222 79477 79308 79223 79224 81859 79310 79480 79226 79481 79227 79482 79313 79228 79483 79229 79742 79232 79658 79489 79320 79235 79576 79491 79577 79152 79238 79153 79836 79496 79243 79159
hp 111
t 79564 79436 79522 79523 79311 79566 79614 59194 78446 79531 60237 78215 79448 79427 60240 59900 60410 79429 79561 79604 79562 79520 79309
hp 299
t 72555 72684 71261 76193 76534 76449 76238 76514 76366 76409 72627 79960 76539 72650 71293 76522 76523 80540
hp 260
t 40997 42357 40999 42700 41002 42707 41348 65489 42370 62686 62601 42371 41692 41013 41693 41014 41015 62775 41696 41016 41357 42037 41017 41018 41358 41019 62610 42721 42382 42722 42383 42724 41708 62707 62708 42393 62709 62710 62540 62711 42396 62716 62546 62717 62632 65352 42407 62638 62640 65361 62556 62557 42413 42414 62645 42074 42415 62904 42419 62906 40978 40980 40982 40985 41667 62578 40989 42691 40991 42692 62667
hp 300
t 58846 58847 79375 60377 60378 60379 59147 60211 59022 58642 59152 58644 59154 58859 59199 58732 58690 59881 58820 58694 59164 58868 60228 58827 60231 60189 60403 59384 58875 59172 60405 58877 59175 60196 58879 60239 58836 60197 60368 60198 60412 60202 58973 59141 58845
hp 106
t 80520 80013 80566 79632 80567 79633 79635 80570 80825 79296 79679 80826 79637 80488 79469 79300 79627 80746 80491 79471 79348 80838 80841 80843 79318 80848 79362 80765 79321 79364 80767 79365 79323 79625 79668 79626 80816 80859 80733
hp 166
t 42403 62870
hp 107
t 80183 80014 80186 80018 80020 80022 79343 80024 80027 80801 68817 80041 80721 80722 79957 75792 80724 80894 80469 79451 79622 80047 80560 80051 80561 80735 80565 63736 79634 79550 80145 79976 79891 79978 79468 80489 80745 80490 80747 80832 63238 80835 80836 79987 80754 80840 80756 80586 63162 80503 80844 64100 63762 80592 80508 80766 80851 80002 80003 80004 77879 80854 80006 80007 80858
hp 274
t 78227 64670 64160 64926 64672 63951 65523 80781 64971 64166 65186 65314 80827 65529 63533 64851 63874 79430 61793 80791 80878 63879 79434 79605 68811 79607 64859 77865 79438 64989 80842 80758 64310 79399 63505 64313 64059 80762 61849 63974 64230 80764 63552 78046 64235 65129 63896 64194 80813 79370 80814 64580 64071 79372 64030 79373
hp 69
t 44821 44396 44822 20597 42188 20598 20684 44995 42190 20600 44316 20686 20601 42193 44828 20603 42195 44915 44917 44921 44327 44923 44839 44160 44841 44843 44338 44339 44340 44510 44181 42056 42057 44951 42146 42185 45040 45041 44956 44361 20646 20647 44958 44873 45044 44959 44960 44963 42159 44966 44967 44968 44969 44204 45055 44970 44971 44804 42084 44977 44979 44894 44809 44980 44981 44896 44982 44897 44812 44985 42180 42946 44986 44902 44904 44819 44905
hp 226
t 58548 6869 78524 6870 58551 57446 59359 57745 59701 58724 58556 58514 59110 58516 58517 58645 58646 61408 58519 58649 58651 58481 38422 58654 58527 6848 58486 58658 58700 58871 59083 58701 58872 58447 58702 58661 61381 58703 58874 58662 58663 58535 57345 57770 61385 60369 58456 58542 58670 58712 58671 58543 58629 38400
hp 102
t 57528 79756 79164 79849 79133 79729 79730 79732 79774 79733 79817 79734 79819 79735 81097 79738 81098 79739 79824 79740 79825 78976 79699 79826 79741 79700 79743 79827 79701 81104 79786 79829 78980 79787 79830 79702 79788 79831 57604 80900 79747 78986 79709 79710 79157 78988 79711 79158 78990
hp 340
t 21191 21934
hp 276
t 49219 49166 49188 49592 49168 49184 50939 49186 49197
hp 339
t 62331 62418 61917 62427 46024 69399 43220 45940 69318 69405 69406 69407 45862 66095 45185 43145 62442 69413 46719 69414 62444 69415 69416 69417 62447 69418 69419 69334 45195 62450 69335 69166 45196 69422 69082 69423 69424 61774 69085 69086 69172 69427 45202 69342 61948 69428 62288 69429 45373 62459 69430 45204 69432 69092 69433 69095 69435 45210 46061 69351 62384 69101 62387 62304 62220 69361 69107 62307 45223 62223 43184 62395 45228 45230 62403 69205 45321 45159 45245
hp 234
t 58144 58239 81588
hp 268
t 23149 23150 59304 41856 22654 41868 41869 59635 41360 22662 41365 41789 22837 41367 64998 65339 41370 65170 65175 65006 41376 41377 41378 65178 59399 41891 65181 65182 41383 59236 41387 41388 41389 41901 41391 65191 59247 23041 65201 59932 60102 23043 22704 65204 6556 59766 59937 23047 41747 59938 59939 65041 59941 59943 59604 59945 22715 23055 60116 59607 60117 59437 59777 60118 59778 59439 60119 59779 60120 59780 60121 22552 22721 60122 59613 60123 23063 60125 22725 60126 59787 59618 60127 23067 59974 60130 59622 59792 59623 22563 23073 59624 59975 60134 59625 23074 23075 59626 22754 23076 59627 23077 22738 60138 23078 59460 60140 59800 59801 59632 60141 60142 59633 23082 60143 59803 59972 7104 22575 59804 60144 7105 41615 7106 59637 60146 59467 65078 60147 41447 60148 24448 60149 65080 59638 60150 65081 59639 60151 59641 59642 22752 59643 65083 22753 59644 60152 22413 60153 60154 22755 24454 60155 59475 65087 59647 60156 60157 22757 22758 59977 59980 59987 22761 22592 22762 22593 59822 21742 22763 59484 22595 23104 23105 22596 65265 23106 22597 59996 59997 22598 22768 22599 59982 22769 22600 7129 22770 22601 59321 22602 22772 22603 59833 22773 23085 41645 22774 22775 22607 22608 23288 23118 22609 59838 23119 22779 23290 22780 22611 22781 41821 22782 22613 22783 22614 22615 59845 22617 22618 23128 22619 41829 22620 22621 23131 22451 22623 60023 22455 41666 60026 23136 65126 23137 41668 60028 41951 60029 22631 41671 78733 22635
hp 177
t 28331 44737 28333 28334 28335 28096 44076 28097 28014 28098 28269 28099 28439 28100 28271 28272 28102 28107 28278 28112 28284 28456 28203 28118 28120 28291 28122 28123 44447 28128 28129 28130 28131 28302 28132 28472 28133 28134 28475 28136 44627 44796 27968 28140 28311 28141 28312 44037 28142 44463 44465 28317 27807 44043 28063 28320 28322 44048 44049 28324 28325 28326 28072 28327 28158
hp 80
t 49157 49158 47459 47462 65825 49336 66336 49505 49507 31488 65828 49170 31152 49172 49174 66345 66515 49175 49176 49177 65837 49688 49179 31161 49861 31162 49693 31164 49696 50037 31167 49698 66018 50208 49699 31510 50210 49702 31172 50214 65856 49708 65858 49709 50219 31521 66033 31524 49715 47505 30337 66549 47171 31532 49895 31368 65879 49732 47356 65886 47357 47358 31548 49739 50423 50253 50424 50254 50085 73374 50426 31046 28836 50427 31556 47537 49408 50428 47200 47546 47377 73218 47548 31229 66420 73220 31230 49421 49422 73223 47383 66425 47385 65915 73226 66427 66428 31068 66598 66429 30728 49430 73230 49431 66432 31072 49432 31073 49433 30223 49435 73405 31076 30738 73238 73239 30740 47402 47742 31083 73244 49445 30746 49447 49449 49450 49451 49453 73254 49454 66285 47416 73256 73259 73260 65952 47428 65961 47436 47437 47438 66479 50160 50161 31122 49992 49993 50165 46595 46597 47449 49152 30962 50173 30963
hp 168
t 31263 46955 47637 31281 46905 47660 47592 47930 46953 47623 31250 47688 31251
hp 176
t 45673 44059 44739 44740 26552 44742 28082 28423 44747 26560 27922 28008 44670 27925 44755 27926 27929 27931 25126 26577 26325 26580 44432 44093 26584 44434 26585 44437 44439 27781 44441 44442 44613 27783 44614 27614 44444 44615 44445 44616 44446 44617 25662 27959 25665 44453 26604 44625 44455 44458 44034 27971 44461 44462 26528 44039 44464 44040 44466 26617 44042 26532 44468 44044 44469 44129 44470 44046 44131 44132 44473 44133 44474 27985 44050 26540 44051 25691 44476 27987 44477 44478 27904 44479 27905
hp 264
t 23108 22594 22639 21057
hp 64
t 44611 44654 44399 44189 42958 20645 44744 44830 20648 20649 20650 20653 44199 20654 44201 20656 20574 44161 44293 44295 44210 20581 20667 44808 44299 20584 44300 44215 26536 44387 44302 20588 44218 44219 44178 20593 20592 20847 44222 44137 44180 44223 20594 44861 20595
hp 84
t 71000 70493 76868 69644 71218 54134 77041 71432 77381 71604 76835 76878 70461 69994 53888 69655 76838 54016 69829 51936 71233 54191 70596 51939 77439 35068 34942 69794 69752 69795 51435 71241 69839 71371 51269 35546 35036 69674 69761 76859 69762 69763 69806 71211 71466 51449
hp 110
t 79336 79337 79316 79657 79636 79317 79340 79319 79638 79322 79324 79643 79686 79664 79665 79623 79326 79645 79305 79666 79646 79667 79327 79647
