ap 0
hp 368
 61183
ap 1
hp 369
 53048
ap 2
hp 90
t 58839 59945 23568 60587 59334 59292 61396 60717 60187 57467 61293 59019 59317 59934 59020 61189 59385 59344 60365 60005
ap 3
hp 37
t 74968 73736 74586 75098 75014 74929 74887 75482 24185 75227 75401 74848 77781 77653 75444 54833 77656 53475 74769 74344 80422 74174 75408 74006 14379 76941 17781 75116 75117 74352 75009 74396 74948 74141 74949 81282 74058 75419 74144 74315 75208 77674 75209 33007 75594 74149 75129 74491 75511 75215 74409 74664 75216 74623 53374 74581 77132 23073 75349
ap 4
hp 370

ap 5
hp 83
t 21446 44413 44709
ap 6
hp 371
 20472
ap 7
hp 148
t 15617 15404 15681 15619 16363 15450 15641 15663 15623 15667 15796 15627 15648 16371 15712 16246 15630 15651 15801 15846 15677 20290 15657 15807
ap 8
hp 36
t 47853 47430 30516 47686 31452 47772 47433 31368 49815 32135 47181 47437 45313 47268 49648 47780 48120 31801 47951 46932 47612 49823 30784 45410 46856 47791 46347 47367 46689 47284 47796 47371 47457 47203 30203 46779 47714 47885 48055 50010 47801 47716 47717 31447 47718 47719 46870 30721 30552 47637 47383 47638 47723 47384 66424 48064 47766 47556 47131 30556 30557 47132 47387 30473 47133 47388 30559 46879 47900 47390 47902 47138 47393 48584 47819 47140 47395 47907 47142 31163 46973 30485 48251 30912 30913 47148 47744 47830 47745 30916 47831 30831 30746 47746 49618 46899 46560 31430 66365 50301 47752 46903 47584 47839 47924 47925 30500 49966 45121 30586 30842 30759 49715 47676 48187 47592 47593 47935 47170 47936 30766 47257 47767
hp 38
t 30598 49640 30771 30601 47432 73442 30603 47435 31456 31286 66477 30608 31459 47609 47950 31291 31292 30612 31633 30613 30954 30614 30787 30957 47788 50001 30621 46943 30623 49665 30966 66497 50007 30968 31308 30632 47124 47125 30635 31656 47636 30637 46960 47812 32002 47813 47815 47135 46116 32006 30817 50027 30989 29800 47820 31160 47822 47824 31844 46974 47145 49694 26747 30488 47149 47833 30494 30495 49706 47838 30839 50049 47677 31189 48020 30511 31702 30173 30514 50064 30521 47521 50071 47182 30523 30183 31373 47864 47523 48374 31205 30185 30526 30867 30188 47534 31214 50084 46855 47364 47535 47032 49923 47713 46357 47549 47890 30553 46873 30554 46877 47729 50110 73233 30904 47734 45185 47905 73235 47906 49946 31076 29887 32098 30909 47740 47571 30741 31593 47915 30576 46897 30577 47917 47747 47578 47920 47750 47581 49621 31771 30582 30923 46733 46904 46906 49627 69518 73258 47760
hp 43
t 30853 47769 48109 30939 30769 31449 31280 47771 30260 31535 47092 66555 30517 47857 30520 31201 30776 47776 47777 31372 31287 49818 31118 47524 47779 50074 30609 49650 50076 49567 46509 32145 46680 31975 49657 30617 47196 30111 31388 46945 46691 46946 66071 30629 30887 47802 66502 47632 47123 47464 47379 45085 47126 47381 47382 47128 47129 47810 30470 30725 30981 30982 50533 46878 30558 30048 29964 30304 48070 50281 47392 49943 49944 30225 49520 47735 32690 47141 47566 30735 47736 47567 47144 47570 31931 47912 47147 47403 30743 30829 69589 45704 47150 50380 31766 30832 30493 30748 49620 49961 31007 73253 47499 47754 66540 47755 30841 46567 47673 49629 46654 49630 50055 46826 29996 31443 31698 30763 47084 31445 31531 73437
ap 9
hp 55
t 47854 32129 47770 32131 47690 48201 48204 30271 31462 48208 48209 46849 47614 31465 31467 46854 32150 32491 31131 47792 31473 48219 47794 46860 47795 47710 48221 31476 31222 32157 46947 46863 47799 47800 32160 46950 31141 46951 32162 46868 48483 47803 46953 47807 46957 47809 32765 32085 46961 31832 47047 46962 48153 31833 32174 31665 46965 46966 47817 48327 31074 47565 47480 48247 48248 48163 47823 46890 47060 46975 31760 48252 47827 31168 47828 47152 31767 46389 32024 31770 31601 30751 29989 31521 31777 48268 47163 46908 47844 32205 31525 31100 31441 47762 30762 31102 31953 31955 31785 31957
hp 59
t 16233 9773 11983 9691 29921 10118 11648 29243 16154 10034 9864 9780 29925 16325 9611 11482 9697 8422 32647 29758 9528 29928 9359 29929 10208 9784 11146 29764 32654 9790 13447 29937 8263 11578 11069 10051 11581 9542 9968 8440 11161 10227 9720 11675 9976 9979 29785 9855 10746 11937 9897 11684 11260 30301 9561 9819 9734 9564 9735 11350 12201 10161 9226 16197 11692 11947 29203 9823 9909 16369 29716 9744 9490 16378 11536 9922 11028 11539 30410 29392 9588 29736 11631 9931 10187 8403 10019 11635 9596 13594 8239
ap 10
hp 95
t 21251 44458 4253 44631 44722 44297 44892 44894 42516 7668 20758 21270 5291 4526 7501 7927 4359 4360 4700 4277 7677 42952 5128 4279 8105 21450 5131 4368 43298 21453 4540 7515 44915 7855 20776 21287 21374 5139 20610 5566 5058 44926 4383 20789 21300 20620 21302 21304 44936 44512 44852 44686 7542 20979 5254 21489 4406 7466 4407 5512 4492 8148 4153 21495 4414 44449
ap 11
hp 157
t 3058 2889 25670 28560 24822 8845 1705 25167 3068 26359 3069 25169 3070 2221 2051 1711 26363 2393 25173 2905 2736 2907 9198 1549 2400 1551 25522 25695 32666 2917 1557 1559 1390 2583 1563 2415 1566 2417 210 2419 48491 25371 25541 1402 2082 2594 28604 25715 28606 8717 2427 9058 2428 2430 1584 25044 25384 1585 2605 25726 25389 25224 25226 25057 2957 9078 2789 2791 2282 24722 2452 2283 25403 25574 25235 24726 48696 24896 25236 25237 2117 25238 2458 2799 2803 2974 2463 2467 2129 25255 2477 1628 2818 24578 25260 25940 1634 25267 1638 2828 3000 25270 48561 25273 3004 2324 48733 2325 25277 1648 27489 1649 1651 24601 2332 3014 2504 26307 1660 48410 25291 25972 3023 1664 3026 2347 1327 2348 48928 25979 2350 25810 25812 48932 25303 49105 48936 2356 25816 9158 24628 1679 25822 25653 25144 9167 2367 2368 25998 28549 2198 24980 162 1182 163 3053 48782 2542 25156 2886
hp 149
t 28345 8456 2537 1709 25502 32441 1449 1364 2395 1621 1759 1473 1133 1707
hp 153
t 9050 8626 9137 9159 2805 9097 9161 8503 2426 1961 8973 2471 2812 25254 25552 9084 2390 1902 8660 8639 1973 8431 48531 2397 2335
hp 155
t 48766 147 28452 46259 9138 32661 25628 25374 9033 26331 25482 26175 26226 26315 27527 24616 8508 48829 46250 25752 8662 32356 24707 25791 3054 48720 26344 2503 25666 9177 9156
hp 159
t 24681 1508 1699 2924 1898 24753 1352
ap 12
hp 350
t 40277 37272 40831 38101 38888 16577 37318 16632 17962 38850 37417
hp 134
t 40724 40635 37633 38090 40641 18637 33682 40771 33463
ap 13
hp 141
t 37961 39911 38504 38309 38495
ap 14
hp 352
t 14713 14161 13398 13601 13751 15856 14837 14838 11651
ap 15
hp 52
t 34168 71568 70634 76924 76499 18276 17766 35197 77188 74896 75831 53648 54075 70991 51441 14721 18207 76858 16849 35634 8437 35467 51278 35299 71509 77120 74317 72534 77549 74831 15331 51372 75088 70250 71868 74843 75609 33450 75186 74932 75187 34308 15098 33373 70519 53438 70949 70951 75967 77329 17744 18255 70530 53531 75717 69683 32793 74868 77334 72575 77337 51413 53965 54052 53542 33397 75048 77005 71992 77347
hp 50
t 53550 74758 53637 70595 14495 54021 53938 32901 55979 54832 33030 54196 33669 60659 56197 77788 54328 32866 53860 54712 74474 54670 53268 14550 54417 53697 55950 74991 53274 54039 54140 55018 54550 74951 77800 53787 54807 54681 77588 53917 53664 53665 74957 54855 74150 59276 74619 74917 77723 77766 53966 14781 54519 77684 59920 33443
hp 56
t 31448 47429 31620 30261 31792 30772 47773 31795 31458 30779 30269 31460 47100 47781 30102 31463 31805 31636 31637 31468 31469 47789 47790 31471 30454 31475 31136 32156 31646 29776 31647 31138 49671 31142 46956 29787 46617 47808 31149 30300 47811 31151 47472 31492 47814 46964 48155 30305 30307 47818 47648 47650 47821 31501 31502 31672 47832 31003 31854 30324 30498 31009 47840 46990 31523 31524 31014 47845 31015 31526 31187 47848 66040 47851 53122 31533 31023 53126 31539 53130 47522 53134 47696 47697 31552 30193 31555 31216 50429 47709 31220 31221 47711 28672 30544 31054 31565 30374 31734 31736 31227 31228 30208 31229 47720 47553 31574 47554 31575 47725 31066 31577 31067 31578 31579 47560 31071 30222 47731 30392 30227 46382 31595 31425 31599 31260 31772 31092 47923 28713 31094 28714 31095 50476 31099 31950 31101 31103 30595 47765 30256 28897
ap 16
hp 89
t 44602 44581 27837 44667 21418 21440 21272 26586 44585 21445 44587 21425 44717 28227 21449 44573
ap 17
hp 372
 65535
ap 18
hp 40
t 47768 40672 28900 47134 49641 50408 49900 49687 47733 50028 31668 47691 49987 50455 49606 31461 49950 49652 31632 30995 31038 47573 31466 49656 50039 46724 30745 49956 30959 49958 31725 47366 47155 49535 49705 46858 46563 49964 31223 31053 47969 47547 50012 49631 49506 30764 31615 30172 50275
hp 63
t 52805 17212 35784 14471 32768 14727 53742 53575 54383 53724 33516 10525 35876 33859 52645 53985 54687 54349 54987 54626 52820 53905 53906 36269 53397 33444
hp 51
t 10029 11304 10795 10965 10797 52702 13519 10884 10885 36386 11397 10462 10038 11228 5959 33499 10808 30358 10893 29424 10044 13529 10046 35886 16167 33933 16168 52718 10219 13365 29517 52893 11160 29435 9545 16261 15837 11332 13546 14311 10062 9892 11681 52821 12362 11173 13214 17722 29284 36511 10926 10334 12885 36432 53092 10933 10935 10086 36436 51312 10937 13063 11278 29130 36525 52676 12813 10688 10944 12984 12816 52851 11542 11457 9928 11459 29224 12906 52261 29567 10697 36198 9849 29145 10786 52861 53033 10703 29403 10704 10961
ap 19
hp 373
 57078
ap 20
hp 139
t 32274 3009
ap 21
hp 374
 28607
ap 22
hp 375
 73702
ap 23
hp 376
 60664
ap 24
hp 42
t 76922 75012 76882 72591 75226 53679 77564 70300 75485 74125 76339 76383 76850 76341 76851 76342 76894 53692 72519 75750 76175 75198 74647 35420 75456 70527 76352 69764 74907 54125 69767 74316 77335 77559 76954 76827 76912 74277 76318 74787 53624 76829 76574 76830 69860 74154 74326 75814 75687 74242 75857 53759
hp 58
t 75436 75224 72590 74418 74928 74930 76885 53681 75059 74803 76971 76887 75018 33241 75019 75020 70473 75108 75066 75109 75220 74941 77321 74942 74859 69973 70780 74776 75118 74820 75034 75161 74822 75037 72574 76910 53666 74449 76917 76918 75262 75008 53546 74839
hp 65
t 49722 12748 13174 16361 14152 36465 36637 13858 36431 14417 32821 16165 36140 13148 29298 13235 14297 16340 12983 16300 74908 16343 15539 15498 52941 13416 33308 52901 12824 54520 13551 52865
ap 25
hp 97
t 43688 21334 26519 5314 44464 8084 44294 42297 44168 44381 44211 21134 5241 44724 21434 44980 21266 43578 21478 44047 42899 42432 26154 44431 42774 44134 20759 44730 42902 42435 44391 21314 43458 44350 4401 20763 42864 4232 5095 42865 44396 42908 44481 44865 44654 4365 4451 5090 44871 43426 20986 27192 42959 21454 21328 44407 43006
ap 26
hp 92
t 60943 37656 37657 37742 37148 37743 36982 19217 61207 61038 60614 61295 19221 61127 19222 18032 18712 39792 16590 19225 61130 37415 36991 18125 16680 60541 19232 37678 19233 19318 6398 61054 59354 37170 16431 18726 19237 37086 18727 16518 61058 37768 61311 61230 18730 59362 39897 37008 18137 60978 6411 37055 60728 61408 6500 37866 18658 59373 18660 19255 18150 18066 16624 58529 61420 17389 17390 57765 60995 37706 37026 6258 61424 61000 18671 6346 19266 61003 61259 58455 38246 39586 60500 18765 37636 18936 18596 37467 18087 19279 61439 37809 60929 60509 18604 37644 38409 60679 38412 58642 36968 37819 61026 18527
ap 27
hp 47
t 56268 56269 56185 56187 74380 56275 55342 77697 53472 53473 74979 53474 56196 56113 74304 74389 74305 74985 56115 74392 56287 55779 77710 74310 54848 74487 74488 56128 74489 74830 74321 56131 56133 55793 73985 56305 74155 56136 74327 55796 74328 74414 74334 55040 54870 56317 73997 56147 74337 74253 56148 74339 54788 74424 74255 74342 56152 74598 74429 74345 74346 74370 56072 56157 56158 74349 54884 74354 74610 74101 54806 56083 74276 54811 56088 56258 56089 54898 56092 56177 56178 55584 55670 74372
hp 60
t 56184 55759 56270 54996 56186 56272 56102 55678 54574 56189 55595 56193 55768 54749 74388 74303 55945 55947 54927 56203 74394 55269 56290 55101 74823 55869 55104 53320 13370 55021 54596 54851 53406 55957 13372 55025 53498 56134 54605 54691 74412 55034 74329 54779 56310 54865 56140 56227 74419 56314 55804 74422 56318 74338 56064 74254 56149 54789 54874 74425 74341 74426 56151 74427 54964 56155 55986 74347 54797 74348 55819 56075 77665 55140 55056 54547 74355 54975 74356 74357 56168 54554 54895 74361 54896 56087 74362 74958 54731 77086 54902 56094 74371 56181
hp 39
t 74374 55589 53635 55590 56016 55592 53470 56190 56022 56109 55006 53987 77702 53647 56285 74220 55011 56286 74306 74391 74307 74308 74309 81109 56204 54845 74311 74398 53999 38955 74825 56296 74828 74148 74319 56130 53496 74324 55624 74325 56307 56138 74330 74331 74417 74332 74333 55803 56144 74335 56145 74336 56146 56319 55809 74340 77740 56150 74343 55563 77664 56159 74351 74353 55571 55404 55999 74446 74789 54984 74620 56176 55327 74368 74878 56179 56180 74286 53461 55587
ap 28
hp 81
t 43008 44199 27030 43859 43521 42502 44033 44713 44203 44714 43525 43526 42507 44719 44380 44890 44721 43191 44705 44212 44383 43023 20753 44213 42005 62066 41496 44218 44390 44220 44900 44707 42013 44393 42014 43714 42015 43715 41677 43208 20599 42869 44402 42873 43384 44404 42024 42875 41350 44071 61922 43733 41985 44244 42035 21295 43565 20616 62096 61757 42887 43738 42548 42893 21474 43405 44426 43576 42897 26578 42901 20632 20634 62117 21319 42060 42910 21321 21323 42915 62127 42918 42919 21331 42412 20654 44964 21335 44120 42760 42930 44970 42931 21343 42933 41234 44979 42430 44300 20671 44301 44473 4354 44475 42775 43456 43626 44307 44139 44990 44482 44313 42784 44145 44147 43809 42791 44492 44493 42794 44495 44836 27836 42797 26647 43987 44839 43479 43139 44003 43494 43154 43323 44176 43499 44181 43842 43163 44864 44524 45034 44355 42317 44698 44700 44191 44701 44192 42833 44703 44194 27024 43685 44706 26687
hp 79
t 41648 59838 60178 59329 59839 78369 41650 60520 41651 22950 41652 41992 60353 59163 59166 22786 59169 22450 61381 37070 59343 61213 78384 61384 59513 22627 59347 22797 60368 22968 22798 22969 22799 60370 60540 60371 22971 60713 61393 59157 59186 60377 60207 57488 59528 59699 78229 59189 58680 23489 59361 59531 59533 60725 61407 59537 78748 60218 60729 60559 60220 78751 59540 59543 61414 59204 61415 59544 59546 78757 78247 61418 59888 61419 78928 59889 41700 41870 59211 60232 60233 59894 61425 39154 59216 58028 60918 59389 60239 60410 58542 59222 58714 59564 60415 57695 61435 78776 59227 61267 78098 60590 22850 78611 41558 60599 41559 41561 60602 59243 59245 41566 59926 59928 58402 61294 78805 22536 41577 78809 59090 57731 22881 78812 78472 22542 59262 58753 22882 22883 39374 22884 78816 60116 41587 58758 78818 22548 22549 58420 60120 41590 57400 22551 59102 37003 22895 22556 78488 78829 59789 60130 41600 78491 60131 37181 57752 59791 65062 41603 60135 59795 22566 65066 22567 60138 37018 22568 57927 59969 59462 60144 58445 22745 59975 59295 41620 22920 59981 60152 59983 22583 60323 59984 57434 41646 59985 37036 60157 23267 60159 22589 41629 22929 59993 59994 78525 61186 59826 58976 60677 59999 60510 60170 65100 22771 23281 60001 60002 58982 23283 60684 23284 23285 65276 58986 60177 58987
hp 85
t 78368 78708 22948 59159 60180 59160 22611 59161 60182 60014 78714 78715 22956 78377 22957 78383 59175 78386 60366 59176 39115 79066 78557 78390 22970 59180 78392 81792 59182 60373 22972 22974 58335 57455 59016 22806 60037 60379 22641 60041 59191 60043 58858 79089 78750 60222 60223 78243 58354 58016 59551 58022 78763 58026 59556 78427 59557 78768 22841 60176 59562 59904 59905 78605 59056 58036 78777 59057 59907 78778 59567 59059 78779 59909 59060 57359 59061 59062 59063 59065 78786 65356 58897 58388 58389 60259 59239 78790 41560 59070 59071 78791 57883 58394 57714 59244 60096 78796 58396 22696 58058 78801 59931 57723 58404 78804 41574 22706 58406 59256 58407 59598 57901 58072 59093 78813 58754 78815 22545 60117 22547 60118 41928 59099 59950 58421 59441 58931 58422 78482 59444 23236 58427 65057 58088 60129 65060 58434 57754 58944 41774 57414 78496 57418 59968 58100 59971 59291 57591 59972 22912 22914 57595 60150 22580 60151 22922 57773 78684 23265 22585 22587 22928 59139 59309 22590 58970 59310 57611 22931 23272 78353 22933 65264 22934 65265 23786 23787 64928 78358 65270 59154 58984 60344 58985 59156 65277 78367
ap 29
hp 48
t 73268 69615 30855 26776 26861 31197 30519 30180 73445 69111 31543 50073 66479 30525 30527 30187 31379 66825 66060 31380 66996 69293 31213 68953 30618 66746 66918 69555 47456 47287 49161 49162 69223 30464 45427 30469 30724 61495 69485 66256 62347 61588 69072 47398 49949 62360 31421 47316 50036 69076 68907 30490 65852 46728 47668 73255 47670 66541 66371 50477 73257 73259 47674 73260 69266 30852 66633 66548 48104 65956 49552
ap 30
hp 151
t 31745 46918 24777 47004 25202 45816 26139 32472 32387 25163 48924 46249 48629 47059 49142 46169 46934 24963 1590 46174 49107 26158 1593 48939 48263 27268 27608 46949 48820 48737 33692 47037 24768 1860 48570 31786
hp 64
t 33442 33639 70486 77351 34257 34172 14728 12541 53532 57273 74934 53898 16882 34265 33628 34180 53668 54221 13592 14782 18777 53543 14763 54034 34888
hp 62
t 36421 36464 10158 33958 52701 54573 57085 54282 36645 33927 56877 57048 36437 54373 52546 31594 36524 53099 55268 12556 56715 52678 52891 12814 52721 53104 54635 52806 52807 56718 52849 56720 11502 35897 52770 52687 52900 52943 52815 52817 36200 53031 52819 36500 53714 53035 36290 30425 30299
ap 31
hp 46
t 50062 47176 73271 50068 73274 47350 30945 50072 47183 47353 73450 66396 30951 49484 49994 49825 47278 49658 30960 50256 30961 50087 30878 50088 50089 50090 49583 30798 50433 66328 30969 50520 66501 30971 50098 30722 66510 50021 50277 30898 30899 30816 47139 50540 66011 50032 49692 73238 31674 50035 30996 49870 49360 49616 47325 30922 30752 47327 50050 73256 49542 66457 50052 50053 66459 49545 66460 73434 50569 73350 31701
ap 32
hp 377
 39865
ap 33
hp 158
t 14193 15628 14194 13598 14163 13324 15727 14283 13785
ap 34
hp 378
 52475
ap 35
hp 226
t 78964 78882 79562 78884 78545 79481 79651 79046 79312 78547 79399 78550 78381 79571 78551 79317 78297 79233 78553 78299 78214 79234 79235 78896 79236 57562 79578 77882 79242 78223 78563 78877 78564 79755 79585 79076 78566 78906 77886 79587 79078 78567 79247 79079 79589 79250 78910 78571 78572 79252 79084 78574 79254 78575 79171 79256 78916 78236 79597 78577 79683 79258 79598 79599 79259 79260 78582 78922 78583 78923 81049 79180 78075 58951 79693 79268 79608 79354 78589 78590 79271 79611 79357 78848 79358 79273 79613 60404 78254 79445 78934 79275 78255 78935 79616 78849 79277 78854 78855 79110 81150 79620 81916 78347 79622 78858 78008 79284 78944 77925 79201 79117 79557 79287 78948 78184 80394 79289 78867 79293 79209 79295 78531 78533 81849 78366 78537
hp 268
t 66916 66579 66962 67089 66944 67135 66966 66904 67159 67330 67310 67162 67269 67290 66931 66975
hp 323
t 52613 50658 73609 50660 50831 49386 50661 50832 50662 51768 49390 50665 50836 73617 50667 50839 50669 52965 50671 50844 51950 50845 52460 50846 35887 73627 49318 49404 70824 50850 49406 36062 50600 73211 49326 50857 50777 50692 70328 36073 73644 50864 35396 50868 73478 49424 50870 51636 50871 51976 51978 50873 50788 50874 50792 50878 50879 50794 50709 51645 50966 51987 50544 50799 36095 70776 49272 52333 49273 49274 49276 49363 52425 49451 49367 50728 49368 49369 49286 50817 50818 50819 49290 50820 49460 50821 50992 50652 50822 50737 50993 50995 52610 50825 50740 50826 50657 52612 50827
hp 333
t 68678 69530 69532 66302 68682 66303 69534 69541 66821 45231 69543 66824 68865 69546 68867 68697 69548 69378 69549 61558 69550 61732 69556 69389 67520 69561 69563 68885 45255 69567 69397 67528 66168 68889 68890 67530 68891 69231 69402 61753 62434 69404 66855 66857 69408 68899 67540 45100 69410 66691 45271 69242 69412 68903 66692 45273 68904 66693 69414 68905 69585 69415 68906 69588 68908 69248 66869 69079 69419 69422 48003 45283 69084 68744 69596 69086 69597 67559 69600 45120 66710 69601 45290 68751 68923 69603 66713 67564 45294 69606 69607 61617 67569 61619 67570 45130 69100 69101 69612 69272 66722 67573 69102 46663 45303 67572 69104 69613 69614 69276 69106 68766 45137 69107 45138 69109 69280 61631 69112 66563 67583 69113 69453 69455 68777 45318 69289 69292 66573 66914 66745 69126 69466 68788 69300 45841 66752 66753 66245 66755 66076 66077 66078 66251 66592 68973 45344 66595 69484 66084 66086 45857 66597 66087 66598 66088 66259 66601 66261 45351 69491 66772 66603 66092 66773 66604 66776 69327 66777 68989 66779 45360 66782 66103 66783 66104 45364 45875 66786 66108 66619 69509 69169 69510 69511 69512 46054 69515 66626 65946 69347 45887 66797 66288 46058 67309 61869 66119 66290 66120 66291 69521 66801 68672 68673 66803 69523 66294 68674 66805 69527
hp 322
t 33828 34083 35358 51764 34679 35359 34085 51085 34682 34259 35364 33835 35365 52451 34686 51095 34095 35371 52457 35374 34100 34781 35377 33509 51956 33937 52467 33853 34108 33939 33854 36064 34111 36066 33942 36067 36154 35390 35391 33947 34117 33950 34631 35482 35483 34125 34636 34296 51721 34127 34807 34131 51132 34132 33963 34049 34561 36091 34137 34055 34141 35416 34737 35418 34059 35335 35336 34656 51741 35337 33977 51742 35338 34148 34235 52426 34066 34748 35344 34240 34580 34750 35346 34666 34752 34753 34584 18944 35349 34671 34076 35352 34672 35353 33995 35438 35354 35355 35356
hp 218
t 54398 54484 54487 13863 54068 53899 54069 53900 13865 33075 53901 54495 13866 34946 53903 53733 35120 32995 33676 54672 56970 35127 35128 35808 32919 35809 35129 53915 33769 35810 33605 14566 54352 54353 33104 54440 56991 54526 33787 53764 53850 53766 35747 54365 53940 32945 53941 53858 33629 53945 53775 54456 53777 53778 33549 53950 54377 53868 33723 54380 53871 33133 33731 33650 54475 33569 54480 54481
hp 338
t 52699 35875 36648 50673 52290 36233 52808 52383 52894 52809 52386 52642 52814 52729 53240 52646 52476 52904 52651 52226 52228 52229 52486 36423 52574 52491 36426 36427 36598 52239 52325 36429 52326 52412 52585 52331 52586 52672 52503 36438 52589 52674 52335 52590 52932 52507 52593 52933 52254 52595 52936 35851 52937 51153 52514 31691 52432 52692 52947 52522 52693 12488 52694 52524 35865
hp 324
t 51082 52273 50663 52450 50837 52452 36643 51093 52028 51773 52370 52288 50843 51098 52373 52289 51100 52464 51787 50598 35893 52130 50685 52475 36070 51795 51116 51117 50948 50949 50950 52395 50866 50955 51125 52400 52316 50956 51041 52317 51127 51722 51042 52318 51723 50959 50195 51130 36085 51131 50791 50962 51133 50964 52324 50793 49266 52327 49352 52328 52329 52330 51905 52245 49271 51906 52332 51142 35929 51910 52336 52337 51148 52339 52428 52431 50478 36284 52265 50907 51077 52269 50824 36204 50996
hp 171
t 30778 31109 47153 30780 30770 30773 30775 31116
hp 332
t 66981 45223 69536 66648 45229 66649 45230 69030 66992 66993 66654 69545 66656 66657 68868 66998 66829 66658 66830 67000 68871 66660 66831 66661 69551 66662 69383 66666 66667 45248 69388 68880 66670 68881 45251 68882 66671 68883 68884 45254 68886 68887 69057 68888 69398 69569 69570 45260 69060 69571 69401 68892 69572 45262 68896 68897 69067 66688 68900 66690 69581 68902 66864 69074 66694 67545 69075 66865 67546 66697 69417 67548 66698 66870 68740 69591 68911 69592 66872 67553 69593 69594 67555 66705 67556 66706 68917 68746 69598 68918 69088 68748 66709 69429 69089 69430 69090 68921 68920 69431 66711 66712 69263 68922 68753 67562 67563 69434 69435 66715 66716 68927 67567 66717 68929 69609 69610 68930 68931 69611 68932 68933 69103 66895 69445 69616 66726 69617 67578 69618 69619 68940 68941 66561 69621 68942 69622 66732 68943 66734 69626 66736 69627 66737 66738 66740 66741 66912 66742 68954 66744 69295 66915 66575 68955 66747 66748 66749 66751 68964 68794 69476 66588 68798 66759 68972 66763 45177 45178 68978 66258 66599 66774 66606 66955 66275 66959 66789 66960 66961 66792 66965 66967 45209 45210 66971 66974 69524
hp 175
t 31873 32128 31788 31874 32044 31959 31790 30175 31875 30006 30686 29838 31793 30008 32134 32729 30690 32136 30692 31884 32734 31885 32141 30696 31887 30697 30528 32483 31888 30529 30699 30530 31890 47615 30021 31892 32147 30532 30533 32148 31808 31893 48214 30704 31895 31810 30705 47705 32151 31811 30537 31897 30707 31898 31899 30624 31900 30710 46861 31901 30711 31902 32752 30543 31903 31904 32159 46864 30545 31905 30716 32077 31908 30549 31909 31910 32084 31915 31830 48151 31747 31749 31835 31750 31921 31922 31752 31923 31755 47651 30568 48165 32016 30572 48169 32189 31935 32191 47661 32107 31768 32023 30580 30666 30583 31275 30668 48179 30669 32115 48521 48181 30587 32033 48184 29993 32034 30589 30590 31780 30591 31781 31782 32039 30000 30001
hp 315
t 33573 14616 14449 14450 14451 17171 14452 14372 33583 14373 14459 32989 14631 14464 14634 32994 33760 14637 14553 17698 14555 14556 15321 14472 33597 33003 14389 33261 18386 18387 33094 33775 14737 14484 14404 14659 14493 14700 14408 15939 33621 33111 33026 32860 33031 14503 14504 32864 14420 32952 33210 33720 33127 14682 33467 14430 33131 14686 14431 33132 14603 33218 14348 14519 14349 15965 14435 14690 14521 14607 17157 14778 14780 14611 14613 14445 15976 14701
hp 328
t 34764 34086 14621 33493 33495 34092 33498 34093 33924 33843 33504 35970 33506 14636 14469 35380 34192 34788 33514 34196 35982 34112 34113 34114 36834 33945 33436 33522 34204 33525 34801 34717 33529 34124 15339 34720 34638 34808 34301 34048 14754 34645 34732 35328 16969 34054 34057 34740 34060 34061 34741 34232 34062 34147 33978 33384 34662 33983 35513 34664 14774 34665 34751 34667 35347 33479 34074 33480 34075 33481 34077 19034 34081
hp 224
t 77709 74416 77753 77711 77712 77755 54827 54871 77696 74275 81606 53450 74318 54875 77698 77700 77701 56198 53457 55774 74243 74350
hp 257
t 72076 67998 71738 71744 68008 68688 71749 68009 67329 63590 71750 68010 71751 67331 71752 71753 68694 68354 71755 68016 68017 71757 67678 67338 68019 71759 71760 72440 67340 71761 68701 71762 68022 67683 67684 71764 71765 67345 68705 67686 67687 67347 67688 72108 68708 75849 71769 67349 67690 71771 68032 71772 67352 67693 68033 71773 68713 63616 67356 63617 68037 67357 63618 68038 63619 68039 67359 68040 68380 67360 63621 68041 67362 68043 67363 75864 63625 67365 63626 67026 67367 68048 67368 68049 68389 67369 67370 67371 63632 67372 63634 68054 68394 67716 68056 68057 67717 63637 67718 67378 67719 67039 67379 63640 71800 67720 63641 68061 67721 67722 67042 68401 63643 67381 67382 67724 71804 67383 67725 68065 68403 68066 67726 71806 67727 67385 67386 68068 67387 67388 68069 67049 68409 68070 67390 68071 67052 67392 68073 67393 68074 67395 67056 67396 71136 67397 68677 68078 67738 68079 67400 68420 67061 67062 67063 67064 67744 68084 67745 67065 67404 67746 67066 63666 67405 67406 68426 67068 67069 67749 63669 67750 67071 63672 67412 68093 71736 68094 68774 67755 68095 67415 63676 68097 63677 67418 71737 68099 63679 63915 68100 67419 68779 61642 67425 67766 67429 67770 68110 67430 68111 68791 67772 67433 68115 68117 67438 71859 67439 68120 68122 68123 63023 61666 67790 64390 71872 67452 68473 71876 68816 71880 72900 71882 71883 68823 71886 67466 68148 71893 71898 68159 68162 67483 68165 67485 63748 68168 63752 64432 68516 75999 67840 72260 67841 67842 68182 63763 68183 67844 67845 68185 68186 67846 67847 68188 67848 67849 67850 67851 68192 71932 67852 67513 68194 67514 67856 68197 67857 68199 67859 67519 68200 68201 67862 68204 67865 68206 67867 66850 67871 66852 64473 66853 68214 67535 67877 70937 68222 67882 67202 68563 68224 63804 64484 68225 68564 68226 67886 68227 67887 67888 68229 68230 67890 68231 68572 68233 68234 68235 67895 67215 68236 68576 68240 67900 68241 67901 66881 67902 66882 67904 68245 68246 67906 67907 66887 68248 67908 68249 66889 67910 66890 67911 68251 67912 66892 67913 67914 66894 67918 66898 67919 68599 67920 68600 67921 67923 63845 80845 67586 67928 68270 67932 68273 67933 67934 68274 67935 68276 67940 68280 67601 67943 67263 67944 68284 67604 67945 68285 67605 67946 68287 67949 67950 67951 67611 67613 67614 67955 80877 68298 66941 66943 67966 68306 67626 67969 67632 67974 67634 67635 71716 67637 67638 68322 67983 68324 67984 67986 67988 71728 67989 67990 67991 63231 67993 63913 71733 67994 71734 67995 67996 67997
hp 259
t 65702 73353 66468 65703 70974 73183 73354 73099 73525 73440 50151 65876 65705 50152 66467 73358 65878 65708 65963 66643 65879 49304 65709 65710 73190 73191 50157 72937 65712 65628 65629 65885 65715 65630 72770 70815 73451 66570 50167 65724 65810 65640 73036 72781 72952 65642 72782 72953 49493 49578 65898 49409 72955 73209 49410 65730 67007 65648 67098 66418 65654 49505 65740 65741 65742 73137 66422 65913 73138 49509 65743 65914 49423 66255 49426 66512 72802 66428 65834 66514 49465 65835 49515 49430 72890 67112 65667 66263 66520 49437 66268 49467 50034 70861 66527 72907 65768 50046 72743 72744 49454 65690 49456 66542 30757 72748 65694 73175 65695 49461 65952 66207 73347 73262 49463 49464 65699 50145 49466 73097 50147
hp 168
t 69529 45390 45560 46072 45732 45902 45903 45734 45224 45225 27036 69366 69367 69204 66146 69377 45241 66834 69384 69216 69387 69558 46608 69219 69560 69394 69565 69395 69056 69403 47984 45264 45265 43226 45269 47990 45272 69583 47993 69073 45274 47994 47995 45276 66696 69077 45277 69418 69249 45279 69250 69251 69424 69425 27605 46646 66877 45289 45460 66200 46650 45291 26762 69092 45292 69093 69095 26935 45296 45297 69097 45298 69269 69099 45470 26940 66721 69273 45135 69275 45306 45309 45310 45311 45144 45315 45146 45147 48037 48040 68611 48041 48043 48045 69125 48047 66070 69301 69132 69474 66074 69135 45336 45337 62337 69477 45338 45169 69478 45852 45175 45855 45345 62345 66596 45347 69147 45858 45348 45859 45349 45862 45863 45354 62354 45865 45866 45356 62357 48077 48078 69158 66099 45190 69160 69161 66784 66787 45369 45373 62375 45375 69175 69520 45721 46065 45216 46066 45217
hp 169
t 47939 47940 47600 47944 46755 47947 47098 46929 47952 48126 47958 46599 46774 47965 47285 46270 47970 46781 48311 46782 47974 46785 47978 45429 48324 46455 46796 47986 46457 46797 47987 46458 47988 46799 46459 45794 45795 46819 45800 46140 46658 46661 46833 46496 46497 46502 46340 46511 46681 45833 46683 47363 47023 47877 47878 46859 48049 47880 48220 47881 48051 48053 47884 47206 47887 47888 47889 46871 47211 46701 47892 46702 46533 47893 46534 47894 47555 47895 46536 46876 47896 46537 47897 47898 47899 46540 47901 48071 46543 46883 46544 48074 46546 46888 47908 46548 46889 46549 48081 48082 46894 47575 46896 47916 47066 46557 46727 46558 48088 47748 48089 46730 46561 47751 46562 46731 46732 46564 46734 46565 48434 46735 46566 46907 46568 47928 46569 47929 46570 47930 46571 47931 47932 48105 46576 47937
hp 330
t 73269 73270 30940 66471 66472 49472 73273 30943 66134 66304 66475 73275 66305 66476 47264 66306 73277 47266 66307 30947 66308 66310 66481 66482 30952 30953 66484 66485 30955 66486 66315 47277 66318 47279 66491 66492 66493 30963 66495 66325 66326 66327 66329 66331 66332 65992 65993 66333 66334 66335 30975 47297 30809 66340 66003 47304 66516 47306 66007 66348 66350 66012 47314 47315 47317 47318 66359 47319 66019 47320 47321 47322 66023 66874 47323 47324 66024 66025 66026 47326 66368 47328 46648 47329 66028 66030 47330 47331 47332 66373 47333 66374 47334 47335 47336 30847 66377 47337 47338 47339 47340 47341 65873 66553 66384 48024 66385 47345 66386 47346 73357 47347 66558 66388 47348 66390 66393 65886 66397 66398 66399 66402 66062 66404 66235 66406 66407 66408 49408 47199 66410 66413 66415 65906 65907 66417 50608 66419 66420 66421 66425 66429 47220 66430 66431 66432 47223 66433 66434 66435 66436 47227 66438 66439 47230 66441 66442 73242 66443 47234 66444 47235 66445 66447 30918 66448 66449 66450 73250 66451 66452 73252 66453 66454 66455 66456 66458 65950 73261 30932 66462 30933 66463 73264 30935 73265 66466 30937
hp 283
t 34508 34423 18955 33154 34261 34176 35196 32817 34519 35794 34520 34521 32822 33162 32823 34523 35289 33164 32824 34524 33165 34269 34186 34441 34272 34527 34528 32999 34530 34190 34021 14387 34618 34533 35298 33768 34534 35468 34619 34535 34281 34536 33176 14391 34538 34539 34540 34286 34541 35647 32929 35395 34886 33186 17207 14743 34297 34558 34390 34563 35075 35588 14595 34657 35592 35507 33128 14769 35424 14344 35680 35510 35429 33475 35601 34496 14351 34499 34500 35435 35606 14355 34502 33142 33228 14783 34504 34250 34506 34421
hp 80
t 22863 59158 78454 78710 78200 59246 60181 78797 78287 78290 41743 60358 57383 23128 60359 60188 59340 60020 59935 59087 59767 59597 59512 57388 60364 78875 22454 60028 59688 60369 79239 60372 79243 60543 78480 59610 65221 78481 59951 60206 79077 59018 59188 59530 60210 23491 60212 59192 59703 60213 59193 59194 60215 60046 59026 60216 59027 57582 60217 59794 22819 59539 59199 57500 22565 59541 60221 60137 59542 58862 65067 22823 78500 60226 78758 78418 60228 59548 60229 60230 78421 60231 59552 60234 78511 60236 60407 59217 59218 59137 60412 60413 78093 78603 60414 78688 78519 23269 59991 78606 60247 23528 44950 60251 78527 65097 60169 57450 23365 78785 23535 78276 23367 65102 58983 23539 23540 59326
hp 314
t 57459 57545 78371 79051 78881 39187 78459 57974 78376 81776 57552 81267 39879 57985 80935 57477 57989 79070 81365 39800 57992 59014 81029 57825 39042 39723 81798 39043 58168 57573 39896 57491 57577 78912 79083 57664 57494 39220 39902 39053 81724 81811 39908 57843 81814 81219 58355 58270 39913 39914 57510 58021 57766 39916 57767 58023 57598 57513 57853 57599 57514 57516 57347 58029 58964 57859 81746 57693 58288 58289 79029 58292 58208 78439 58294 81245 57957 81419 79039 81845 57620 81675 58046 39092 81510 57456 57797
hp 269
t 71504 70931 71591 70805 65960 73356 73180 70914 72253 71574 71617 71618 50146 72236 73491 73195 50140 49293 73178 49295 71672 73202 70801
hp 173
t 32425 48217 48281 48157 32178 31753 30585 47054 31988 32095 30671 47481 47756 31906 46848 47783 31973 48167 47063 47722 47064 48404
hp 258
t 70802 66383 67318 65704 50150 66980 50153 67153 73528 67154 66984 50155 66900 70812 66987 73534 65545 65548 67079 66910 67080 66913 73118 72949 72864 73119 65979 72951 70826 67001 50172 67173 72868 65728 67088 65815 71510 65731 67091 67092 65732 67178 65733 67093 67179 67094 65649 72705 67095 67266 67096 65651 65991 67182 72707 67097 66929 65824 72879 72710 67100 65655 67101 67102 67273 67103 67274 72972 66427 65833 72888 67023 65749 65750 65751 65752 72212 65755 49435 65756 66947 70942 67288 65758 67291 67121 67122 67123 73075 72906 67126 65767 65854 49449 67129 66620 65770 65685 70956 71638 72828 72916 72917 70792 49457 72749 66544 71644 65779 67139 50141 50142 66973 49462 66378 50144 72925 66380 66551 72926
hp 235
t 76967 76800 76970 76801 76802 76929 74889 77567 76930 53385 76804 76805 76806 76933 76976 77274 76977 76978 76809 76893 76979 76810 76852 76811 77192 76939 77194 76982 76855 77197 76816 76900 77198 76901 76817 77539 76818 76945 54079 76819 76903 76861 76904 76820 76990 76905 76948 76822 76949 76907 76951 77292 77294 76956 76957 76831 76958 70626 54138
hp 68
t 31150 31108 50404 53125 49832 49727 28902 30262 49664 31114 30264 31624 49708 49370 49817 49819 53155 49713 30270 28910 49821 53157 49716 49695 31059 31572 49508 49637 31128
hp 100
t 74882 77688 77689 77690 77096 75056 77776 77097 77780 74892 75487 75064 74894 75065 77786 75067 76937 74812 77790 77791 74816 77792 77112 75756 77116 76946 77117 79752 75077 77119 77632 76953 77633 74829 75000 77722 75173 77809 77810 77811 74921 77728 75348 74923 77729 77730 75010 77731 77732 74842 77733 77818 75439 77735 79775 77821 75101 75017 77737 77823 77738 75104 77569 75105 77655 77741 74936 77571 77657 77743 77659 74940 75195 74857 74943 74858 75114 77752 77667 76902 77668 77669 75035 77075 74865 77670 77671 76991 77672 73763 77673 77589 79800 77677 77592 77678 53454 77765 75131 77767 77683 77770 77685 74880 77771 77687
hp 172
t 9262 8583 9435 9562 32683 9224 8247 8587 9608 9183 8761 9399 8763 9572 9446 29890 9617 12210 8555 8260 9239 32657 9623 9456 8224 9416 9628 8354 12222 12223 8313 9463 8230 32669 9636 9467 8956 8235 9298 8917 8579 8580
hp 321
t 59582 81173 79048 81856 78286 78541 78457 81687 60267 81264 79055 78544 79225 81861 78546 81862 79058 78378 78548 78889 79060 81781 79062 78552 79063 81188 78385 79065 78555 81786 81785 78980 81700 78984 78985 78560 79071 79837 78987 81793 79074 78904 81795 79075 81881 78991 81797 78992 81883 78993 78994 58936 79082 78913 81889 81890 81805 78535 81806 60302 78408 78918 81809 78919 78410 78580 79091 81896 78581 78921 79092 81897 78413 79093 79007 79094 78924 78584 78585 79096 78925 78926 78927 79098 78588 79099 79696 78591 81056 79103 78933 78937 78938 79109 78939 81830 79025 78940 81236 80896 60241 79026 79027 79113 79028 79283 81835 79202 59058 60164 78865 78952 78528 78953 57449 78359 78955 78956 78532 78958 78364 78959 78876 79812
hp 329
t 45218 69190 43014 68855 68946 68691 68862 68948 69288 68864 69206 61556 68952 66827 67423 68869 62155 68956 66832 69127 68959 68875 66835 69302 61486 69222 69137 61572 68797 69224 67524 67526 68974 69271 45771 69064 68980 69236 68983 68898 66859 69070 68901 68731 68647 68819 68990 68820 68991 62361 67547 69162 66699 61770 68742 66873 69083 43159 69085 69427 67558 66878 69599 67474 68750 68924 68755 68926 67568 67484 68760 67571
hp 179
t 45898 45558 45900 45563 45569 45570 26874 45915 45922 45242 26883 26885 26888 27230 26892 45592 26893 26897 43219 26900 26902 45603 45604 26905 26906 27587 46628 27589 26911 26916 26917 26918 26919 26920 26921 45281 26922 27602 26923 27604 26926 27607 26928 26929 26930 27610 26931 27611 27612 26932 45632 26933 27613 26934 27614 27615 26936 26937 26938 26939 27619 27620 26941 27621 26943 27623 26944 27624 26945 45645 27625 26946 27626 26947 26948 46668 27628 45648 27629 45651 27631 27632 26953 27633 26954 27634 26955 27635 27636 45317 27640 45660 27302 26962 45662 26963 27643 45663 26965 26966 26968 26971 27311 45672 45675 26639 45681 45682 26983 45683 45685 45346 45686 45687 45690 45691 45692 69153 45693 45695 45357 45697 62358 45358 45359 26999 45700 45702 45705 45706 27007 45707 45709 45710 45712 45713 45714 45715 45716 45717 45718 45719 45722 45724 45725 45727 46067 46071 45393 45735 46076 45736 45056 45737 45738 46079 45739 45740 45741 45742 45406 45746 45407 45747 45748 45749 45070 45751 45753 45754 45755 45757 69557 45758 45759 45760 45761 45763 45424 45765 45426 45086 69227 45768 46449 26730 45770 45431 27073 46453 45434 45094 46115 27076 45438 45439 45440 69580 45441 45442 45443 45784 45444 45785 45445 45446 45447 45109 45791 45451 45111 45112 45452 45453 45113 45454 45114 45455 26755 26756 45116 45457 27438 45458 45461 45462 45463 45124 45804 26765 45467 26767 45127 45468 45128 45808 45469 26773 26774 45474 26775 27456 45476 45818 27118 45479 26780 45481 45482 46843 45485 45145 45486 45831 45152 26794 45155 26796 26797 45157 45158 45838 45504 45505 45506 45507 45508 45848 45509 45511 45853 45513 45854 45856 45516 45861 45183 45864 45526 45867 45528 26831 45872 45873 45874 45876 45877 45537 45538 45879 45540 45543 45884 45547 45548 45549 45550 45551 45552
hp 112
t 75222 75053 75032 75075 75054 75097 75244 75055 75033 75247 75078 75036 74483 75228 75038 75548 75570 75232 75551 75045 75560 75557 75537 75240 75219 75581 75752 75051 75072 75073 75052
hp 299
t 43860 43520 43861 43862 43863 42844 42506 26867 43868 42848 42509 42850 44210 43871 43872 42513 62234 43194 42515 43880 43882 44222 44223 43547 42868 43889 43890 43892 43213 43895 43898 27238 43218 43899 44238 43220 62265 43227 42906 43930 43933 43594 43941 43942 43610 43954 42934 43614 43961 43963 42943 43284 43966 42607 43968 43969 43633 43293 43634 42274 43294 43295 42956 43976 42276 43296 43638 43978 43639 42279 43979 43640 43301 43642 42282 43302 43643 43303 43304 43305 43986 43306 43307 27328 43988 44328 27329 43989 43650 43990 42630 27331 43651 42632 43312 26653 43313 42634 43994 43314 43315 43656 42976 43316 43657 43997 43317 43658 42978 43998 42979 43999 43659 43660 42299 43318 42641 43319 43320 43321 43322 42643 44343 43664 43665 44005 44006 43666 43667 44347 43669 44009 44349 43670 43671 43673 44013 43674 42995 44016 44017 42318 43338 44019 42319 43339 43680 44021 26681 43681 44022 43682 44023 43683 43684 44025 44026 43687 44027 43347 44028 41987 44029 44030 43691 43692 27032 43693 27377 43019 27379 42687 43028 43029 43031 43032 43033 43713 43034 43377 43490 43719 61739 43724 43725 43726 43727 43387 62087 43388 62429 43389 62090 43731 62091 43052 43732 43392 43054 43394 62094 43055 43395 43397 43399 62099 43740 43741 43401 43742 43402 43743 43404 43746 43068 43071 43411 43856 43073 43414 43076 43077 43417 43078 43079 43759 43419 43080 43760 43081 62463 43763 43424 43427 43768 43092 43772 43093 43094 43096 43439 42079 43782 62142 43784 44125 43785 43786 42767 42769 44129 42770 43450 42771 43111 42772 43792 42773 43114 43454 43795 43796 43797 43798 43118 43799 43460 42781 43801 43461 42782 42783 43803 43463 43804 42785 44146 42788 43808 42789 43810 43811 43471 43812 44153 42793 43813 43474 42795 43136 42796 42496 43817 43818 43140 42800 43821 42801 42461 42802 43823 42803 42804 42805 44165 43485 42806 43146 42807 42467 43487 42808 43148 43149 42809 44169 43150 44170 43489 43151 44171 42471 42472 44172 42812 42813 42811 43492 42814 26834 42815 44175 43837 44177 43497 43838 44180 43840 43500 43841 43501 43502 43503 43164 42484 43844 43845 43505 43846 42486 43506 43847 43848 44188 42488 42489 43849 43508 43850 42491 43511 43852 43853 44193 43517 43854 43855 44196 43857
hp 294
t 80663 80664 80325 80497 64178 80498 78121 80162 78037 79398 80673 80335 80676 80507 80677 80679 80339 80340 79406 80682 80597 80683 63258 80598 78049 79410 78050 79412 79413 79414 80350 80690 80863 79419 78060 79423 78064 79427 78069 80709 77904 77905 78076 80372 78673 80459 77909 80545 80715 64738 77913 80378 80465 79360 80891 79470 64740 80381 79447 63297 79448 79363 63298 78089 79364 79450 80641 78687 80642 79368 64748 80389 79542 79543 80648 79374 80820 79376 80652 78103 79378 79379 77850 80655 64166 79468 80829 79384 80830 79385 80320 79386
hp 98
t 75480 75442 75378 75272 79352 79438 75466 80417 76656 79610 79717 80909 75427 75618 75513 75217 75367 75431 75453 80446 75283 75029 75455 73904
hp 291
t 66681 68977 67451 67539 68985 61464 62145 67500 62315 61849 61594 66695 68949 62150 68951 64489 68909 68870 68873 61648 68874 61564 62373 68876 68796 68967 66756 68925 68799 61830 68800 68802
hp 225
t 55036 55015 77582 55037 54997 53361 55019 55023 55024 55026 53646 56217 53288 55031 54861 54841 55012
hp 109
t 79728 79219 79730 79220 79732 79222 79733 78883 76674 79736 79737 78887 79738 77872 79743 78895 79237 78900 78561 79241 78565 78908 79253 79255 79262 79095 79779 79270 79272 79784 79104 79105 79106 79107 79787 79108 79111 79112 80983 79115 79285 79116 78945 78946 80985 78947 79627 79288 79119 79120 80990 79121 78951 79291 79123 79128 79809 81003 79814 79815 79136 79817 79137 79138 79818 81008 79819 81178 81009 79141 81011 79824 81014 79826 81016 79827 79147 81017 79828 78976 81018 81019 79831 81191 79832 79663 79834 81025 79836 78986 81027 79839 78995 78997 79168 79170 79680 81041 81043 79854 79174 81044 81045 79685 81046 81047 79858 79687 79688 79689 79349 79690 79181 81051 81902 79692 79183 79863 79864 81054 79865 79694 81055 79866 79695 79016 79867 79697 79868 79698 79699 81059 79191 79871 79701 79192 79021 78852 79193 79702 81061 79194 81065 79196 81066 79197 79707 79198 78859 78860 79711 78863 81073 79033 79204 81074 79205 79714 81075 79034 81076 79207 81077 79208 79037 79210 79212 79213 79214 79215 81085 81086 79217
hp 297
t 54217 77316 77328 54177 77320 77565 54032 77524 77556
hp 266
t 66574 66489 66936 67277 67235 66982 66964 67155 67156 67199 66668 67265 66988 66989 66969 66949 66353 66928 67268 66972 66951 66293 67271 66954 67188 67083
hp 123
t 80408 76669 80580 80326 80416 80586 80419 80590 80423 79753 79674 76701 76702 80528 76703 80529 76704 80444 80447 76707 80534 76711 75266 76712 76713 79773 76628 76714 75268 80284 76715 80539 75269 75270 75358 76719 76549 76720 75360 75445 75361 76721 75446 75362 76722 75277 76723 75363 75448 75364 75278 76638 75365 75279 75450 76726 76640 76641 76557 76728 80468 76558 76729 76643 76730 76731 76646 76648 76649 75375 80475 76650 76651 76566 80562 80478 80393 80479 80480 79715 79716 76571 76659 76660 76662 76663 80404 80659 80406
hp 272
t 75818 75821 75822 72214 71705 72173 75828 71326 68521 75792 75793 68525 75836 72139 71885 75798 75799 75841 72144 75842 75801 75802 75803 75804 76995 75809 72154 75852 67183 75853 71307 75854 75815 76876 67187 76920 77006
hp 177
t 31490 28918 31598 30217 31407 31514 31493 31515 31494 31048 30412 31666 30158 31604 31520 30266 31585 31224 31587 31503 31673 31737 31675 31527 29873 30215
hp 246
t 67575 68770 66985 61633 67414 67077 68863 68778 66909 66994 63170 66995 66826 66911 67421 67167 67424 67426 64281 68787 67258 68193 67003 68279 68789 67175 67432 66923 67264 68114 68118 71607 67527 61662 66848 67358 67276 66937 61667 68808 66854 67366 67197 67027 68813 64141 68817 67032 67203 68138 68818 71538 68734 68825 63980 68146 61686 68150 67217 68152 49283 68408 71555 67050 68072 67053 67394 68417 66888 68843 71564 68080 63746
hp 232
t 55078 54909 54569 55079 54910 54911 55081 55848 54828 56276 55851 54834 54921 54836 54837 54838 56284 56199 54839 54925 55096 56202 54842 54844 54931 54847 54594 56124 53490 56129 56300 54858 54606 54776 56308 56139 54868 54869 54784 56403 54873 54790 56066 54876 56154 54880 54795 56156 56073 56074 54800 54802 54973 54804 56164 54720 56165 56166 56167 54979 56170 56171 56172 55578 56175 54815 55073 54903 56264 55075 54564 54565 54821
hp 69
t 29110 29111 30430 30134 29114 31580 29371 53086 31582 29415 29713 30308 30268 30440 28699 29168 29295 31634 30317 29340 29133 29134 30452 29348 11243 11159 28712 29138 29436 31563 29098 30288 29397 29100 29016 30377 29104 30294 28682 28896 28683
hp 308
t 39014 56015 58225 55635 39018 74634 56020 58125 58254 58212 39088 38982 58149 55940 74004 55347 39132 56304 58281 55330 58243
hp 265
t 75988 66978 75989 71569 71739 75990 68509 68000 71911 71570 71741 68510 68511 71742 68513 71572 68514 71746 71917 72086 71747 68517 72258 71748 68519 71578 72089 68518 72090 71581 72091 72942 68692 72093 67674 67505 68526 71756 71927 71587 72268 71588 67339 76010 72101 67341 68362 72103 68364 71936 72106 71597 71940 71770 75850 75851 67011 67353 68544 76028 71778 76029 71610 68550 72120 76031 67191 71611 71612 68552 68382 71613 67872 67873 76542 72123 71614 68554 68555 67196 67876 68386 68217 68557 68558 68388 68559 71789 68390 71790 68391 72131 68392 67883 68393 67884 67714 67205 67036 67376 67037 72138 68569 68399 68400 67044 72485 67216 67219 68239 72151 67224 68075 67226 68416 67736 72327 68418 67229 67059 71479 72161 68421 68422 71482 68083 67403 68423 72335 68425 68597 67067 68598 68428 66899 68430 68601 68431 68432 68603 68433 68605 67075 68436 68437 71497 68438 71499 68271 67255 63855 71677 67259 71681 67261 67262 71682 72192 71683 72362 71684 71514 71685 71687 71517 72199 67099 71690 72202 68293 66934 71694 71864 71695 68465 71697 71867 67278 68468 67279 68469 68470 67961 68471 71703 71704 68475 71875 68476 72216 68477 71708 72218 72050 67971 72221 71712 72222 72053 71714 72224 71717 72227 71718 76138 71719 72229 72230 71721 71722 72232 71723 72064 71725 71726 71727 68498 72070 71560 72071 72241 72073 68333 72243 72074 68504 72075 75986 66977 75987
hp 78
t 41653 41483 41654 65283 41826 59338 41488 65289 65290 41661 41662 41663 41493 42004 22793 41495 22626 22967 41498 41329 43710 41671 41673 22804 41505 42188 22640 22810 41511 22812 22813 22814 22815 41516 65147 22817 65148 65149 65150 22821 22822 42033 22824 42375 22825 42036 41526 22826 42039 22660 22831 23512 22832 22833 23513 22834 22835 41536 22836 23517 23518 22669 22838 23519 41539 42389 23520 22840 22839 41540 22671 23521 59221 23522 22843 23523 41714 22844 23524 41543 22845 41545 43924 23526 22847 41547 65347 42399 23360 20640 23531 23364 23534 41214 41556 41557 23537 42408 23538 41729 23031 44961 41732 65023 41734 64854 41564 23544 41565 78626 41567 44968 41740 41576 41748 42428 41578 41579 41750 59260 41753 59263 41584 41755 42095 41585 41756 41586 22886 44987 22718 65387 41588 22719 41589 44989 44991 43124 41594 41085 41595 41766 61995 41768 41428 41598 41429 41599 44833 41435 41605 41437 41777 41438 41268 41608 59629 41609 41610 41611 41443 41613 41444 41784 41614 41785 41615 41786 41446 41616 41447 41617 23428 41788 41789 44000 43661 41621 41624 41795 44517 41630 65095 65096 41640 41811 41641 41132 41642 65104 65105 65106
hp 295
t 80027 80368 79900 80880 80710 80881 80711 75951 79947 80884 80034 80205 80079 80122 79909 80165 80889 80890 80337 80126 80722 80000 80298 80001 63512 80044 80214 80725 63556 80046 79919 80176 80006 79369 63518 63520 80818 63521 80351 63522 63565 63523 80183 80736 63567 63526 80738 63529 79382 63531 79469 80192 80024 63535
hp 256
t 67999 63580 67660 63921 63581 67661 67662 63583 67663 66983 63924 63584 63586 63587 63588 67668 63929 63589 63930 63931 63591 63932 67672 63933 63594 63934 67334 63935 67335 67336 63598 63599 67682 67342 67343 67344 75846 67346 68027 75848 67348 67689 67010 67350 63611 67351 67012 67692 67013 63614 67694 67695 68035 63615 75856 75859 75860 67021 68381 67022 79602 68385 68051 68052 68055 68395 67377 68058 68059 67380 68062 68402 63644 63648 63649 67389 63651 67391 68411 68076 63656 68077 75900 68081 75902 63665 68085 68086 63667 68089 63671 67760 63681 63682 63684 80005 63687 63688 67768 67771 80013 80014 67434 63695 63697 63698 63699 63700 63702 80704 63705 63706 63707 63708 63709 63710 63711 63712 63713 63714 80714 63715 63716 63717 63718 63720 63721 63723 68143 63725 63727 63728 71888 67808 63729 67809 63730 67811 63732 71892 63733 63734 63735 71895 63736 75976 63737 75977 63738 75978 63740 63741 63742 63743 68163 67824 75984 71905 75985 80066 71906 71907 71908 71909 67830 71910 75991 68171 67831 75992 75993 67833 75994 67834 75995 71915 67835 67836 80077 68178 71918 63758 68180 76002 76003 67843 76004 76005 76006 76007 76011 76012 76013 76015 80096 80097 80098 76018 76019 80099 80100 76020 80101 68202 80102 80103 68203 76026 80107 68207 80110 68210 80111 63575 68221 68228 68232 68242 68243 63488 63829 63490 63491 63492 63493 63495 67916 63497 63839 63500 63501 68261 63502 80842 63503 67584 63504 66905 68607 63508 67931 68272 63513 63515 63516 68277 63517 63858 68278 63519 67599 68281 67941 68282 68283 68286 67947 80867 67948 66930 67612 67952 63533 66933 68296 68297 66938 67618 66939 63539 67620 67621 67622 67625 67628 63889 67629 63552 63553 63554 63555 63557 63558 63559 63560 63561 63902 63562 63563 63564 67987 63568 63569 67649 63570 63571 63572 63912 63573 67653 63574 67654 67655 63577
hp 234
t 53462 53592 53507 53509 77778 53425 53256 53383 53682 53510 77440 53556 53344 53386 53685 53387 53686 53347 53262 53559 53432 53688 53689 77489 53520 53691 77491 53649 53564 77152 53523 53566 53567 77410 55013 77495 77327 77413 53528 53571 53614 53572 77415 53547 77501 77416 77629 77417 77418 77631 77419 53323 54130 77421 53621 54099 77464 53623 77679 77594 53841 53504 53887
hp 76
t 41309 65195 65282 65201 64864 41660 64696 41749 41154 41752 64873 65216 41161 41757 41758 64879 64880 41422 41592 41339 41765 41170 65141 41426 64886 61912 64888 65144 65059 64974 64975 41431 65231 41263 62684 41604 41439 41442 41450 41365 62617 41537 41454 41455 65170 22670 41286 43157 65258 41460 41375 41632 64924 41379 62629 65349 41382 64929 41385 64932 41728 64934 42409 65190
hp 318
t 79473 77900 79432 78499 78244 79264 78542 79265 79520 78375 79607 79227 78250 78081 79568 78167 78209 79443 79486 78253 77829 79232 78212 79573 79575 79278 78556 78216 79576 60197 78259 78558 78262 78178 79114 79584 77843 78226 78227 79588 79292 64715 78230 78189 78274 78232 78191 78573 79552 78362 78066 77855 79726
hp 320
t 79049 60179 60350 57460 81771 57462 81262 79053 79054 57464 81777 81779 81782 79064 81784 57474 81787 79072 78393 79073 57483 81794 57484 81796 81799 57489 81800 81802 81803 78403 79085 79086 79087 81298 81812 57504 57505 81816 81817 57507 81818 81819 78929 81820 81823 81824 81825 81826 78936 81827 81828 81829 58881 81321 81152 81833 81664 58885 81665 81836 81837 81667 81838 81839 81669 81842 78954 59066 59067 57537 59068 81848 59069 81679 81850 57539 57540 81851 81681 57542 57543 81854 81855 78966 81177 81688 81179 81689 57549 58909 81690 57550 81010 81691 57551 81863 81693 81184 57555 79047 81189 81870 57560 81193 57563 81197 81198 81708 58928 81199 57569 58929 81369 57570 81541 81711 81202 81543 79164 57574 81545 81375 81546 81207 81888 58939 81042 60303 81555 81218 81732 81226 81396 78850 81233 81234 81235 81405 81240 81072 81246 81756 81757 58978 81760 79041 60172 60342 79042 81253 79044 81597 81767
hp 335
t 50402 50403 52698 53123 49723 53039 31619 52700 50406 50407 53042 51173 53043 50409 50410 50411 50412 50413 52709 51180 49720 51013 52544 52715 53057 53058 52378 53144 53059 50340 50341 52722 50258 51108 52723 53064 52640 53071 52648 51165 52564 52480 53246 53161 53076 52567 53162 52483 53163 53164 53079 52570 53165 53081 52572 49682 52573 53083 53169 49684 53084 53085 53171 52322 53173 50371 52411 50288 52501 53096 52502 52673 52588 50463 53098 52505 50296 50382 50298 52423 50469 50300 53020 36530 53189 52596 53022 50303 53193 53024 52940 53026 53111 49712 53112 50392 53113 53028 53029 50394 53114 53200 53201 50396 53116 53032 50397 52862 49718 50398 50485 50400 52527
hp 105
t 80068 76160 80241 80242 76163 76504 80075 80246 79907 76168 75837 80088 76179 80090 75839 79920 79921 79922 76014 76184 76355 79925 76526 79937 80108 76369 80109 80619 76370 80280 75861 76372 76375 76376 75867 76378 76379 76380 76381 75871 76382 75879 79959 76391 76392 76394 76396 75887 76228 76400 76570 76401 76230 76231 76402 75891 76232 76403 71982 75893 76235 75895 76406 76576 75047 76238 76240 76411 75901 76413 76243 76414 76244 76415 76245 76585 76586 76246 76247 75908 80501 76252 76253 79896 80504 76086 80338 79998 76090 80511 76264 76265 76266 76267 76779 76269 80011 76446 76276 76450 76452 76453 76455 80025 76456 76457 75778 76459 75782 76463 80033 75955 80546 75787 80554 75795 80045 80047 75800 76310 76481 63731 76312 75973 75974 63566 76489 63739 75816 80067
hp 296
t 78497 79476 79560 77903 77861 79348 79435 79480 79440 77910 79442 79612 75575 79274 77830 80551 79318 77916 77835 77920 78091 77878 78261 77879 79665 77881 78264 79667 78009 78265 77840 78266 78182 79629 78185 77930 78101 77856 79556 79344
hp 298
t 41988 43858 42500 44031 26693 41993 42503 43694 42504 42505 42846 43866 43527 42508 43869 42169 26869 42510 43870 42680 42511 43190 42001 42002 42003 43873 43875 42686 44215 42856 26876 42006 43537 42688 43877 44217 42689 43709 42519 42690 41670 42691 42011 42692 42522 42693 43883 42523 42694 43884 42695 43545 42696 42866 42697 41506 42698 43888 42699 44399 41681 42363 42703 43383 41685 42025 41346 43897 42877 42368 41348 42369 42879 42370 42710 42371 41351 44921 42712 43221 43902 42373 42713 43903 42374 42714 42715 41355 42716 41016 42377 41357 42378 41358 42379 41699 41022 41702 41363 42384 42044 42725 42385 41705 42046 42386 42045 42047 42387 42727 42388 43748 41538 42729 42390 42730 44260 42391 41711 43751 42392 43072 42393 42733 42734 42394 43074 42395 43926 42397 41718 42398 43589 42400 41551 43591 43083 43934 43935 42407 43088 42578 42579 42410 42580 42581 43261 42072 42582 42413 43262 42583 42923 42414 43944 42415 43263 43776 42586 43097 44966 43098 42588 42928 42589 42929 42080 42081 42591 43952 42593 43953 44293 42594 43955 44295 42596 43787 42597 43957 43958 42598 42599 43959 43110 42431 43794 42094 43964 42604 42098 42269 42780 42610 42615 42106 42277 43470 42620 42621 42622 42623 43814 43644 42287 43819 44160 43480 42291 42463 42633 42464 42465 43655 42635 44166 42296 44167 42810 42640 43831 44173 42474 44345 44348 42316 44189 44190 43512 43342 43515 27196 41986 44197
hp 267
t 65830 65980 65896 65897 72420 65877 66769 73294 65900 66155 65818 67157 65819 66010 65905 73236 65692 49417 65908 65887 65909 65972 66483 65995 66506 67165 50612 30767
hp 208
t 31534 49469 28899 49642 30265 49562 53132 30267 73452 47358 50419 49314 49654 28915 49655 50166 49996 53142 49997 31043 30280 47536 31558 49918 49324 50175 49325 49836 31562 50009 31566 30210 30211 30296 30212 30213 30978 31489 31576 31491 73651 53166 30897 30218 73483 30219 30220 30221 49601 30306 31584 30819 50029 49775 30990 50030 30736 30311 31588 31676 30232 73497 30233 30319 31597 31512 49957 49277 31513 30237 30239 49791 49962 49623 49625 50900 31010 49626 31011 30249 49714 30421 28893 28894 30254 28895 31021
hp 115
t 73990 55545 80919 81600 81303 73994 74461 81643 73995 73909 73911 73827 73998 73913 55596 73914 80927 74043 74213 74133 74645 73880 74731 74095 74222 74393 80938 73841 81535 74140 81281 74652 81495 81283 55486 80944 81624 74115 81499 81500 74063 80914 74075 74200 55374 73989 81639
hp 113
t 69869 72504 72164 72505 72167 76842 76846 75742 76340 76426 77022 76343 72518 76344 76345 75584 75586 77032 75588 75589 75590 75761 75591 75592 75678 75593 75595 75596 75599 77045 76535 77046 75773 75688 75774 75690 75520 77051 75606 75611 76377 75699 75614 76980 75624 75625 75626 75542 76988 77074 75629 75630 75545 75547 76313 76824 75721 75722 72322 69857 69858 72153 75726 75556 76916 75049 75729 71224 75050 75731
hp 334
t 49812 49644 49646 50498 49820 49990 51185 49317 49659 49833 50516 50517 49837 49667 49328 49840 49841 50521 49842 50522 50352 50524 49845 50525 53075 49846 50186 50355 50187 50357 50358 50529 50359 50361 50532 50362 50363 50536 49856 50537 49347 50538 31158 49688 50539 49689 49691 49351 50543 49693 49354 50545 49355 73496 49188 31680 49704 49875 31686 49709 49710 50730 31012 49885 49886 50568 31019 53121 49383 49894 49385 49896 31706 31027 49221 49902 49222 49394 49399 49570 49233 50934 50257 50432 50434 50435 50267 49758 50442 50273 49764 49765 50276 49766 49767 50618 50278 49768 49599 49769 50620 49770 49771 50282 49772 50283 49773 49774 50454 50459 30739 49952 31082 31084 49275 49787 53188 73419 49960 49280 50470 50473 49624 49795 49628 49458 50479 73090 53030 49806
hp 307
t 81769 81259 81260 78880 81261 57466 81268 78379 78890 57475 81446 81277 81278 78395 57485 57487 81801 79257 78578 81810 81300 81813 57506 78587 57509 79101 81311 79102 81834 81155 79118 78949 81670 81671 81332 81504 81674 81334 81166 81846 57536 81167 81336 81509 81339 81680 81511 81001 81341 81852 81682 79813 81342 81343 81514 81513 81515 81685 81686 81347 81348 81859 81350 78971 81185 81696 81187 81697 81357 78978 81698 57559 81361 81873 81363 81024 79835 81367 57568 81368 81709 81880 81370 78990 81710 57571 81882 79162 81885 81717 81208 81719 81379 81720 81551 81722 57583 81215 81726 81727 81388 81899 81390 81221 81561 81223 81734 81905 81394 81735 81227 81908 81398 79869 79018 81739 81740 81741 81912 81232 81742 81914 81917 81407 81918 78861 81582 79203 81753 81584 81586 81247 81590 80910 81250 81591 81251 81593 79043 81594 81763 81084 81595 81765 81766 81257
hp 217
t 53124 10624 50405 53040 53041 53127 53128 53131 52706 53133 50414 53135 52710 29507 53137 52712 53138 52713 29509 53139 52885 53140 53141 13192 53143 52719 52890 10391 52892 53147 52895 53151 10656 10657 29528 10658 29529 10659 29530 52905 10405 53160 10406 29531 10660 10407 29024 52995 10410 53080 53036 29537 10412 53082 53168 29624 53170 29625 52831 53172 29627 53088 53174 53175 29548 28868 50458 53093 53179 53180 53095 53181 53097 53183 10619 53015 53017 10432 10602 53018 53103 53019 31600 53105 10436 53021 29391 53107 53023 10949 10950 10356 10951 28888 10954 10614 10700 10446 10956 10872 10702 10957 10617 11213 10958 53118 10959 13170 53120 53037
hp 219
t 32808 32809 32815 33071 32986 34347 32903 32988 34349 32820 33758 33505 34355 32996 34357 32829 33765 33257 33002 32833 56803 34363 35724 32835 33090 35725 32921 34537 35727 34368 54514 32840 33011 33267 33012 34545 33611 34547 34549 33019 54525 34380 34551 32769 34555 33110 34470 34556 33790 33622 34557 32773 33200 32775 53770 33626 32777 33118 53773 33630 33631 14592 33207 33122 32868 32783 33123 53949 14596 32786 33721 32872 33212 57097 32873 32792 14687 33739 33135 54472 14523 32968 32798 32799 33057 33568 33058 33738 35779 33230 33061
hp 273
t 76306 72333 72653 76308 76367 76309 76521 72910 76353 76332 67174 76333 76335 76314 72533 71302 75810 72644 68415 72645 72539 76322 71308 71478 76324 71139 71289 76347
hp 176
t 31426 47109 31450 30760 31111 30750 31477 32176 31231 31050 31455 31137 31042
hp 293
t 34253 6713 33403 33489 75649 14619 34170 33490 18956 18277 19127 6718 34513 33153 17768 5954 33410 18365 18962 34177 18367 18963 18964 33500 18200 34522 17778 34185 32826 33421 32827 17442 18208 33849 18209 14384 18210 18975 14725 34276 16766 34446 33852 34532 14729 14475 17790 33262 14732 15074 14649 16436 18222 6068 16866 18314 34209 6671 35231 33363 33875 18322 33197 34219 6679 17474 18241 34222 18244 16974 33294 17144 17912 14767 18253 14768 18424 6695 14684 18426 5932 18427 18258 14689 33476 18431 33478 14353 34244 18264 17414 14695 35351 17845 33227 6708 33823 33398 34249 33144 34759 33145 34252
hp 319
t 14703 17169 14704 14454 33155 34431 33243 16838 14544 32819 33159 14375 40727 18204 14467 15148 32998 14724 15065 32831 14726 14388 33599 14474 5977 14734 14480 17031 14653 34544 17204 14570 15082 14574 17039 14746 33022 17213 32854 14496 14497 33454 18240 32778 14419 33034 14590 34395 14421 35076 33632 33037 14340 34318 33553 33129 14515 32790 14685 14772 14688 32795 14691 14609 34414 18267 17163
hp 317
t 66680 68979 68681 61712 45944 69322 61629 68982 64478 61716 61844 62100 69283 69198 68646 69496 69582 68860 61592 61550 62146 61467 62191 45998 69458 68821 68653 61641 64490 61600 61857 62367 62070 68957 68660 61902 61861 69128 68662 61649 61947 61607 69005 61824 62080 62124 61446 61914 43938 61832 62172 61707
hp 289
t 50745 49387 50833 50834 70810 52110 73616 49391 70898 52114 50670 52121 70821 35379 51616 70232 70827 70147 51618 70148 70828 51621 51622 51623 51878 70153 51624 51965 51627 51628 50693 50694 50865 70330 51630 50696 50867 70332 50697 70162 50869 70164 50699 50785 50786 50787 70168 50703 50789 50704 50790 50705 50877 70852 70769 51560 70175 70773 70179 70860 70775 70862 70777 70778 70186 73672 51746 51917 50816 70877 50989 70880 50736 70203 50738 50739 49381
hp 178
t 47088 46408 46578 46238 47089 46579 47090 48240 46580 47091 48280 46581 46921 46582 46922 47093 48283 46583 46923 46584 46413 46414 46585 47094 47095 46586 46415 46587 46928 47099 46419 48289 46589 49139 48290 46930 46590 46591 48291 48461 46933 46253 46935 46936 46937 46938 46939 48302 46433 46434 48304 46435 46436 46437 45083 46444 46445 45935 46786 46446 46447 46107 46788 46958 48319 46450 46112 46452 46456 46967 46969 46800 46120 46970 46461 46462 48332 48333 46804 46125 48335 46126 46127 45787 45789 48171 49022 46146 48445 45637 45809 45639 46490 45640 45813 46155 45646 46499 47009 46500 46501 47011 45823 47013 48206 46337 46338 46339 48380 46851 48215 45837 46178 46520 46523 46189 46360 48400 46191 47041 46872 48401 48402 47043 46874 47044 48405 47045 47046 48407 46368 46539 47048 47049 46880 46369 47050 46370 46881 46371 48411 47051 46372 46882 46542 46373 46884 46374 46545 46886 46376 46547 47056 46377 46378 46379 48250 46891 47061 46381 46892 47062 46893 46383 46214 48254 46215 47065 46387 47067 46218 47068 46559 48258 47069 46220 47070 46390 48261 47071 46902 47072 46392 47073 46393 46394 47074 46225 46395 47075 47076 46396 47077 46228 48438 48269 47078 48439 47079 48270 46400 48271 47080 47081 46401 48272 48442 48273 47082 46402 47083 46403 46404 48275 46405 46236 46577
hp 264
t 76329 76161 68512 76162 76502 75823 71914 76503 75824 76164 76334 71745 71916 75996 75825 75997 76505 75827 75998 76165 76166 71919 76506 75829 76000 76507 76167 76001 76169 76171 68352 71583 76173 71754 75834 71586 72096 76176 76008 75838 76009 76518 72269 71930 75840 76520 72611 72441 72102 71933 71763 71934 76354 75844 71935 72105 72616 76357 75847 72107 76187 71768 76358 76359 76360 71941 71601 76022 71942 71602 71433 76024 76025 71945 71775 75855 76365 76536 76027 71947 71777 71948 76366 75858 71949 76368 71779 71950 76539 71780 76371 71951 76541 71609 75862 76373 68553 71783 76374 67874 76206 72128 71959 68560 71280 71961 71791 71962 71963 72133 72134 71795 76046 72135 72137 71968 67040 71801 71802 71462 71974 72655 71805 71465 71296 75886 68237 71466 68067 71467 76398 71979 71980 72152 72155 72329 68589 72332 68424 67915 72165 68596 72166 68427 71318 67748 67751 72172 72512 72513 68434 68435 72517 68269 67249 67759 71841 68275 72697 71507 68447 72698 72699 71680 66921 71511 72532 71855 72026 72195 71516 68515 72197 71605 72198 72029 72200 72031 71520 72201 71692 72542 71693 72203 72204 72035 71866 72208 75779 76289 71529 63541 71873 72213 71874 72555 72556 71707 72047 72217 71877 72048 71878 68478 71879 68479 72219 71539 71881 72052 72223 72054 75794 71884 72055 72225 72057 75797 71887 72058 72228 72059 71889 76480 72060 67810 71890 72569 71891 72231 67812 76483 71724 71894 75805 71214 71896 71897 76488 76319 71899 67819 72239 76491 75811 75812 75813 71904 76496
hp 270
t 35018 70719 35021 69701 35022 69702 69703 70723 70043 54065 70047 71290 69712 76856 69716 54076 51360 35041 35042 51362 35043 35044 69726 71086 54090 71092 77553 35054 35055 71096 70417 69737 76877 54098 76879 71099 70079 35060 77560 77561 35062 35402 77562 35063 77563 35065 35066 69747 35067 70428 69752 54112 51392 54113 54114 51394 54115 51395 54116 51396 70437 51397 54117 54118 71118 51399 54119 69760 69761 54121 54122 69763 54123 51404 54124 51405 69766 54127 51407 69769 69770 69771 36793 36794 51414 54135 36796 51416 51419 69784 54144 69785 51425 54145 70466 51426 54146 69787 54147 51428 69695 51429 69790 70472 69793 70133 69794 70134 69795 69796 54156 51439 70482 70483 69804 70484 54164 69805 54165 69806 54166 69807 71168 69809 54169 69810 54170 69811 72531 54172 69813 54173 71173 71174 72535 54175 71175 71176 71178 71179 70500 71180 72541 69822 69823 71184 54184 70506 54186 69829 71189 72551 71191 70512 72552 54192 72553 54193 72554 54194 71194 54195 69836 71196 69837 69839 34819 54200 71200 54201 71202 77323 70524 70525 69845 70526 71206 34827 69847 71207 71208 71209 71210 71211 69852 77332 70532 70533 70534 70535 77336 70537 72577 70538 72578 70539 70540 76320 77341 76321 70542 71222 70543 69864 69865 70545 77346 76326 69867 34849 76331 69872 34852 77353 35193 77354 69876 71236 69877 77357 69878 69879 72600 69881 34862 34863 69883 70564 69884 70565 69885 70567 53908 77368 77370 72610 53911 70572 77372 72612 69893 77373 77374 77375 69896 69897 77378 69898 69899 77380 69900 77382 34882 70584 72624 72625 70586 72627 70927 77388 70588 77048 77389 77049 72628 77390 70590 34890 69911 69910 77050 72629 72630 70593 72634 72635 70596 72636 70597 70598 69918 70599 70600 70601 34901 35241 70602 70603 70604 70605 34906 70606 70607 70608 69928 34908 70609 69929 72648 69930 70610 34910 70611 69931 72649 70612 36610 72650 70613 51233 71291 36612 70615 69936 69937 35257 69938 69939 70619 69940 34920 72660 70621 35261 70622 34922 70623 69943 34924 51245 69945 70625 69946 69948 69949 34929 34930 69951 70632 35272 70633 70635 34936 34937 70977 34939 70640 34940 35280 70641 34942 34943 70644 70645 34945 70646 70647 69968 71328 34949 34950 69971 35291 51271 70652 71332 70653 34953 70654 71334 34955 70655 34960 71340 69981 72701 34962 72702 69983 34965 34967 34969 34970 71010 69650 69651 34972 54016 34976 34977 34978 54018 34979 54019 34980 54020 34981 71021 34982 54023 34983 71363 34986 34987 54028 34988 54029 34989 54030 34991 54031 71372 54033 71373 54035 54036 54037 34997 36697 34998 54043 70023 36704 71384 54045 36705 54046 35006 36706 71386 70708 35008 71388 69691 70032 76832 76833 70034 76835 54057
hp 231
t 77646 77307 77266 77522 53382 76928 77311 53258 77441 77271 77443 76890 76934 77445 76808 76935 77530 76936 53604 77276 77065 75748 77277 76938 77193 77279 53565 77537 74903 77538 76944 77285 76947 77287 77245 77628 76863 77585 77586 76950 74910 77290 77293 77124 77302 76913 77593 77127 76914 77808 77298 76959 77089 77301 77090 77135
hp 292
t 76030 63880 67407 75865 63903 63075 63777 64500 75785 80035 63290 63780 63122 63528 63507 76514 63979 80875
hp 248
t 64428 64089 63920 63922 63923 63415 63925 63926 64437 63927 63928 63249 63251 64272 63253 63425 63595 63936 63767 63256 63597 64108 63257 63938 79409 62918 63939 63259 62750 63940 63260 63941 63261 63942 63262 63433 63943 63604 63945 63265 64456 63946 63267 63948 63268 63269 62760 62930 64121 62931 63952 72112 63613 63953 63274 63445 63955 63446 63956 64467 62937 64128 63278 64129 63959 63279 63960 64131 63280 63961 64132 64133 62773 63623 63963 64134 64136 64137 63287 64139 62779 63289 64140 63461 63293 64144 62953 63974 62957 63808 63638 63809 64659 63810 64150 63299 63811 80811 63132 64153 63303 63814 64155 63985 80816 63817 64327 63818 62798 80819 64329 62969 63309 63141 62971 64331 63311 62972 64503 63484 63316 63827 62977 64337 63148 63998 63318 63830 80831 64171 63321 63832 63662 64173 63833 64342 64174 63834 64344 64175 80835 63494 80836 63496 64347 63838 63498 64009 63843 63673 67585 63165 63506 62996 67587 63848 63849 63509 63510 63851 62833 63854 63514 63344 64365 63856 63857 80177 63177 63859 80179 61650 63861 80861 63862 80862 80182 63863 61653 64205 80185 64035 63866 62846 67607 63867 63187 63868 80188 64038 63869 67608 63359 63870 67609 63360 63530 67610 80872 64382 80873 63534 67615 63025 64385 63536 64386 64217 63537 64387 68128 61668 64388 64389 80882 63542 80712 63032 63373 63033 64393 63035 80887 63037 63550 79362 67633 80723 80894 80895 64405 63385 63387 64408 80733 80734 63054 63427 80735 64418 64420 63402 63403 80744 63235 80745 63747
hp 119
t 70627 76892 76839 53376 53381 77427
hp 200
t 16466 16488 33700 19294 19315 17955 17827 17956 40863 38143 37295 14558 14581 16601 17196 17281 40786 17964 38130 17966 19305 61083 19286 14591 37669 40835 37968 40858 17931
hp 279
t 43752 43116 43201 43160 43161 42544 61924 68640 44011 43758 43143 62311 62216 61634 62081 62342 62251 43297 43215 43174 43089 62108 43641 43343 62086 43324 61706 43962 43793
hp 277
t 59599 65099 59553 41593 65266 41445
hp 101
t 53293 53636 53638 53639 53300 53640 53641 53643 53644 53304 77614 53645 53986 53308 55008 53309 53311 53652 53653 55014 53654 53655 53656 55016 53657 55017 53658 53659 53663 77721 55027 53669 53670 77300 53331 55035 53676 53677 53678 53340 53426 53428 53684 53429 53260 53345 53430 53261 77570 53687 53690 53265 53435 53266 53267 53269 53439 53270 53695 53271 53272 53358 53273 53529 53275 53616 53447 53367 53538 53453 54133 53710 53455 77772 53372 53713 53289 53632
hp 165
t 30768 31279 31453 47774 31454 30774 47775 31117 30777 31457 31119 47784 47104 31464 47785 47786 30616 47787 47448 31298 31470 46940 46941 31472 46942 47793 46944 47797 31307 30628 31309 31140 31310 31311 31483 31314 47805 46959 47640 46963 47643 46972 29973 30144 47825 29975 47826 30146 30148 29979 29980 46981 29981 47662 29982 29983 47834 31176 29988 29990 30501 29991 30502 30162 29992 31351 29994 31185 47846 30166 47847 47849 30509 29999 47850 47681 47852 47682 30002 47513 47683 30174 30004 47006 30688 47859 47860 30694 47694 30015 30016 47698 30018 30019 47700 47701 47532 47702 47703 47024 30195 47365 47706 47707 30027 47708 30369 30370 46862 30032 30546 47377 30548 30039 31230 30379 30040 30380 47721 30383 30043 30044 47724 47386 47730 47732 30223 30052 47737 30058 47738 47741 47742 30062 47743 31424 46556 31427 30578 31093 47585 46905 30593 47424 47764 31446 31277
hp 104
t 75562 75393 76668 76242 75394 75225 79731 75906 75397 75567 75398 80327 76420 76421 75403 80418 76423 79908 76593 75233 75573 76594 76254 76425 76595 76255 75577 75578 76429 76598 76430 75411 76091 76261 75582 76688 75583 80599 80260 76606 80432 76607 76268 75760 75421 75081 76271 75763 75934 76275 79765 76706 80617 76708 80448 75093 76709 76454 75095 76710 75521 80622 76458 75608 75523 80454 75099 75440 75610 75103 76633 76551 75531 75447 79952 76552 76637 76553 79953 75449 76554 76639 75451 76556 75536 75452 75368 75623 75538 76560 79451 76561 80473 75628 76563 75544 76224 76564 76225 75376 76565 76567 80649 76657 76572 75383 75212 76573 76405 76575 75046 76661 76407 76577 76237 75559 75221
hp 106
t 74458 74459 56277 74212 74048 74049 74051 74053 74478 74054 74055 74056 74057 74397 74059 74399 74484 74145 74485 74231 74146 74486 74402 74404 74234 74405 74320 74406 74407 74067 74492 74152 74408 74493 73984 74410 74411 74072 73987 74157 73988 74073 74413 74074 74159 74415 73991 73740 74080 74165 73996 74081 74166 73741 73742 74167 73912 74083 74168 74084 74169 73745 74170 74171 77742 74172 74173 74177 74008 74433 74178 74009 74093 74094 74010 74180 74011 74181 74182 74183 74184 74185 74186 74784 74359 74785 74445 74191 74447 74109 74364 74110 74365 74113 74029 74795 74030 74031
hp 84
t 23288 57629 22949 78711 61201 78712 22953 58144 57635 58995 22955 58146 57637 57807 22958 22959 60190 57470 59510 58152 60194 59514 57986 78730 59520 58842 60374 59015 58336 57660 58000 57490 58001 57492 59024 59364 59025 59365 60726 60557 59028 58008 59538 57669 61409 59709 58011 78752 58012 57503 59375 59036 59037 59038 59039 58359 78759 58362 78762 57682 57684 57346 57349 59559 78770 57690 57520 78600 61430 57521 57350 58031 57522 59223 60243 58883 78774 57525 57696 57356 57526 57697 57357 78607 57527 57529 57700 57534 58045 57535 81676 78788 57368 57369 57370 57711 57712 57713 64514 59075 78795 57715 57716 78798 58912 58913 58914 57385 58915 57386 58916 57727 39196 57729 57730 58410 59600 58411 57390 59092 57732 59094 58755 59095 39885 59096 58926 58757 59097 78477 59608 58759 58080 22550 58761 59101 58081 58762 57742 58082 58423 58764 58425 59105 22555 58426 59107 58428 59448 59449 58429 22559 37010 39049 59790 58431 22902 58435 58095 57415 58776 57416 58946 58948 57589 57420 39910 58101 59122 59123 57593 59124 58104 57596 23256 57427 58617 58107 60149 57769 58109 57770 58110 57772 60154 59135 58965 59136 22925 58966 22926 57436 58967 57438 57607 60158 57437 58969 57440 57441 58971 58972 57443 58973 57613 57784 58974 57445 22936 57447 57959 57451 65101 57452 65272 57453 65273 57454 65274 57457
hp 247
t 33488 33829 33830 34512 33833 34174 34178 33840 33842 33502 35372 14463 35373 33844 34184 33846 33167 35378 33338 14642 33513 34193 14473 14643 34194 34195 33855 17706 34197 16858 34199 33520 14481 17202 33524 34205 15336 33527 34040 33362 17214 34724 33198 34218 33199 34560 34562 34564 18245 34225 34565 34566 34567 34227 34228 34572 18252 34573 34743 34574 18423 33555 34575 34745 34746 35430 18261 18262 33392 34073 17413 14354 14694 18265 6706 35436 34251 33401 18272 15041 33402 34084 34765 34256 33406 18957 14366 18278 16919 33240 34600 34430 18282 18284 17434 17777 34608 14722 18973 33935 14385 34616 17453 18985 14736 18987 34120 34292 18313 33445 33446 34126 14747 34809 18321 34812 34303 18323 19006 19007 34647 14757 14759 14760 14593 36013 34143 34654 17149 34660 34661 14771 34154 18177 35348 18352 34332 33483 33484 17844 34165 17846 18357 35187
hp 339
t 50445 51126 36083 51129 51087 51045 51088 52449 51089 50453 51728 50497 51729 51772 51730 73490 51179 51775 51181 51096 49269 51141 35884 50505 31720 52504 36056 51187 51145 35930 51147 52399 51081 52299 50474 51197 50475 51198 51155 52518 51159 52392 51075 52393 52436 50440 52354 51164 36077 51760 51166 35909 51719
hp 227
t 53633 53888 53634 53889 33404 54059 53721 53892 53893 53894 54066 53897 53728 54665 53730 54070 53731 53902 54071 53732 54668 33588 55009 54073 53904 54330 54329 53735 53736 33399 53738 54078 53570 53741 53912 53743 35811 53578 35813 53667 12529 53671 53927 53673 32851 15344 53856 35667 54287 53696 54291 14766 54717 53699 53869 54042 53957 33221 53707 53622 53708 34412 54048 53709 53626 53541 53627 53715 54056 54141
hp 331
t 65958 66638 65959 45220 45221 65961 45222 65962 66136 45227 66138 45228 65968 66140 66650 66822 69542 66142 66145 66147 66828 66659 69380 66151 66833 69553 66663 66664 69385 66156 66665 69386 65988 69559 66159 45250 69391 69562 69392 66672 45253 69393 66844 69564 66165 69566 45256 66167 47299 65999 69399 66170 45261 66172 45263 66174 69405 69406 69407 69579 46633 69416 62447 68910 69080 45280 46640 48001 48002 45282 66703 48004 45284 66704 48005 66876 69595 45286 69426 66707 45287 45288 69428 46649 66201 46651 66202 48012 69433 66204 69094 48014 69605 45295 69436 66208 68928 69438 66718 69439 69270 66720 66211 50061 66212 47343 68936 66217 66218 69108 66049 66220 66050 66731 66052 48032 66053 66224 66054 69114 45314 66055 66566 66056 47357 66057 66739 66059 66401 66232 66063 69294 45324 66064 66065 48046 69297 66067 69298 69299 66240 66750 66241 66072 69472 69473 66244 66584 66414 66073 69475 66075 66246 66248 45168 66249 45339 65910 66250 65911 66591 66252 66257 69487 45179 66089 69320 66600 66090 45350 69490 66770 66602 45352 47225 66605 66775 45186 45187 45188 66778 66270 66780 45191 66271 66781 66105 45365 66106 69166 45367 45199 66109 66110 45372 69513 69514 68666 66627 68667 69517 45208 66289 69519 66800 69522 65954 65957
hp 306
t 73862 55588 58223 81345 81516 74631 55591 81601 55505 81517 74038 81519 56274 74720 74635 73870 74721 73871 74722 74723 55598 81608 74724 81609 74725 74045 74215 39281 74726 81611 73878 55946 73881 74221 73882 73883 81534 73884 81619 74735 73885 81280 81621 81622 81623 39123 81284 81625 39125 81627 81287 55618 80949 55535 80950 55621 80951 81291 81292 81632 80952 80953 81633 81293 81294 81634 55453 81635 81295 80955 81296 55543 81638 55544 73905 81641 81642 73993 81302 81644 73910 73825 39145 81645 81647 73743 74000 73915 73916 74002 74003 81313 74005 74007 81488 81489 81490 81493 55568 81494 81497 55572 74187 81498 55488 81505 73856 73858 73859 55585 74626 74032
hp 160
t 32213 32553 47856 29711 31794 30689 47863 29803 47782 46550 47655 29806 29934 46850 30020 30658 46853 31894 29770 30664 47835 30538 30581 30539 31474 30584 30159 31233 30627 47757 30588 30035 31949 46910 29783 47804 32716 30550 31485 31358 29701 31487 31913 29789
hp 249
t 63578 63579 64260 68683 64266 63250 68690 63252 63596 63263 64284 63264 68030 63272 62932 62935 63275 63276 63622 62943 63283 63624 64306 63627 68729 68730 63291 64311 63633 63294 62954 63635 64320 62960 62962 63986 64326 64328 64330 62973 64336 68759 64339 67401 64345 62985 67408 64349 67409 67410 67413 63674 62994 64355 62995 68096 67416 68098 63678 67422 63004 63005 63006 67427 63007 68107 64367 63008 63009 64370 63011 61654 63014 61655 68116 63016 61656 61657 63017 67437 61658 63018 68119 63019 61660 68121 67443 64384 68124 61664 68125 61665 63024 63026 68126 68804 68127 63027 63028 61669 63029 68129 68130 63030 64391 63031 68131 61671 61672 64392 61673 63034 61674 64394 68135 61675 64395 63036 64396 61676 64397 68136 61677 67458 61678 64398 63039 64399 61679 61680 64400 61681 68141 68142 61682 68822 68144 68145 61685 68147 61687 63047 68827 68828 61689 68829 63049 64410 67470 63050 61691 68831 68830 68832 63053 68153 68833 68154 68155 68835 68836 68837 68838 63059 68839 68840 68842 63744 68844 63745 64429 63750 64431 63753 63073 63755 63761 68861 64443 68184 63765 63766 67507 67508 63088 68189 67509 63089 68191 63091 63094 67515 63100 63441 63102 64464 68205 64465 67525 64466 64468 64469 64470 64471 68213 64474 63114 64475 64476 64477 64480 63121 64142 64482 68223 64485 63806 64147 63127 64487 63128 62790 64492 64493 62796 64501 62802 63489 64509 64510 64511 63153 63835 63156 63499 63159 67582 68264 63164 68265 63175 62835 67937 63180 67942 67606 62853 67624 67968 61509 67970 67972 61513 62873 61519 68320 68321 63225 63226 63576
hp 255
t 51296 35275 51382 70423 36594 51554 70126 34895 51342 70298 51641 50835 69961 70302 51348 51349 34609 70224 36649 51354 69970 51568 34822 70438 70441 70449 35515 50688 70453 34925 70497 70583 69989 69992 34207 70248
hp 201
t 13789 14110 14025 14175 13986 14245 14120 14249 14122 14186 13761 13783 14081 14103 14189 13976 13786 14169 14107
hp 290
t 80665 75971 80678 63722 80160 80746 78133 80640
