ap 0
hp 376
 52991
ap 1
hp 377
 44859
ap 2
hp 93
t 28883 49965 30968 50391 50392 28845 50395 30462 29613 29656 28976 49494 28981 53166 52869 28984 52870 29667 52705 52749 52835 53090 52921 28740 50245 52881 29634 50374 52924 53095 49992 50885 29636 28828 31591 53054 29595 53098 52715 65807 53015 53145 31598 50384 53019 50385 53020 49706 28755 49877
ap 3
hp 36
t 46947 45119 47797 66710 45503 24636 45461 45504 68879 68964 45547 45464 26127 43213 67268 24981 45509 25324 69057 24985 47807 43048 45429 27835 69315 69445 46285 45436 26696 45694 45481 45864 27590 46546 27592 49438 27508 45528 45486 26446 27085 45829 43026 25941 25007 25305 46810 43545 27262 27602 26200 44009 24970 46562 46137
ap 4
hp 378

ap 5
hp 89
t 29181 28905 28991 28950 28929 31097 28932 29039 30250 28933 30272 28955 29086 28939 28982 29026 28945 28946
ap 6
hp 379
 20431
ap 7
hp 150
t 24622
ap 8
hp 43
t 43548 26975 26125 43720 43552 26892 43638 26638 27489 26981 27491 26386 27325 43050 27326 43731 26391 26477 27073 27074 26054 43566 26481 27332 43737 43059 42890 25975 43400 27080 27083 46295 26915 43746 26322 27343 26239 46300 27260 27176 27092 27518 27178 26329 43756 44269 25995 25315 25317 27272 27613 26343 27534 26429 27025 26347 43603 27283 26178 27284 26349 43605 43520 43606 43521 27372 27287 26947 27714 43014 27204 43610 27290 26780 26951 43525 27206 27632 26272 43612 26186 43614 27124 26105 27636 43701 42851 43617 27212 43703 27638 43533 27128 43619 43704 26789 27300 43620 43534 43535 27215 27386 26196 27132 27303 43623 27133 42943 27134 43627 26457 26374 43629
hp 39
t 26800 44991 28333 26378 26720 43723 43639 42110 27745 43727 43643 42030 43646 27156 28007 42796 27327 26392 42032 26479 42375 43395 27333 42037 42038 27249 27165 26400 26571 42380 26316 43575 41705 42471 27768 43580 43836 26414 26585 27180 44946 42057 42059 43762 45550 42238 46235 43601 41987 42075 46327 26949 27036 25932 43527 27380 43530 25939 43536 25942 27643 43538 26370 42180 45411 42011 24756 42182 42438 43544 27310
hp 47
t 27822 27316 25957 27784 27914 26086 27786 26088 26047 26772 27921 24691 43774 26478 27286 26649 43522 27968 27288 26438 26566 43524 27969 27757 42888 26143 27078 28014 26952 25890 27930 26188 26443 25892 26615 26956 27552 27935 27341 26448 26236 25981 26449 26621 43748 26579 26622 26791 26580 26371 25651 44054 25865
ap 9
hp 59
t 63373 58658 81204 81311 78783 80996 79487 59874 81252 78065 65021 37693 41859 79513 81044 22779 79688 77860 78094 81050 81900
hp 55
t 27906 26634 25617 25619 25961 25964 26560 26476 26052 24608 26224 25714 44245 25800 26055 26226 24611 26056 26907 26993 25888 26228 26058 27589 27929 26569 26401 25808 26403 43574 26320 26235 25641 26321 26406 25726 25643 26323 26068 27685 26325 46216 26411 27263 44433 26159 25821 27776 27777 25653 25313 26336 25656 25997 25657 26337 26338 26339 25999 25660 26341 26001 25662 26003 25833 27281 26176 26262 26348 26179 25925 26180 26351 25926 26096 26352 26184 26439 26950 26356 26101 26442 26103 26359 26444 26276 26616 26191 26192 26447 26278 26193 26194 27045 26620 26535 24581 26451 25602 27048 26198 26284 27815 25946 26202 25608 25695 26205
ap 10
hp 90
t 53496 35051 51201 34967 34968 54679 35820 34885 55966 55890 77480 53680 51301 51216 34897 34898 55809 77484 34984 34985 34900 34987 34988 40684 51310 51226 55563 53439 34317 55908 55909 70529 54125 77500 53446 77086 53712 34929 34930 55757 77179 74971 77778 34940 53899 54069 77360 55089 35710 55090 53901 54071 54072 34947 53732 54500 32995 54075 53822 56288 35803 35125 33851 35128 34959 35810
ap 11
hp 155
t 71 25422 2983 1179 2581 49100 9532 2733 12125 25620 9386 398 24713 25458 1956 24907
hp 161
t 25419 2725 2302 2281 9103 48672 25681 9382 25683 8641 25725 2988 32038 32250 48762 32655 32486 32187 25623 32231 2185 24669 25476 32298 2251 2422 32406 48791 32387 2490
ap 12
hp 380
 57087
ap 13
hp 163
t 9248 9588 9589 9590 8400 9591 9846 8446 9594 8192 9638 9553 2881 8745 8236 8194 8451 9726 9727 9387 8370 8203 8544 9267 9479 8205 8930 9610 8208 8931 12117 8932 9484 8465 9273 9614 8212 8255 8258 9661 8301 8259 9619 8217 8303 8218 8219 9963 9583 9584 8947 8226 9629 8737
ap 14
hp 363
t 7227 18398 18308 17007 16992 15893
hp 358
t 19022 40656 33135 7380 56873 32927 19667 17246 33759 57006 56818 33084 40545 40312 19127 40654 56761 40570
ap 15
hp 61
t 37723 64838 59740 79843 41934 65181 65139 37770 59402 19412 81675 18562 37687 18011 41854 41218 78278 81381 37393 58902 22649 59497 79303 78070 58904 59330 79391 18533 81348 58994 78204 17049 65201 41871 60061 16457 64695 59639 80931 78977 78764 59130 59428 81359 60110 18036 78089 59730 18633 77836 18549 78051 19274 59480 78351 78309 78905
ap 16
hp 381
 16383
ap 17
hp 382
 73727
ap 18
hp 38
t 59866 81712 59358 58849 57745 57746 81718 58504 59366 59877 81300 55546 58947 59885 59123 58869 81904 58275 58105 58700 58446 78932 58702 58873 39833 58958 58874 59214 55728 6516 58536 58877 74007 51228 38990 55736 81747 58627 58033 55739 57865 55740 57696 59653 58634 58805 58636 59743 39855 57790 58642 58644 58645 74716 58653 59250 57890 57976 58657 59252 58912 58402 81693 81267 58998 59167 58659 58660 57895 81270 59001 58661 59171 58662 59852 58663 58834 58070 58666 59177 58669 58159 58926 58672 58673 39803 58674 59864 58675
hp 50
t 18726 39297 61228 56046 59958 59109 57750 58177 57412 60390 60310 51217 37876 59042 17902 81570 55305 74005 37201 58791 79022 55734 81575 39161 58457 55313 58629 59055 57868 20215 57870 59315 55405 57956 39002 58638 59237 81592 39776 55671 39692 74714 58651 37486 18108 78375 81860 54066 15053 53728 39619 19305 81443 78301 34951 61304 39714 57734 6650 74310 57566 58160 57738 59184 39635
ap 19
hp 383
 40143
ap 20
hp 384
 61375
ap 21
hp 385
 32719
ap 22
hp 386
 78846
ap 23
hp 387
 73662
ap 24
hp 44
t 69224 45425 43219 62259 46791 43222 68891 45433 43225 46965 69405 69406 69066 69409 68899 68904 69075 69415 45105 45445 69417 69418 45108 69248 69080 69081 69421 69251 69082 69422 45453 69085 46815 69086 43246 45456 69087 69088 69259 43082 69096 46826 46827 45468 43088 68931 69272 69273 69613 69104 43094 69105 68935 69106 68936 46836 68937 45479 69279 45480 69111 68942 46333 69114 69625 45826 45317 68947 69627 26787 62318 69119 68951 69464 68954 45498 45329 45499 69300 69471 45505 45507 43127 45847 46188 45848 43130 62344 69314 45514 68974 45515 45855 43135 69148 45520 68981 62355 69155 62356 69326 69157 45526 69327 62358 45189 68990 45531 69331 68991 62363 62364 45364 62365 45366 45196 46943 46054 62374 62378 45548 62209 69010 62381 69013 62384 45385 69186 69188 43179 62221 69195 46756 69537 45060 69201 69203 45064 45065 45066 45067 43200 45412 45242 69042 45243 45074 69044 45245
ap 25
hp 81
t 51706 50856 51707 52049 51541 52052 51372 51542 50694 51544 50865 52056 52057 70417 51377 70418 71097 70928 52059 51547 51209 52060 70422 52063 51384 50879 51561 50881 50883 49185 49186 49190 52081 52082 49192 49193 50553 49194 50895 49195 52086 71636 50896 52087 49199 50900 50901 52093 50903 52094 51755 52095 50905 71646 66377 71647 50907 50908 50909 50911 51595 50752 50753 51703 50928 71668 50929 50760 50761 51271 50931 50763 50933 49404 50594 50596 51276 50937 51448 50938 50939 50607 70498 70159 50781 50782 49592 51467 50791 69661 51642 50793 51984 51986 51989 50630 52166 70017 51488 51489 51491 52171 52002 52003 52004 52005 51496 52006 52008 52010 51331 52012 52183 52013 52014 52015 51335 50827 52190 50832 73612 52024 50836 50837 50838 51520 50841 70901 51351 70051 52031 52032 51353 51525 52035 51526 51527 51357 52038 51699 51530 52040 51531 51701 51532 52041 51533 52043 51534 52045
ap 26
hp 388
 54076
ap 27
hp 46
t 58253 39128 57658 55536 55537 55539 55541 39136 74412 58263 81469 39140 55376 81471 58267 39057 74653 74163 58269 39144 74504 74419 39147 74507 81563 74678 39152 39662 74513 39155 81315 74432 55732 39158 81573 74179 74181 58205 58120 58206 81581 81412 81588 81505 58302 39517 74622 74540 81426 74201 81597 81512 81428 81598 81344 81599 58225 81600 81431 57653 81347 74633 81350 81436 81606 58232 81268 55344 58321 81271 81442 58237 55517 39037 81273 55519 81360 58242 58244 74394 58245 74396 58247 39036 38953 55528 81454
hp 62
t 58252 81460 39047 79253 39388 58260 39051 58262 79088 39141 81556 39142 81642 38548 39143 58270 39061 39148 39236 39153 58448 81484 81230 81231 39160 39841 58456 39331 39163 74610 38995 39847 38998 58124 38999 57871 81331 39001 39003 39004 39005 58131 78366 58391 39522 81429 81259 81439 39024 39025 39026 74642 81272 39027 39624 39029 58240 58069 38945 58241 38948 38949 81364 58246 81366 55697 39039 58250
hp 49
t 39551 78482 74403 78399 58255 73897 38962 55538 39048 79083 39134 57409 79681 55371 81892 74158 78578 81724 79344 81554 57585 58434 81555 58776 81557 38972 58268 38973 39145 79266 79521 79692 57592 79861 81477 81223 57594 57934 81480 39151 79696 58447 79869 57737 78171 74517 79704 38989 81150 57776 81325 81580 74526 57783 60334 74104 57786 58467 77848 79209 81589 74620 38920 81081 79296 39007 81167 78535 81510 57881 74711 58222 39267 58308 55504 38930 78540 58395 81432 58227 58315 57975 81096 58231 58317 79312 58827 81182 81353 39107 79483 78888 80928 79144 74640 39620 79147 55518 81103 81104 39114 81274 81105 39030 78556 38947 81107 57392 57648 78898 81279 38950 58075 58415 57397 58248
ap 28
hp 79
t 69834 69664 69686 51518 69708 77021 52180 51521 70370 51501 69711 51522 52074 70264 51481 51354 51971 70055 69717 69697 69740 51359 70038 69741 69698 69742 77052 51511 54233
hp 83
t 52047 74913 69813 52134 74915 71091 69732 53667 77639 77214 34969 69820 77470 35821 69822 35823 70420 77478 73655 77651 69831 34982 77822 77823 53514 53769 34983 52071 71197 34989 77490 52076 53436 77491 51567 52078 34909 69929 69676 53444 52000 77501 77756 77502 70704 77759 51497 70028 53880 77255 76831 51246 54817 69692 77258 77768 70119 54906 73523 77263 77267 54234 49391 34943 69880 71070 34945 52033 52034 51355 77451 53567 54078 71082 51705
hp 85
t 31221 49710 31180 66457 50010 31523 31099 31100 30760 31738 66545 47845 31228 65866 49335 31317 47297 73265 31658 47850 47342 47512 31193 66384 30939 47812 31535 66471 31069 31111 66472 66559 30776 47309 47181 50242 47353 73236 50159 50074 50201 31586 49649 73238 47610 47190 31168 47532 31469 50043 66407 31133 31050 66453
ap 29
hp 48
t 27566 68876 45247 25698 43718 25870 47630 43890 43042 43214 46954 27578 43729 48320 43393 43054 45434 46796 45097 26057 61928 47649 66689 61929 31331 69411 43061 69072 43403 69244 65675 30995 43065 45446 46807 46127 62278 43239 46130 46811 69423 68745 26418 43249 43079 43419 26763 46825 66719 62301 69102 46492 45303 69443 62984 69446 28476 43438 61459 26271 45652 43613 42765 25936 26107 26788 69462 43624 69465 45496 45840 26291 45501 68961 68962 26802 69133 69304 47715 26804 69305 61827 27319 25280 45510 45511 27492 69313 42284 25286 25968 25292 26313 69153 42634 62354 45524 69495 45697 27507 42638 62359 66949 45700 67289 45530 66950 62360 45872 26832 69163 42305 62367 46051 24972 62373 46735 46905 46397 47759 45549 43171 45552 45723 26684 43686 27027 62390 61540 66981 46753 45564 43017 26019 43019 26700 43870 26022 47782 45232 43702 45913 45235 69035 69375 68867 43027 26879 25690 68870 43030 43712 43202 45754 45755
hp 45
t 77886 59698 60039 59699 59531 78571 60042 78576 79256 78066 60387 79429 60389 79600 60392 78160 79435 59886 79607 79608 79610 60571 77829 78256 60066 64062 77833 59136 77842 60077 77843 78354 77844 78528 77850 78279 79555 79471 78282 78451 78197 79390 77861 77862 59842 77863 77865 78206 77866 78546 77867 59847 77868 78548 78466 78467 78298 79233 64019 79237 78303 78558 79239 59691 78307 78308
ap 30
hp 153
t 6783 18258 5381 5467 15030 6743 7298 14862 18818 18819 7089 7387 18863 19670 18524 7005 6114 5310 7054 7482 19171 17938 18789 5232 18832 7017 18280 6636 5446 6125 17051 6766 5194 6172 6767 7533 18965 6090 5581 5624 5751 6814 6815 6008 7411 6731 6945 24203 7374 18298 5252
hp 53
t 21020 7082 21109 19664 7042 5389 21200 21709 15080 19033 21160 37820 5691 4758 6416 6119 4802 19380 7055 18958 21084 40932 21044 19901 6641 21049 17949 20884 18335 59178 5289 21736 29513 21098 7884 40952
ap 31
hp 389
 65422
ap 32
hp 390
 56590
ap 33
hp 362
t 57248 40244 54667 56649 56336 39990
ap 34
hp 391
 24575
ap 35
hp 268
t 65476 78056 62756 78057 62757 78058 63098 62758 78059 78060 62760 63101 62761 78061 63102 62762 65487 63447 79428 65490 62770 62771 62772 62773 65154 65495 79436 62777 65498 63458 65500 63460 62780 65501 62781 64822 62782 63463 62783 65506 62788 62789 63471 62791 63472 65513 65514 65516 62796 63136 65517 63477 62797 62799 65520 63480 65522 63483 63143 65525 65185 65186 63826 65527 63828 62808 63830 62810 62812 62813 63834 62814 65535 63836 64857 63837 63838 63500 63840 62820 63501 63841 63502 63503 63843 62823 63846 62826 63848 62828 63849 63850 62830 63851 62831 63173 62833 64534 62835 63175 64876 63176 63857 63177 63858 63178 63859 63860 62840 63861 63181 63182 63863 63865 63866 63187 63868 63869 63870 64553 63195 61842 64907 77827 62869 62871 79532 64574 77834 62878 65259 78179 62881 62882 62883 63223 67983 62884 62885 63906 62886 77847 62887 62888 63230 62891 63912 77852 62894 77856 77857 63920 63921 63581 63582 63923 63584 77864 63585 64945 63586 63926 63587 62907 63588 63928 64948 63589 63929 63930 63590 64950 63591 63931 77871 63592 64952 62912 63593 63595 64955 62577 63938 62918 62919 63940 63941 63943 63603 62924 63264 64965 63265 63946 64967 62927 77887 62928 63949 62589 63270 77891 65313 62593 62934 62595 62598 62599 62600 62601 62943 62604 62947 62609 63970 79611 64652 62954 64654 77916 62957 62958 63298 63299 62620 63301 77922 62963 63303 62964 63645 62966 78267 62967 62968 62969 62630 62971 62974 65015 63657 63660 62991 63672 63675 64696 64701 65403 64737 64738 64739 63040 64742 63045 63046 63048 63050 63051 63056 62720 63060 62722 63062 63063 63064 79385 63065 62725 62726 63066 63067 62728 62729 78055 62731 64771 62732 78032 79393 64773 79394 62734 79396 79397 64777 78037 79398 62737 63078 79399 62738 62739 63079 79401 78042 64104 79404 63084 79405 79406 63086 62746 79407 64107 63087 78049 62749 62750 78050 79411 62751 78052 63092 62752 62754 63095
hp 277
t 63351 63436 61800 65351 68560 68797 63761 67386 63085 62851 64743 65446 62897 62962 61518 63049 63473 64707 62816 68831 63094 61628
hp 298
t 63606 63693 63524 63695 63610 71263 71349 72543 71183 72547 72463 72635 63714 63605 72640 71792 71282 71966 67802 71884 67806 72481 68572 72570 80051 72657 67817 72664 80144 68584 72665 80060 71986 67824 67825 64170 72673 72675 72676 80496 72677 67663 72678 80584 71916 75911 80586 67669 72686 72519 76514 75835 72521 64108 63683 72693 72524 76519 76520 63686 72526 80603 76524 68025
hp 107
t 64204 79424 80786 80534 79430 80197 79432 79434 64053 80203 80204 79440 80206 79441 80546 79443 79614 79361 79445 80211 79362 64064 81914 79449 80045 79366 79451 79367 64068 79369 80559 79370 79286 79626 79375 80819 79630 79376 80821 79632 80227 64247 80823 80229 80827 79638 80063 80828 80573 64254 79469 80829 64000 80321 80324 80325 80326 80328 81603 79734 80329 71914 79479 80330 80758 79484 64016 79486 80254
hp 165
t 27056 26717 27568 26377 44229 27569 44230 27230 44231 44232 44233 27573 27574 26894 27575 26895 27577 44067 26048 27579 26049 26050 42881 26051 27243 26225 27075 44246 27076 27077 27079 43739 26059 27081 26232 43742 26914 27084 26064 26065 27426 26066 26917 26067 26920 26241 27091 43752 26072 26243 26413 26924 26075 26760 27271 26761 27612 43763 44103 26764 43765 44107 26427 44279 27620 44280 26770 27621 44281 26432 27623 26433 27624 26264 26094 44115 27626 26095 26436 27118 26778 25930 25931 27291 26782 27293 27634 26954 26104 27295 27635 25935 26106 27637 26277 26958 27298 26108 27639 26279 26109 27640 26280 26110 27301 26281 26111 27302 26283 27304 27305 26285 26455 26286 26965 26116 27307 26287 44476 26119 26971 44141 25952 26121 26123 27484 27315 27485 27145 26977 27318 27149 26469 26544 27493 26644 27834 26645 26134 26646 26647 26987 27497 27157 26648 44158 27498 26138 27499 27159 26650 26139 27162 26482 27163 27164 26995 26997 27681 27513 27514 27175 27346 27177 27348 26157 45538 27349 26669 27519 26670 45540 26671 27181 27183 43678 27018 27019 26682 26884 26685 26687 43687 26690 27200 26691 27201 27202 27203 27205 43698 27209 27210 27213 44044 27385 27555 27896 43707 26368 27389 45579 27390 27051 27732 27223 44224 27055
hp 301
t 71260 80470 80490 80482
hp 228
t 58506 58676 58464 58550 58635 58465 58466 58552 58511 58639 58640 58641 58556 38453 58514 58557 58684 58643 58558 58685 58601 58517 58687 58646 58647 58392 58732 58649 58096 58436 58650 38463 58524 58864 58396 58654 58740 58443 58656 58701 59000 58872 58405 58788 6854 59384 58707 58964 58837 58412 58668 61012 58371 58414 6522 19272 58671 58630 58631 58632 58547 58633
hp 175
t 43631 44226 44227 44057 44228 43633 44144 43636 43722 42790 44278 43644 27919 43602 43604 42925 43392 44244 43736 42930 43398 42889 44249 43399 42891 43529 42850 42893 42936 42937 43532 43618 42938 42896 42641 43407 42899 43537 42900 43582 42904 44052 43628
hp 299
t 72534 75937 80191 72698 63705 71872 71957 71873 71875 80885 64226 71877 71962 71879 71880 80296 71796 71798 71373 67804 63725 63727 71971 72482 67810 71892 67814 80479 71896 71897 72493 71899 71983 67819 68586 80062 79892 79893 71904 79895 80150 63576 71908 71909 79900 71911 71827 79902 71828 72680 72171 71918 67753 75918 63509 75920 72011 75922 79917 80173 72184 68529 80854 76009 72527 80602 72697 79923 80178
hp 78
t 71022 71001 71023 67959 71088 66435 71089 71090 71069 52138 73303 65890 49424 49508 70908 49509 70950 71015 46598 73331 71016 71019 71021
hp 254
t 61566 67516 67019 67194 67033 68909 61441 67396 61446 67397 61789 67405 67407 62478 61632 67413 67414 61464 67415 62995 61639 61640 67420 67421 64361 67423 63003 61474 63005 63006 63007 67428 61648 63008 63009 61650 63010 63011 63012 63013 61653 63014 67434 61824 63015 61654 61825 63016 66756 61656 63017 61657 63018 61658 63019 61659 63189 63190 61661 61830 61662 67276 63027 61668 61669 63029 61670 67280 61501 61672 68642 66942 61673 61674 61675 61505 61676 61677 61678 61508 62868 61509 61680 61510 62021 61681 61511 63042 61682 61512 68823 61513 63044 61684 67465 61686 68826 61516 63047 61517 61688 68829 61519 68830 61690 61691 61521 63052 62713 64413 63053 61523 61524 63055 61695 63225 67476 61526 68837 67477 63227 61527 63228 63059 63229 68840 64421 63231 61702 62552 62893 64424 68844 67486 64426 67487 68847 68848 68849 68851 68852 64432 64433 61543 64434 68684 64436 61546 61547 68859 61549 64441 64445 62575 67506 61565
hp 169
t 960 451 452 27 453 368 454 369 455 710 4621 372 457 458 459 630 461 801 5223 378 463 293 464 634 465 380 381 467 382 468 383 469 1067 727 473 4639 475 8127 1081 320 1768 749 324 665 496 1005 667 498 668 28295 8065 671 4751 28297 28298 673 674 676 507 422 677 4588 338 679 594 339 340 681 596 341 682 342 684 685 686 347 348 351 352 12 438 13 354 441 16 356 442 357 4608 359 361 616 362 617 448 363 364
hp 330
t 44822 41423 44398 20516 44321 41431 22052 20524 21289 42201 20696 22567 23417 44497 42203 41609 20785 44925 44841 44672 44673 23168 44674 22320 44506 23512 41618 44508 44849 21984 23175 41620 4985 21476 41621 22327 4393 22329 23180 28195 22330 22331 23182 44942 20632 21483 41628 23438 44944 4569 44945 44860 41631 5081 5083 20639 44950 44439 20557 44527 20642 23534 44529 44444 23195 20729 44869 20647 41644 44959 22094 22095 44876 20482 45049 44988 20654 20655 44800 22956 44886 44801 41657 20579 20494 41320 44635 44890 44805 44806 20922 22792 20668 44810 41410 20756 41411 44814 42352 44987 44902 44817 20508 20677 22719 20765
hp 293
t 22594 23146 41421 22552 22381 22553 22896 22975 23152 22941 41222 22948 23160 24522 24394 41356 22913 22574 22575 22621 22705 22664 41367 22455 41666 42728 22287 43622 22457 41370 41413 23139 22374 41160 23141 23184 22844 22547 22377 22590 23142 22973 22847 23145
hp 270
t 78738 60554 22646 41858 22648 60560 22650 60563 23165 41868 60075 59907 78779 59571 65183 59409 65024 65025 65026 59416 65029 41909 65030 59760 41911 23044 65035 41915 41916 41917 59430 65041 41750 41751 59603 59604 41754 22545 41756 65047 41757 22548 59438 59439 59270 22724 41766 22727 41767 41769 41770 41771 59623 59454 59455 23246 22568 22569 22739 22570 22740 22572 22573 22743 59636 22918 22748 22749 22920 59470 22921 59641 22751 22750 59643 22923 22753 65084 22754 65085 41456 22757 41457 22758 22589 65089 22759 59310 78691 22591 22592 22762 22933 22596 22597 59317 41467 22938 22598 22767 22769 22600 22770 22601 41471 22602 22772 22603 22773 22604 22774 22945 41134 22775 22606 22776 22607 22947 22777 22608 59837 22949 22609 22780 59500 22781 41822 22613 22782 22783 22614 22954 22615 22617 41827 22619 22620 59510 59512 22623 60704 65125 41835 65126 23140 65131 60540 22632 22972 65132 23143 22974 65135
hp 181
t 28246 27907 27909 27910 44400 27911 27913 44064 28255 27915 27916 27920 27750 44750 44752 27755 27926 27928 44758 44419 27931 44422 28273 27763 28104 28106 227 28108 27939 28279 28109 28281 28282 44432 28114 44094 28286 44096 27947 27950 44441 44443 27789 27960 27961 44451 44622 44452 27792 44460 27971 26441 44462 27803 27974 44466 28317 28320 28321 27982 28152 44132 26453 27984 44474 27985 27986 28156 27987 28157 44138 27990 28331 27992 44142 27993 27824 27995 27996 27997 27827 27828 27999 27829 27830 27831 44492 27833 44494 44668 28012 28352 28353 26484 28015 28358 28359 28360 28368 28029 28199 28374 28204 25824 28205 25145 28551 25832 28554 28556 28557 28558 44032 44034 44035 44037 28227 44041 28571 44042 44043 28406 28068 28408 28414 27904 26375 27905
hp 97
t 58974 59104 58682 58941 59114 58477 59072 59115 58946 57544 59077 58908 58823 57463 59376 59081 59124 57468 58828 58404 57598 57387 57770 57559 59131 58749 58920 6560 78385 58921 59091 59134 59135 58413 58797 81665 59099
hp 248
t 63352 62631 64969 78017 78018 65480 64843 63356 63316 63319 64680 63450 64938 63367 64005 63368 62647 64008 78034 65158 62652 78038 65034 64015 64102 65250 63976 78044 78047 63345 62755 64623 65007 59397
hp 64
t 44683 44716 44708
hp 226
t 81541 81542 57743 58338 81374 81543 57659 81544 81715 58340 81714 81545 57661 58341 81546 58342 81547 57663 58343 81380 81722 81552 81383 81384 58349 81385 58350 81386 58266 81387 74332 81388 81558 81389 81390 81560 81391 39060 81561 81562 39062 81564 81567 57608 57778 57782 81582 81415 57787 57618 57533 57619 81420 57620 81677 81423 81764 81680 58306 81596 81684 81685 81345 81346 81686 81687 81688 58229 81695 58322 81530 58328 57649 58329 58331 81536 81367 57652 81537 81368 81538 81369 81539
hp 185
t 25654 25994 25867 25102 26038 241 25274 25275 27782 25276 27787 25111 28555 26008 25626 26561 26009 27965 25628 28135 25630 25928 25929 3022 25167 27802 25933 26613 25891 25934 26614 25847 25638 25893 25639 25894 25809 1584 224 25640 25129 25810 25131 26619 26577 25811 1587 25812 25943 230 25815 26582 232 2952 25138 25861 25947 25650 25139 25140 25182 25652
hp 216
t 20772 44482 20725 20779 22906
hp 208
t 18365 18366 18345 18356 18420 18368 18263 18295 18392 6715 19052 19053 18947
hp 354
t 58251 58337 81373 57660 57662 58304 58305 39138 58307 81470 58309 58351 58310 58311 58226 58312 57759 58313 58314 58273 58320 58236 58194 58323 58238 57643 58196 58239 58197 58326 58199 58287 57480 57779 57781 58207
hp 229
t 76357 75678 76359 75679 77041 75682 77043 72623 75689 69743 69745 71276 75358 69749 75698 76379 76385 75706 77066 75707 76388 80468 76389 77241 76904 77076 75722 72663 77084 75724 75726 76917 76918 76919 76920 76923 76925 76927 75739 75059 77105 76426 77107 77791 76434 76946 76947 69808 71168 75590 77800 69811 77801 75593 75763 75595 72536 76787 75598 71179 75601 75772 72544 69824 71188 75609 71189 72549 77309 71190 69660 71191 76969 71193 71194 75615 71196 76978 71199 76300 71201 76301 76472 76983 69848 71209 69849 71210 69852 75633 71213 71214 75636 71216 76486 71217 75637 72577 71218 75638 69856 71219 76999 69861 69862 75642 77002 69863 77003 75644 69864 69865 69866 77006 75646 69867 69696 75647 69868 69869 69870 76331 69871 69701 77014 71234 77015 69710 76341 76851 76345 71245 75665 75666 76346 75667 71417 72609 77030 69720 75671 77032 77034
hp 182
t 24931 24846 25187 25273 1562 25618 25108 24683 24600 24601 24686 24602 24687 24603 25965 25116 25629 24610 24614 26229 26144 24615 26230 26315 26147 24618 24621 2946 25642 24623 25648 25649 24629 26330 25141 25312 24632 25822 24633 2959 25655 25996 25658 25998 25659 26340 25663 24643 2968 26182 26183 28651 2981 26360 24661 24576 24577 25937 26363 24578 24663 25853 24579 25089 24580 25090 24837 26112 25094 25097 24674 25269 25099 25270
hp 69
t 44480 42186 20640 44483 44973 44931 44507 42192 42107 44487 42193 21474 42812 42069 42048 42388 42178 42029 42752 20674 42010 20675 42181 20678 42056
hp 344
t 21192 22978 21026 21707 21028 20943 21708 21711 21203 21543 21033 20867 21040 21892 20874 6595 21896 21899 20794 21564 23011 24202 21737 20548 20889 20890 21570 20893 21063 20894 20895 21065 20896 21581 24556 20904 20905 21246 24562 20737 20483 20738 20912 20913 20914 20999 20830 20491 20917 20492 20919 20921 21516 20581 20837 20924 20839 41409 20840 20925 20841 20758 20589 21184 21185 41415 21186 21016 20847 21188 21189 21104 21190
hp 176
t 43037 43038 43039 43719 43721 43554 43044 26640 43728 43730 43051 43732 43733 43053 43394 43734 43735 43396 43567 43397 43738 43740 26656 43741 43401 26657 43402 43743 43063 26659 43404 26661 26663 27173 43068 43408 26664 43069 26665 27345 43070 43751 43411 43071 43753 43075 43755 27012 43757 43758 43759 43590 43760 26676 43761 43764 43595 43596 43426 43767 43599 43772 43009 43775 43011 26693 27376 43016 27378 27042 26872 26703 43024 26874 43621 43028 43031 43626 43032 26627 43714 43035
hp 262
t 65391 65307 65393 65395 62505 65311 41088 65399 65316 41091 65447 65365 65280 65451 65367 65368 65283 65369 65370 65371 62184 42804 65372 65373 65288 41106 41149 65375 41023 65291 41110 41112 41113 65296 65299 65342 65301 65345 65303 65390 65305
hp 303
t 71171 71172 71256 72533 71257 71173 72535 80567 72537 72455 72456 76199 71269 80620 75606 72631 72550 72553 71278 71279 71195 72513 72556 80335 77062 71285 71204 71416 71291 71170 72610 67808 69851 71212 72699 80562
hp 339
t 45798 47712 45885 26718 47798 47801 45466 26937 45424 47762 46913 46914 46277 46872 47723 46958 26005 47765 47767 46406 46407 46875 45430 46876 45431 46962 45477 46881 46415 46882 46671 26017 45567 45482 26273 48288 45483 46291 46164 46888 45443 26234 46890 46933 46382 46893 31253 46851 46894 46385 47745 46895 46858 46386 46387 46174 47069 47708 47794 46945
hp 84
t 77546 71215 51623 69814 69941 51624 70026 53706 74873 77637 69817 71347 70030 35563 51587 69735 71393 77260 69738 70588 71184 51340 77223 69700 77012 77182 72337 51385 34895 72470 51560 70643 69666 70219 69709 71198 51606 34904 51607 71200 76980 71074 76940 77067 34867 71077 77071 71207 51615 77371 76989 69721 71081 77033 71380 71211
hp 295
t 66711 66712 69454 66713 68880 65587 67301 66991 65548 69607 66740 62320 66741 66657 66658 66618 68957 66663 69617 69320
hp 96
t 81371 81372 57575 57578 77895 81043 79685 79515 79346 79686 81047 80538 81134 78416 81734 81224 81396 81226 81141 81397 79698 79783 81399 81739 81824 81740 81400 81401 81826 81742 81402 79702 81743 81404 79789 81065 79790 81830 78516 79792 81664 79624 78435 79201 78948 79798 78356 78358 79719 79805 80401 78021 79211 79297 79723 79724 78534 81681 81767 79132 79133 77944 79729 81090 79051 79732 78457 81773 81093 81774 81775 79313 79826 81697 78382 81698 81699 79659 76685 78555 81106 81361 81791 81112
hp 68
t 20767 44696 28248 44526 44675 44718 44485 44648 44679 21282 20773 4878 28274 20774 44660 21499 21478 44449 44684 21373 44664 44495 21482 20784 28243 492 21487
hp 188
t 45500 47032 45502 69219 45677 46093 46019 45497 45513 45516 46878 45435 46713 46715 45440 45441 43232 46887 47739 45104 46804 46381 46806 46466 46892 45447 46724 45449 45109 46469 45450 45110 46470 45451 45111 43241 45452 45197 45794 46474 46814 45370 69256 46136 45116 45457 45203 45118 45459 46821 45462 46822 45463 45465 46572 45467 46487 45384 46574 45386 46746 46491 46579 46752 45562 45394 45395 45565 46761 45233 45488 26876 45068 46938 45409 45495 45326 45073
hp 209
t 16526 17303 40658 40489 37450 40544 56864 17297 16535 17308 16533 40409 16695 17290
hp 189
t 26206 25314 26207 45838 25954 27187 27570 26168 27571 24641 45551 43766 46276 26174 46916 26177 26944 26136 26222 26265 26692 26310 43652 26227 45522 24612 26187 25977 45867 45698 27382 45529 26023 26919 26197 26326 26113 26199 45877 26115 26158 26201 26203 26118 26673
hp 338
t 46563 46478 46480 46141 25615 46909 47760 46486 46743 47764 26302 45342 46575 45087 46490 46873 46704 46915 46832 26306 47771 46794 46795 45478 46116 47775 46501 46927 46163 46801 45484 47780 45442 46719 46889 46465 46508 45489 45448 46468 45407 46852 47789 46939 45792 46816 47748 46473 46856 45368 47750 45115 46476 45159 45330
hp 326
t 21945 24517 20523 20927 22459 20484 23183 20643 23173 21600 20664 22262 41419 22369
hp 261
t 67517 67518 67009 64458 67519 64460 64461 67692 64462 64463 68206 67357 67358 67868 64474 64476 63628 67029 63630 67031 61591 68051 67032 67035 67205 67036 68226 67207 67379 68229 67040 68231 67382 63132 67383 67213 64493 64324 67045 67385 68235 64325 68236 67387 64327 68237 67048 68238 67049 68239 64330 64331 67052 64332 62632 67393 64333 62976 64338 64508 67059 64509 64340 64510 64341 68251 64342 64343 64344 64345 64346 63157 62988 64349 64350 64351 64352 61633 64354 67244 61635 61636 67586 67246 64357 67417 68097 68098 67928 67418 64358 64359 64360 68099 67930 68102 64362 64363 64364 61984 63174 64365 64366 64367 64368 67430 64371 61481 64372 67432 67433 64375 63185 64376 67437 64378 67438 67949 68289 64380 61660 64381 68121 68123 64383 63024 61664 64384 63025 61665 68465 61666 63026 61667 64389 64390 63030 68130 64391 68131 63032 64392 63033 64393 63034 63035 68135 68476 67457 67458 64398 61679 67460 63210 67461 68141 64401 67462 67463 67464 68316 67467 64407 67638 67469 64409 67979 67470 64410 67471 64411 67472 68832 67473 68833 68834 67474 67475 68835 63226 68838 68160 68841 68161 63061 68843 64423 68166 64256 68167 64427 64258 62898 67999 68170 68340 68000 68171 64261 63072 68172 63073 68343 63074 63075 68345 68346 68347 64438 68348 68179 68349 64269 68180 64270 68181 68351 64443 64444 68184 67505 68187 67508 67509 64450 68190 67510 63091 64283 64455
hp 273
t 64796 60038 65479 62759 59700 65481 58681 59701 59702 59703 65144 64804 60385 60386 64806 78747 78748 59708 59709 59710 65491 59711 60393 65493 65155 78756 65157 60057 65159 60059 65163 65166 78768 65169 60069 59729 65170 65171 59731 65172 59392 64833 62793 59393 64834 78774 59394 65175 78775 59734 59395 59396 78777 65177 65178 59738 60078 65179 59739 64840 65521 78781 59401 65182 65524 64844 65184 78785 59744 59404 78786 59405 59745 64847 65187 59406 59746 41046 59747 78789 59407 64850 65191 78791 78111 65532 59751 59752 65533 78794 59755 65196 78796 64856 65197 64516 64517 65198 65199 64519 65200 64520 65202 64522 59763 65204 65205 59765 65206 59766 65207 59767 64527 78808 59427 78468 65209 59768 59770 64530 64531 78471 65212 64532 65213 65214 59434 41074 65215 64877 78477 78137 41077 78478 64540 78142 65224 78830 78734 64892 59795 59456 59459 64900 64901 64902 64904 59464 64905 59465 65246 59466 59467 59807 59808 59468 77831 65252 22752 65253 59813 65254 22755 77835 59815 65256 22756 59816 65257 41797 59476 65258 77837 78178 77838 59478 22760 65261 22761 59481 59482 59142 22763 65264 59824 59826 65267 59827 59828 59488 59829 59830 59491 65272 59832 59833 59834 59835 59495 59155 59836 59496 24475 59498 59499 59840 78202 59503 59166 78208 64608 64609 64610 77870 59511 64612 59853 59514 41154 64615 41156 64957 41157 64618 59179 64619 41840 41841 59521 41161 64621 59522 59523 59183 58844 59525 64625 64966 65306 59526 41166 64627 64968 41848 59528 59529 41850 78230 41851 64971 64972 79593 59534 59536 60216 65317 41857 59537 58858 59538 59539 41860 59540 64981 59541 59542 59543 23163 77905 59546 77906 59547 41869 41870 78595 59556 41879 78599 41880 65003 59564 77925 78265 59225 41886 65006 59566 62627 59567 41888 77928 41889 59569 65010 65352 59572 65353 65013 80653 65014 78615 77935 62975 59576 41897 77937 65018 59578 59581 78622 41903 59583 65027 65028 64688 22529 65031 77951 65032 65374 65376 65036 78296 65037 64697 65039 65040 41920 64700 41921 77961 65042 64702 65043 65044 41924 65045 60629 65050 65052 41932 78652 41933 59613 78653 77974 59614 65055 41935 59616 65057 59617 59619 78659 62680 59620 65402 59622 22563 41944 59624 41945 59625 65066 65406 63366 59627 65068 77990 59632 41953 65074 59635 62695 65076 65077 59637 65079 65080 59640 65081 22581 65083 59645 41966 59646 65087 59647 78688 22929 59650 65432 59652 78694 59654 60676 65096 59657 59658 78699 63399 59659 65100 22599 59661 59662 59663 62723 59664 63404 59665 59666 59667 64770 64772 65115 64775 64776 78717 65118 64099 64780 62740 62742 65123 62743 65124 64784 62745 65128 65472 60034
hp 168
t 28334 25699 28335 25877 26984 27922 25882 27925 26906 28096 28097 28098 28099 28100 28101 28102 26573 28275 28105 28277 27852 28107 26494 994 28026 28111 28112 28113 28030 27945 26415 28115 28116 28456 26587 28117 28118 28289 27269 28119 28290 27779 28120 28291 28121 28122 28123 28124 28125 28126 28127 28467 28128 28299 28130 28132 27793 28133 27964 28134 28304 25755 28136 44287 28137 28224 28139 28140 28141 28481 28312 28142 28313 28143 27804 28315 26445 27976 28145 28147 45573 28148 28149 28150 27981 28066 28151 27983 27218 28324 28154 28325 28328 28326 25862 27988 28158
hp 186
t 44140 27991 44524 44440 44143 28207 44234 44448 44491 44408 44496 20611 44454 27836 44455 44499 44501 44459 44502 44120 44036 44503 44461 44038 44676 44039 44463 28272 44040 44678 44847 44509 44424 44850 28361 44045 28363 44522 44047 27769 44477 44436 44990
hp 80
t 49666 49156 49157 73300 49164 66504 47125 49336 47296 49505 49166 49167 47298 49340 31491 50194 66515 50026 49176 49177 49178 31669 49179 47139 50032 50202 31673 50033 50034 31674 31675 50036 49697 73327 49189 47320 31171 47492 49872 47833 49153 31514 47835 49196 49197 28798 50049 49198 47840 50051 31522 47503 65863 50223 49155 66376 31526 50226 31527 49207 65868 31019 31189 65869 47851 66383 47854 50065 50068 50070 66392 49563 53134 65883 66395 47185 66396 65547 49227 66399 65549 66400 49909 49910 49570 31549 50932 50085 31555 65895 66406 50087 50088 50089 50091 50093 31223 50094 73384 50095 65905 31565 31057 31737 31227 31567 47549 49420 49249 49250 49251 66422 31062 49252 49423 73224 49425 49595 73226 31576 73227 66428 49258 30218 66431 73232 49263 73234 28864 73235 47735 30225 49437 47227 28870 30741 30231 49952 49953 49954 73245 49957 31597 49958 49620 30752 66455 66456 30249 30930 30252 66463 66466 73266 31106 73267 65957 31108 66469 73269 31109 50150 31110 65794 49984 66475 66476 31116 28906 66477 31458 49988 31459 73279 30269 66480 49989 49990 49991 66483 49653 31124 66484 49654 49994 66485 31125 49995 65806 49655 47444 66147 49996 65976 31126 49998 66489 49999 50000 66491 66493 50003 49154 66495
hp 110
t 79248 80951 79265 81732 79267 81733 79268 79523 79269 79271 81906 81228 81229 80464 79275 81825 79276 81403 79278 81913 81744 79279 81745 79280 81746 81916 81407 79283 79200 78860 78946 79032 80477 79288 79118 81755 79290 81670 81763 79300 79301 79216 79556 79217 79050 79306 79221 79052 79307 79222 79308 79309 79224 79055 79310 79565 79480 79225 79566 79311 78970 79227 79567 81780 81781 81782 79232 81187 81788
hp 164
t 43551 43724 27240 42880 44241 26901 42882 27072 44243 42883 26053 42885 42886 42887 43568 44078 43571 26912 43572 42892 43573 26913 42894 27595 26916 43577 42897 43578 26918 27088 42898 43579 27089 27600 27090 27601 43581 42901 42902 27603 26923 43583 27604 27094 27605 42905 42906 27606 42907 27609 42909 27610 44270 42911 43593 27614 44105 44276 26766 27617 27618 43598 44109 43600 27622 26263 42924 27625 44286 42926 27456 27627 26946 27457 27628 43607 43608 27629 26948 27459 43609 27631 43611 42932 27462 27633 26953 42933 27294 27464 42935 27465 27125 43616 27466 42766 26957 27127 27467 26959 27129 42940 27130 42941 26961 42942 27472 26452 27473 27474 27645 27475 27135 27646 27476 27647 27477 27478 27479 43630 27480 27481 27482 27313 27483 27486 27487 26642 27152 27494 27154 27495 27496 27158 27160 26651 26652 26655 44225 45696 27506 27167 26658 45699 26660 45701 27511 45703 27344 45705 26666 27516 27347 45707 27517 45708 27008 45709 27009 45539 45710 27350 27010 27351 45711 26672 27182 27014 27184 26675 27185 27356 27186 27357 26677 27358 26678 27188 27189 27360 27190 27363 27195 27368 27373 43523 27375 43526 27377 43697 27207 27379 27549 27381 26701 27211 43531 27383 27384 27217 27388 43539 27391 43541 45753 27225
hp 231
t 57749 58515 58516 58518 58519 58522 38462 58439 58525 58440 58526 58101 58441 58527 37532 58442 58528 58444 58530 58445 58616 58531 58617 58618 58533 58534 58535 58622 58537 58538 58539 58369 58540 58372 58543 58544 58459 58545 58546 58461 58462 58548 58463 58549 58551 58553 58468 58554 58469 58555 58470 58471 58473 58559 39859 58475 39690 38503 58393 58479 58394 58481 39867 61376 61377 58574 58064 61380 58491 58492 58407 58410 61301 61386 61303 57904 61390 61391 61308 61309
hp 255
t 68706 69046 62416 69047 66667 68708 69048 68709 68710 69050 68711 69051 62251 68712 68713 69053 68714 69054 68715 69055 62255 68888 68719 69569 68889 62245 69571 69064 69404 69576 68896 68897 66688 68898 43229 62269 69579 61590 68900 66691 68901 68902 43233 68903 62274 69414 69584 66694 62282 69585 68905 62276 69586 69246 68907 69587 66867 69588 68738 69247 66870 69590 67550 69591 66871 43242 69592 68743 68910 69593 67553 68911 67554 66532 62453 62284 66704 62285 69596 62287 69597 62457 66708 69598 68749 62458 69599 62459 62460 66714 62294 66715 66717 68928 68929 68930 69045 68932 43093 68933 69444 68934 69616 64348 69618 68938 68939 69619 69450 69620 68940 69621 68941 69452 69622 66732 67412 68943 62313 66734 68944 69115 69116 69117 62997 69118 66738 68610 68781 68950 69631 62322 68612 68952 62323 68953 68613 68614 66745 68955 68615 68786 68956 68787 62450 66746 68618 68789 68958 66749 64369 68620 68791 68960 68621 66751 66752 68622 68793 64373 68623 66753 66754 68965 65566 68966 66757 68967 62337 68968 61999 66759 68969 68970 68971 61831 68972 67443 61834 68975 66766 62347 66767 66937 66768 66938 68978 62349 67279 62350 66090 66940 69321 66944 66945 69325 69158 68988 43148 69328 62529 65929 64402 68992 68993 64406 62368 69174 64414 69175 67306 68669 69009 69351 69012 62383 69184 69014 69354 69185 66977 69360 64437 69197 62402 68864 68866 69206 64447 68868 68869 66829 62409 66830 69040 68871 62241 69041 62242 65644 68705
hp 315
t 74146 74147 76700 74152 75767 76959 75090 77810 75091 75009 74160 75265 74161 73822 75014 74080 75015 74166 74932 73742 75017 75018 73915 75019 74935 75020 74936 75616 75021 74937 74938 73834 74940 74943 74093 75284 75030 75370 73842 75374 75120 75291 75037 75124 75039 75125 76316 75126 75127 76913 75128 75044 75131 77087 75048 79728 75734 76928 75741 73958 77782 77790 75072 75588
hp 340
t 46055 69217 69091 69433 26848 69095 62382 69097 68926 69226 62345 45090 69189 43221 69062 69190 43224 69107 69447 69448 45095 69108 69109 43227 69407 62353 68983 69324 69199 69624 69073 68945 68989 69161 69245 62361 69076 68906 69077 69078 45365 69420 62326 46049 69084 69296 62327 69212 68959
hp 276
t 79437 79609 64097 78218 64963 64100 78053 64060 64007 78574 68321 60395 64890 78225
hp 234
t 78311 78484 78485 78486 78487 77893 78488 78403 78489 78490 78491 78492 78493 78494 78495 78496 78498 78499 78500 78501 78502 78503 78504 78505 78420 78336 78506 78337 78507 78338 78508 78423 78339 78509 78424 78510 78425 78511 78426 78342 78512 78513 78514 78429 78515 78430 78436 59057 78437 78438 78439 78440 81756 78441 78272 78357 78442 78443 78359 78444 78360 78445 78276 78446 78447 78363 79553 78364 78449 78199 78372 78287 78458 78545 78464 78642 78645 78648 78649 79244
hp 235
t 58847 60296 60299 81723 59113 59116 59117 59118 59119 58951 58866 58868 58784 58785 58786 58787 59043 58706 58962 59132 58878 57518 59133 58879 58965 58795 58967 58882 58798 59053 58884 58799 58970 58885 58972 58975 58890 58981 58988 59073 58989 59074 59075 58991 59076 59078 58058 58824 59079 58825 59080 81691 58996 58741 58826 58997 58742 59083 81694 58743 57384 58744 59084 58745 59085 58999 58746 59086 58829 59087 58747 58830 59088 58748 59002 59089 58833 59004 59090 58750 58835 59007 58922 59092 59094 58755 59096 58842
hp 314
t 73806 74486 73807 74488 74148 74489 74149 73810 74150 74151 81631 81461 74492 74491 73982 74493 79847 74323 74154 73814 73729 75515 73815 73985 55370 74157 79852 74073 73988 74159 73904 74329 73820 74074 73736 73991 73907 74417 73823 74078 73824 73910 74165 55380 73741 74167 73829 74169 73999 73830 80970 81479 73831 73832 73833 74173 81483 73835 74175 73836 74433 81659 74434 73841 73928 74438 73761 74441 73847 74102 74189 74784 74359 74190 74105 73767 73853 73768 74703 73854 74534 74109 73855 73770 73771 74144 74793 74539 56265 73783 73787 73789 74130 74131 75504 74135 73799 74479 74141 74482 74313 74143 74314 73804 73805
hp 324
t 23235 22259 20517 23237 60978 24301 20731 23112 22390 23241 22093 21840 23115 41646 23201 24307 59922 20525 22991 20697 60946 22993 24525 23123 23124 23125 23040 24529 23041 23170 23042 22959 22451 23131 60149 23047 22963 22453 22370 24285 61176 44899 20595 22463 23187
hp 113
t 81286 81628 74153 81463 74155 81296 74156 74501 74671 74502 74162 81472 81643 81473 74164 81474 81475 81476 81648 81308 73998 81478 74509 81649 81309 81650 74680 74171 74511 81482 74174 74176 74177 81657 74178 74518 81488 81489 74180 81490 81321 81491 81322 81662 74692 81492 81663 81493 81324 74524 81494 74695 81495 81496 81497 74188 74699 81499 81330 81500 74191 74360 81501 74701 74361 81502 81503 74704 74537 81507 74708 74709 74200 73860 55502 74712 74203 55503 81514 74717 74719 81520 81521 81522 73873 81523 81524 81525 74216 73876 81526 81527 81358 81531 81532 81533 73884 74564 81534 73885 74225 81535 73886 73887 74568 74738 74569 74399 74571 74401 73892 74061 74742 73893 74741 74743 74575 74576 73898 74410 74413 73905 74415 73906 74081 81565 81566 81568 73919 81569 81572 81574 74435 81576 74096 81579 81583 74103 74615 81245 81246 74617 74446 74107 74106 81587 74456 81433 81434 81265 81440 74132 81444 81445 81616 81447 81618 74138 81619 74140 81281 81452 81621 74142 81453 81284 81455 81625
hp 272
t 78226 65136 59527 78227 65137 78228 59697 65138 77888 59530 77890 65140 62590 64801 65141 77892 65142 64802 59022 64803 65314 60384 64975 65145 59706 64977 78237 65147 78238 60388 78239 64979 59713 65324 59544 64814 59545 64815 65326 78248 59718 77909 78249 65502 78257 78258 78259 78260 65341 78261 77921 64832 77923 65344 78264 78605 64835 65346 78095 65347 65348 78268 78609 78269 78270 78610 59570 78271 78611 64841 78612 77931 64842 78782 59573 78333 65354 77934 65356 65016 64846 65357 65017 65188 65528 65359 65529 65189 78788 65190 65530 65360 65531 65020 59750 65192 78620 78621 65193 78623 78284 65194 59754 65195 64964 77949 59408 78632 78633 64863 78634 78635 78299 60111 59580 78305 65046 59436 65048 65049 65051 78654 59615 78317 78657 78733 59618 41428 78319 41089 78320 65230 78321 59621 78322 78152 78153 78324 78325 78326 78327 59457 65069 65070 59460 78161 59801 78332 78162 65073 59462 59803 78334 78163 77824 59463 78164 77825 59805 78335 77826 65078 77828 77830 59642 77832 59472 78173 59473 59644 78174 78175 65086 59475 78176 78177 78008 77839 77840 78180 77841 78181 59483 78184 77845 59656 65101 65441 77851 64931 59524 77884 78193 65274 78194 78195 65106 65276 65108 59668 65109 64769 59839 65110 59670 65111 59671 59501 65112 59502 65113 65114 65116 65117 78207 65119 64779 59679 78724 64956 65127 78216 65297 62747 64960 59520 64961 64962 65133 65134 65304 78735
hp 65
t 21488 20978 21489 21447 21448 21491 44697 28292 20770 44699 21494 44657 44700 44658 21453 21497 21372 21374 44670 28225 21468 44717 21470 4938 44719 44594 44723 44638 44681 28276 693 44682 21477 28235 28278 21479 21480 21481 28409 4567 28240 21485 4740 44692 28202
hp 323
t 75760 77804 77805 77806 75681 77809 69904 77642 77812 74243 75008 77814 75011 70508 75016 74933 75023 75024 75025 76981 74941 75026 76982 74942 77152 75029 77069 76985 77070 76986 75031 75032 75118 75033 77073 75034 75035 77161 75036 74781 75038 74274 77763 69775 74790 75725 77085 77767 70628 74284 77769 74880 74285 74795 74881 73776 77007 75732 74883 75053 75054 75141 77096 74801 74888 74889 77780 75060 74891 77781 74806 74807 75488 77783 77529 77784 77785 74896 77786 74897 75492 74898 75493 77788 74899 75494 77789 75750 74306 75071 74902 75752 74904 75499 74905 75075 75076 74907 77799
hp 177
t 69301 45416 69132 45333 69218 45334 45335 45336 45421 45337 45338 69308 45423 45339 45340 69310 69311 69059 45775 45351 45352 45353 46034 45355 45356 46036 69128 69159 69074 45360 26830 45361 69416 45191 45362 45532 45363 69249 46045 27261 46047 69167 46048 69083 69253 45369 69425 45371 45117 69257 46053 45458 43081 46057 46058 45379 69094 43169 69264 69265 46061 69266 69267 69098 46063 69268 69099 46064 69269 69100 62300 69270 69101 45554 69271 46065 46066 45896 69103 46067 45557 46068 62388 46069 26859 46070 69275 46072 62393 69024 62396 46076 46078 45313 46079 45314 45316 45998 45320 45490 69292 45408 45238 69293 45153 69294 45494 45410 45327 45413 45328 43204
hp 300
t 80196 64125
hp 269
t 63437 65477 65478 63439 63099 64800 63440 63441 65482 78063 63444 65485 63105 65486 63446 63106 78067 63448 64808 65488 62768 78068 64128 63109 64129 63110 64811 63451 64131 65492 63111 64132 63453 64133 63455 64135 62775 62776 78757 62778 63459 65499 63119 62779 63120 64140 63121 64141 63462 63122 65503 64143 63123 64824 63124 63465 63125 63126 65507 63127 65508 63468 63128 65509 63129 63470 65510 62790 63130 63131 64152 63133 64153 63134 63135 64836 63816 64837 63478 65518 65519 63140 63482 63484 78784 63824 63825 64845 63144 65526 63145 63146 63827 63148 63829 64851 63831 63152 64173 63153 63154 64174 64855 63155 63156 62817 64858 63158 62818 63839 63159 64861 63161 62821 63162 65203 63163 61463 63844 63164 62824 63845 61804 63165 62825 61465 63166 63847 62753 64525 65208 62827 63167 64526 63168 63170 65211 63852 63172 62832 63855 64875 64878 64879 63179 61820 64648 67603 63183 63184 63186 63871 63191 41772 63197 64898 63199 63880 61500 63205 62873 63213 62874 62534 65255 62876 62877 63218 67642 63222 65263 64926 64586 64927 78187 62889 77849 62890 62892 62553 64794 62895 62896 64257 64939 64259 62899 64260 64600 64262 64602 62902 64943 64263 64264 64265 64605 64266 64947 64267 41828 64268 63248 64949 62909 63249 64271 64272 63252 64613 61893 63253 63254 64614 64274 64275 63255 64297 63936 63256 64616 63937 63257 62917 64617 63258 63939 63600 63260 62920 63261 62921 63942 63262 63263 63944 64624 62584 63945 63266 63947 63267 63948 65308 63268 63269 62930 64630 64290 63271 65312 63952 63272 63953 64292 62592 62933 63273 64293 65315 63955 62594 63274 63275 62935 64295 62596 63276 63958 77896 63277 79599 62597 62937 64980 63960 63278 63961 63279 62939 62940 64640 62602 63963 62942 63282 64643 62603 63283 64644 62944 64305 62945 63285 62606 64646 62946 63286 63287 62607 64647 64989 63288 62608 64990 62948 64309 64991 64310 63290 64992 62950 62611 63291 62953 63293 63294 64655 63295 64996 64316 62956 63297 64317 64318 64658 62959 64319 63980 63300 65001 63981 64661 63982 62961 64662 64663 64664 63305 63306 63987 77927 63308 63309 64329 41890 64308 63310 41891 64670 62970 63311 64671 64674 63314 63433 63655 64335 64676 64677 63317 63998 65358 64678 65019 41899 63999 64679 63320 63321 64681 64682 65023 64683 64684 64685 64686 63326 63327 64687 62989 64689 64690 64691 64692 64353 62654 64694 64355 64356 65038 64699 77960 63342 41923 64703 41925 61987 63347 62667 62668 63349 61990 64717 63359 41942 64722 63023 65405 64725 41266 64727 64728 64049 63369 63370 41952 41274 41955 64736 63043 61683 64746 64748 65091 68836 78016 63396 63058 62721 62724 64764 78054 64765 62727 64767 64768 63068 63069 68850 62730 63070 78033 64774 62735 63076 62736 78036 63077 64098 63758 64778 78039 79400 63080 62061 63082 79403 78043 63083 78045 64785 78046 63426 63427 63428 63089 63090 63431 65473 65474
hp 274
t 62763 63481 63405
hp 341
t 43250 43208 62249 45121 43252 62335 43253 43211 43083 46824 43255 45381 46784 45807 69056 43216 45555 69484 43091 62387 69612 43220 62303 69274 69614 69402 43223 46838 45521 62352 45096 43099 62310 43228 43142 45523 62398 62399 62315 62188 45103 69499 61849 46805 46764 45106 43238 62321 46809 61692 45323 45535 43072 46812 45198 46813 43073 45114 43033 43076 45075
hp 227
t 59100 58931 59101 57402 59102 59103 58764 59105 57491 58088 59110 57751 58346 57752 57753 58348 57413 57754 58094 57755 58095 57415 57756 57416 57757 58012 57417 57418 58099 58950 57420 59120 57760 57421 59121 59122 57422 58953 57423 57762 58104 59125 57596 57425 59126 59041 57767 57427 57772 57774 57775 58881 57777 81672 57789 57535 57706 57369 58049 58476 57371 58051 57712 57376 57377 57717 58993 58398 57379 57465 57382 59098 57469 58916 58406 58917 57386 58408 58495 58411 58071 6562 58072 58758 59093 58073 57819 58074 59095 58076 58078 57399
hp 271
t 41337 59275 41425 22633 23067 41342 41768 23495 23155 41430 41090 41262 41263 23244 22904 41094 23245 22990 41521 21886 41096 23247 22907 41097 65153 41099 59291 23167 44333 22148 41104 42465 23171 41701 23172 41107 41278 65335 41417 44936 41281 41282 41283 41284 41285 65340 41115 41286 41287 41372 65343 22928 41288 41458 41289 22588 41290 22930 41460 22931 41291 41461 41292 22932 41462 22593 41463 22934 22935 22595 65180 41466 23022 41468 22939 23194 65099 41469 22940 41300 41470 41216 22431 22942 41217 23198 41219 22946 24391 41308 22778 41224 22950 41225 41227 23207 22953 41653 42163 23209 41655 21937 41232 41233 23043 41235 41150 41661 41236 22536 22961 22708 22624 23049 41240 41241 41243 65298 41414 65130 65300 41416 65302 22717
hp 290
t 39150 81666 81713 81613 81682 58265 81689
hp 265
t 61948 43206 62375 43209 43124 43125 62295 62253 43128 46614 45169 62212 62341 62213 62342 43089 43217 62343 43132 43245 43133 68973 62385 62215 43008 43092 69187 69358 62305 45306 62306 62307 43226 62395 68982 61545 69154 62397 69453 69156 62357 62145 62528 62189 69160 62319 69162 62235 62279 69172 62324 69211 43201 62539 61945 69171 62456
hp 106
t 80776 80565 79633 79336 79634 79677 79337 79338 79636 79679 79298 79384 79598 79470 79302 80451 79347 79645 80198 79646 79561 80199 79647 79562 79563 80376 79568 79314 79570 79613 79656 79316 79485 79317 79318 79658 79574 79577 79323 79324 79664 79665 79325 79326 79666 79327 79667 79625 79668 79669
hp 334
t 62204 43887 26845 43974 43679 26849 43978 43895 26853 26857 43857 40970 43777 43863 43705 41016 42632 42633 65456 43654 43868 43231 62143 42806 42808 42470 41365 41408 42768 43661 43789 44002 43663 43706 42770 42601 62661 42643 44004 43792 43665 43877 42476 62537 43795 41246 43881 43839 62879 43798 62202
hp 263
t 42568 62671 42738 42569 43505 43803 42699 41000 43977 42618 43510 43257 43215 42578 42705 42579 42706 43685 41220 42707 64978 65022 41349 41052 41223 41350 62472 43816 41011 40968 43858 42712 41012 41226 40971 42799 41228 41015 41017 41018 41019 41105 42720 41020 41700 42721 62186 41148 42382 42722 43488 41151 43914 42769 43833 43495 40989 43794 42606 64665 43968 43970 41293
hp 174
t 42362 42364 42195 42365 42366 42367 41008 42373 41013 42376 42377 42378 41358 42040 42381 41021 42041 42042 42723 42383 42384 42385 42045 42725 42046 42387 41369 42730 44947 42398 42399 41383 42070 41221 42411 42071 41391 42073 42753 41055 42756 42758 43779 42759 43780 43783 43956 42767 42428 42429 42430 42431 42773 42093 43793 42094 44816 42779 42780 42440 42783 42274 42784 42275 42785 43296 42445 42786 42787 42451 42793 42795 42627 42797 43819 43994 42805 42807 43828 43660 42810 43831 42811 43493 43494 43837 42818 42309 43670 42480 42311 42481 42312 42482 43673 42313 42314 42484 42315 42485 42316 42486 42317 42487 42318 42488 42319 42489 42320 42490 42491 42492 42323 42493 41984 42494 41985 42665 42495 41986 44027 41989 44029 41990 41992 42334 41995 43865 40976 42000 40980 42002 42003 42004 42006 42007 42008 42009 41329 42179 42354
hp 82
t 50940 80267 49582 50773 49414 66159 50690 52135 52220 52051 52136 52137 50778 52223 49674 52054 52139 52055 49419 50780 49507 52058 52143 46703 49593 54695 49170 50193 73569 49599 49430 49175 49515 50876 50197 52068 51645 49354 50800 51991 70266 50803 50208 51994 50210 50806 51997 50723 50813 49369 70113 50140 50565 49716 50141 73603 49718 50231 49471 70127 30265 49986 51517 50922 49735 50925 71666 50926 50927 49229 50930 49401 73544 50765 50935 49915 52211 49152 52212 50597 50769
hp 264
t 62203 65392 64839 62502 65394 62929 61866 63057 62931 62506 62507 65398 62508 62849 65445 63192 65318 62515 64641 65364 62856 61836 62900 65366 62901 65281 62859 65327 64987 62819 62880 62905 62481 62864 65457 62482 62822 62865 62483 62526 62484 62867 62527 62485 62910 62911 62486 62487 62870 63169 62192 62872 63171 62492 65386 62666 65388 62244
hp 102
t 81328 81243 81242 81244 73895 81247 81617 73856 73900 81170 81256 81002 73862 81257 73890 81258 81260 81261 81559 81305 81646 81306 81264 81307 81266 81352 73872 81310 73874 81354 81269 81355 73877 58280 73878 81741 73879 81232 81233 81276 73882 81405 81320 81363 81235 81406 81278 81234 81236 81237 81277 81323 81238 80939 81239 81326 81241 79287 81370
hp 305
t 63692 63607 63609 80016 63612 63527 64207 63613 63528 63699 80188 63529 80020 63615 80189 63530 80190 63532 80192 63533 80193 67613 63534 80024 63704 63535 80029 63539 80008 80207 80208 80009 80212 63553 63555 80215 80010 80219 63561 80136 79968 63563 80139 67816 80226 80141 63568 80228 63569 63570 80145 63571 80146 63572 80147 63573 63574 63489 63575 63490 80151 67827 63577 63492 80238 80153 63578 63579 63580 63495 80155 63583 63925 63927 63842 80253 80000 80001 63681 63596 63682 63597 80003 63598 63684 63599 80174 63685 80005 80006 63687 80007 63517 64028 63602 63518 64029 63604 63690
hp 335
t 69258 69025 62376 69093 69369 62210 62214 69419 62386 62449 69547 43134 66978 43096 43118 62308
hp 331
t 22976 20596 20852 22977 20597 22979 20600 23236 20686 23492 20687 22982 22901 23156 22902 22989 42200 22905 23503 23164 20786 44928 22998 23000 20620 23001 20623 23174 42214 41619 23178 23179 23010 23181 42051 23185 44948 44949 44951 23021 44953 23193 23023 44954 42066 20646 41303 42068 22944 4415 20651 23202 41307 23203 23204 22951 41652 41993 20574 23212 23127 22533 23213 20493 23214 44974 41660 23215 22706 22962 41662 41663 20584 44980 22627 44982 20757 42177 22628 44897 22713 44984 22969 22798 44985 22970 22715 20760 20593 20763 20850
hp 180
t 44056 43547 27314 44059 28250 44740 28251 27998 44235 44065 26471 44407 27324 44070 27241 26986 44157 27923 27842 44417 44418 26994 44760 44251 44421 44425 26576 27256 44427 26578 28025 28450 27686 42903 27689 27691 28287 44097 28629 27949 44099 44100 44101 44102 44104 28381 42917 44277 44192 27193 44108 44705 44110 44706 44111 44282 44791 44112 44707 44113 44284 26434 26435 42927 44118 28650 26525 26526 44121 27292 27801 27717 43528 44123 28232 27725 44385 27810 27727 44050 44135 27306 44051 26456 28242 28244 26459
hp 111
t 78568 78908 78569 78400 78401 78402 81382 79264 81905 78591 78421 81822 78341 79531 78427 78343 78428 81915 78518 81841 78527 81842 78361 78362 79552 78448 78365 78367 79557 78537 79558 79559 78454 78539 81771 79476 59332 78373 79564 78459 78460 79481 78547 79482 78462 78549 78380 78381 78384 79234 81785 79235 78386 81787 78897 78388 79238 81789 78559 78899 81875 78901 79072 79242 79074 78395 79245
hp 105
t 76186 76356 75676 75677 76358 76529 76190 76530 76360 76191 76361 76362 76533 76363 76364 76535 76368 76539 75688 76369 75520 76540 76370 76541 76201 76371 76542 75522 76372 76543 75523 76373 76032 76374 75525 76375 75526 76376 75527 76377 76208 76209 76380 76211 76381 75532 75533 75534 76384 75535 76045 76386 76387 75538 75710 76390 76391 76393 72484 75544 76394 76395 76396 76398 72658 76571 72661 76402 71984 75385 71987 72668 72669 72671 76413 72674 76415 72679 72682 72683 72514 72684 76425 76427 72687 72520 72690 75581 72523 76433 72696 72700 72540 75774 75608 75610 76465 76297 75617 75618 76298 76469 75620 76470 76471 75622 76132 75623 76473 76474 76475 75626 75627 76137 75628 75629 76139 75630 76311 75631 76312 76143 76488 71222 75643 76496 71227 76497 75648 76498 76329 76499 76330 76500 76501 76502 76503 76334 71235 76505 76506 76339 76509 76510 76511 76343 76513 77024 76347 76521 76352 76184 76355 76185
hp 101
t 80011 71978 80224 64245 80058 63908 63697 64080 63740 63742 63702 71905 80532 63560 64086 64089 63707 71910 80327 80157 80541 80331 80543 71878 63552 80255 64151 63557 80558 67809 63516 63688 63689
hp 166
t 27821 27807 26972 25878 25889 26612 39 26623 27973 25963 25146 26210 27967 26618 26290
hp 187
t 44438 44481 42058 42102 44525 42870 21876 42063 42064 28252 44955 42065 26807 43682 42322 42067 44405 20776 42239 42794 42072 20695 44156 44751 44033 44500 41994 44416 44972 42848 42423 44677 44804 44975 28231 42343 44978 41493 42939 42005 41504 42176 42219 42432 42092 44687 20676 23439 42054 26925 41502 44435 44478 42184 42185
hp 171
t 62875 43592 42814 43025
hp 304
t 64116 64032 64117 64118 63864 64119 63950 80779 64120 80780 64205 64121 64206 64122 64208 64123 79425 63957 63959 79601 63962 64113 80200 67622 64114 63374 79612 64115 79448 79364 64065 62960 80810 64150 62026 80811 63900 63901 63902 79373 63903 64754 63904 63650 63905 64160 80737 63907 64163 63909 63910 80825 63911 64166 64082 64252 63913 79468 64084 63914 64169 64085 63915 64001 64171 64002 64087 80152 64003 64090 64091 64006 64092 63922 63497 64094 64009 63924 64095 64101 63421 63422 63932 64103 64189 64105 64106 63514 64110 64197 64198 80179
hp 302
t 59367 59187 78313 58699 59071 59360 78316 78476 59693 59651 59374 59343
hp 103
t 81200 81033 81205 81888 81889 81125 81894 79345 81045 81215 79856 81728 79348 79350 79691 79862 79863 81055 79865 79866 79272 79867 79868 79616 79281 79282 81152 79198 78944 81154 78861 81072 78947 78862 81157 81158 81074 79289 78949 79291 79206 79208 81163 81164 80997 81168 79044 81169 81000 81255 81171 81087 79218 79219 81176 79648 79649 81009 79652 79654 79145 81696 81866 81028
hp 345
t 42187 23019 22085 20598 20641 20685 20601 22387 20518 20603 5092 22263 20648 59963 5095 22266 22988 41690 22997 44504 42210 21897 20920 22081 20582 20583 44937 20883 44981 20587 44812 44983 20843 20673 20591 44986 44858 20634 44989
hp 100
t 79801 80822 80824 80570 80826 79637 80572 80489 80575 80322 80535 80581 80412 80540 80498 64011 80503 80463 80209 80507 79319 71797 80552 79363 63554 79365 64109 80556 80471 80387 80557 64027 79372 79627
hp 260
t 67856 68027 67857 68028 67858 68029 68030 67860 68031 67861 67862 67863 63614 67865 63616 63617 67867 63618 63619 63621 63622 68552 63623 71955 63626 63799 63631 68561 63632 64481 63801 68565 63636 67886 63637 63638 63639 63640 63641 63642 63643 63644 68574 63646 63647 63656 67907 63658 64507 63661 63662 63665 63666 63667 63670 67924 67925 67926 67927 67929 63680 67932 67933 67934 67936 67937 67938 67940 63691 67941 67942 67943 67944 67946 67947 67948 68290 67951 67614 68125 67955 67615 67956 67957 67624 68479 67632 67972 80043 67633 67973 67634 67635 67975 67976 67636 67977 67637 63558 67978 67639 67640 68320 67980 67641 67812 67643 67984 67644 67645 67985 67646 67986 67987 67647 67988 67996 67997 71915 68008 67840 67841 67842 67843 67844 63594 67845 67846 68016 68017 68018 68019 68020 67851 68021 68022 68023 67855
