ap 0
hp 368
 61183
ap 1
hp 369
 53048
ap 2
hp 90
t 59328 59372 57588 59331 58992 57591 61247 59293 59209 58785 60018 57553 60104 57427 58745 58788 60275 57598 59001 60703 59090 59217 59346 59389 60027 59007 59093 58498 60029 59221 59094 39757 60157 60329 60584 57440 61394 59312 58507 38235 59954 58637 58639 60000 78362
ap 3
hp 37
t 74479 75245 75352 75160 80410 53422 75353 75099 74183 75460 53275 75464 75485 77145 75447 74329 79740 77127 53390 73834 75132 77130 24137 74325 75239 75217 77683 77089 75347 79789 74117
ap 4
hp 370

ap 5
hp 83
t 44493
ap 6
hp 371
 20472
ap 7
hp 372
 20158
ap 8
hp 36
t 46748 46749 46750 46920 47516 47856 31454 30860 47861 47011 49646 50072 49987 48203 45653 47439 27126 49481 47696 48292 46848 47531 47786 46854 47028 45756 47032 49923 47629 47630 46866 48228 47803 47467 46959 48405 48152 47813 50024 48241 45351 49943 47138 46714 47140 30738 47144 48250 45533 31255 48255 45535 48425 46814 48174 47156 46902 27097 47752 48181 46568 30759 47508 47764 47596 47086 47767
hp 38
t 47130 48193 27560 46708 47707 47814 24802 26948 48092 47349 47541 48519 31482 48167 26938 48040 47127 32466
hp 43
t 47769 46410 47771 50066 49642 46413 48198 47603 46414 47859 45819 26950 32730 47096 47181 27631 47778 49988 47780 46675 45147 47021 47787 48297 48213 45238 47704 48130 46856 47791 48131 46857 48132 48302 45923 45583 48134 26883 45841 46862 47798 31478 46948 47033 46864 65989 46949 48225 45250 46865 48395 65991 47802 47462 48227 46528 47806 48402 46957 48488 73222 66339 65999 73225 48151 46877 31322 66771 66602 48157 47564 66351 47822 47652 46888 46890 49950 48251 46212 31253 46893 47577 27092 30407 47324 47070 47071 27098 47753 48520 46821 29908 30844 69010 47760 29996 46912 49123 66634 46576 48531 45472
ap 9
hp 55
t 32471 32472 47773 47009 32051 48286 47013 29845 48545 46930 47781 46336 30442 47103 47018 32485 30616 47702 31979 47792 30793 47793 48219 46944 29863 48223 32329 47290 48226 47037 29952 31823 47804 48146 29701 29787 47042 48573 47043 48574 48489 48149 32680 31320 47046 48321 47047 29793 47728 47051 49942 29711 29712 48158 48159 32098 48334 47145 47061 47065 47066 29726 46388 47579 30749 48177 32452 48347 49623 48179 48522 32457 49968 48523 32458 32459 49630 49971 48526 48867 32463
hp 59
t 16318 11049 9689 9520 9693 9523 29074 9694 10206 10207 9699 10212 10213 29765 10215 9535 9536 10217 9537 9538 10898 29258 9879 9880 10220 9373 10904 13455 10225 11416 11076 9887 10227 10908 13459 10229 11420 9890 10231 9893 9554 10234 13465 9896 10068 9730 11092 9903 16194 9735 16196 10758 9910 16202 9742 29297 29298 9581 10773 9243 10097 16217 16218 16219 9589 13670 8741 9595 9426 9427 16228 9598 9940 9261 9263 29498 16238 29500 10196 11146 9616 29507 9448 13529 12851 9629 9291 11162 13542 9631 13543 13545 8955 13546 9295 11167 13547 11679 10830 9470 8280 9300 11001 9642 9475 9476 9307 13387 10159 16279 9309 9483 9484 13055 11016 16287 11360 9321 11192 9661 16292 9492 8983 9494 9324 9665 9497 11197 9498 11708 9499 9500 9671 10182 9502 29732 29733 10014 10015 13075 16309 9679 9510 13591 10192 9512 11042 9513 16313 11043 9514 9516 9857
ap 10
hp 95
t 7733 44708 5523 44538 44709 21334 44710 44452 21338 21253 44459 44461 4681 5532 7913 21259 5280 5281 7918 21264 5284 4690 21266 4862 8177 4098 42775 44900 21271 4100 4526 4357 5378 21359 21274 21360 21361 4531 5552 5127 5553 4448 5299 22213 5129 5554 5130 5556 8191 5472 5558 5218 44318 20094 44831 21371 43727 5564 4459 5310 44667 21293 44840 21295 3701 44842 5232 7532 43575 7535 20795 3711 8133 4818 4819 4735 5249 21484 45030 4825 43501 15961 7462 5252 4148 27354 4745 5510 7890 4237 44698 5173 44953 4494 21410 8150 5095 7558 5859 4245 21332 44707
ap 11
hp 373
 49085
ap 12
hp 134
t 33758 33789
ap 13
hp 141
t 36889
ap 14
hp 352
t 20403 15853 20331 14838 20359 14219 11653 15601 17544 16187 16180 17520 20406 15391
ap 15
hp 50
t 53462 77093 53420 77689 54101 54017 53593 77265 77351 53552 53935 53553 54105 77736 77780 77567 53684 53259 13862 54323 74299 70602 54241 53988 32866 77576 54116 70522 70566 75029 53356 53314 70612 53527 70485 56631 77626 53741 77372 53700 53402 53998 77544 53915 35045 54214 77207 74913 77804 77379 54090 53666 53624 75044 53922 53923 77214 74920 54095 53715 34931 77686 53249
hp 56
t 30768 30088 30769 29409 32469 46923 29755 48285 32476 29076 29078 30438 29760 30440 30441 29747 29083 31973 32486 29086 31976 48296 30448 28752 46942 30454 29095 8355 46945 29096 46776 46946 28757 28758 31480 29780 46951 48483 30633 29784 48148 31830 46960 46961 31832 47132 48322 46964 30647 46967 29798 29968 47649 46969 46970 48330 29801 31332 48332 48333 29804 46975 46976 28789 28790 47661 30494 48175 28795 46987 32027 30500 30501 48352 31866 46997 30508 48360 47001 47003 31365 32048 30527 29847 29848 48209 46849 47019 29849 32742 28833 47023 28835 29855 28836 47026 29857 32748 32749 32750 47030 47031 46863 47713 47714 47034 48567 32588 29868 29699 48232 29872 29873 29704 32766 30726 29877 30728 47048 52999 29879 31070 47050 29882 31243 29883 31755 47057 31248 47738 31249 32100 30401 28702 29722 31254 47064 30575 31256 31936 29386 47068 32449 30751 31263 28715 31266 30756 30757 30418 30761 30764 30085 31277 29407
hp 52
t 70464 69955 75652 10882 70553 74463 71404 75656 77186 75148 34519 75659 76509 76169 53729 71664 76426 35711 75069 53394 34611 77366 73626 76516 77027 76602 54077 77028 54248 76178 76857 71673 76179 75839 71080 75501 18212 77542 53999 76497 77205 69896 76186 69727 77803 70919 71941 70496 53667 70157 76958 72879 76535 72881 33527 77047 71182 76368 71353 70078 70504 72120 75691 76289 70255 75695 70001 69916 75018 77313 75189 72470 75021 75816 72900 53351 77067 71629 34995 17060 70101 76901 70273 76903 77159 77244 71975 76311 75802 71977 75633 71979 73596 75136 71303 69944 69774 72155 52181 70627 75049 76920 76837 77007
ap 16
hp 89
t 44389 44432 44411 44093 21419 21420 21400 21401 27882 21422 21402 4997 21403 26505 44483 44420 27951 21387 44401 44425 44213 21392 21413 44237 44472 44431
ap 17
hp 374
 65535
ap 18
hp 40
t 49638 49978 49959 47345 30750 30941 49962 47862 49626 45928 31458 30736 48248 47866 46529 49845 30848 47763 47785 47573 30955 30786 29320 30787 47554 49679
hp 63
t 53633 54058 54165 54123 53679 54167 53107 54298 53533 77356 77357 53515 77486 77338 52838 53030 53583 53989 53925 77388
hp 51
t 36462 10964 10880 9521 10881 29158 52703 16239 12839 10204 36386 13607 10889 10471 10557 52804 34104 35891 28921 29519 52724 10055 10395 10310 10141 34111 12777 52898 9718 12866 29613 10999 9894 29530 52992 9897 52314 13384 10239 16278 10413 52318 29623 12879 16195 14070 29031 10672 36428 13565 16201 13229 9489 29125 52926 10002 12808 15274 52589 52674 10430 52676 29556 14683 16214 36359 53020 16895 52255 52850 52681 12986 52768 52770 28970 11206 10951 52688 16310 10020 9511 16226 16312 52947 52693 29488 34078 16229 12829 10197
ap 19
hp 375
 57078
ap 20
hp 139
t 3575 317 48 28480
ap 21
hp 376
 28607
ap 22
hp 377
 73702
ap 23
hp 378
 60664
ap 24
hp 65
t 54271 28814 53635 52744 33919 31625 15093 10463 77230 16032 36519 16291 36437 36353 13829 12470 11111 13874 52677 35975 28750 53102 36615 52722 52807 36660 17195 69981 53237 31647 13207 12655 36626 36331 75093 10876 28726 12832
hp 42
t 76031 76371 72590 75182 74460 77053 75398 76163 76206 70597 76291 76336 76337 53602 75914 76977 74810 74770 24153 75494 70057 76181 77797 76355 76526 76485 69812 76828 72579 53328 74791 76492 74792 75771 34164 76410 77134
hp 58
t 72588 75138 75140 76501 75481 69787 76502 71999 74464 75401 76423 76168 74469 75489 72515 76850 76170 76342 77617 53902 75409 70139 70394 70650 72691 54076 69632 75837 75502 72699 77121 71936 72448 75679 77211 75087 75513 75684 77811 75687 75777 77225 76376 76294 70769 75274 51393 74939 72050 72475 72053 75879 76305 76391 75881 69936 76991 77332 76483 77333 76399 53535 76911 76317 72577 73599 70032 75133 70119 69950 76327
ap 25
hp 97
t 5522 42922 21248 21249 5099 43690 43265 4252 43524 27035 42760 4429 5027 42768 21265 4520 44811 27387 44388 44474 21355 4356 44391 44987 44138 21273 26713 4529 20764 44140 20766 42272 4107 4278 4533 21364 4534 44229 44400 42190 44826 44316 43976 4197 4368 44743 4369 4539 4454 44234 44151 43474 44494 21460 4378 43563 4803 21471 43407 26663 4734 21310 21480 44436 44351 42482 26672 21318 4488 44439 27948 4404 5085 4405 42912 26848 42913 43679 44191 4496 44107 21327 4242 44702 21498 42749 4415 27365
ap 26
hp 92
t 58733 24223 61198 61284 37824 37485 61287 61202 61033 59249 60780 61292 60869 61041 18627 61212 19394 61045 18034 61215 18035 59091 37163 37758 60878 38014 59263 18124 36994 60796 60711 24079 59356 37766 19322 37172 37768 37004 18645 37006 19241 37176 6407 37857 19412 60468 58684 24175 61236 60897 61408 61068 61409 37186 19252 58522 38123 37019 18066 60737 58782 61366 61249 18581 18836 18751 60742 16457 61253 37881 61195 37713 61091 60752 37718 37208 18934 6270 60756 18172 37723 57358 60759 61185 18940 61186 60764 61190 61361 60767 61107 58557 37562 58558 37138 37478 18014 61026
ap 27
hp 60
t 53293 53656 74927 56079 74366 74293 75005 77749 74358 74401 53608 53457 54278 74349
hp 39
t 74427 74342 53674 74324 74347 54786 56157 75144 74327 74115 74307 74254
hp 47
t 74925 74203 77775 74354 56228 74312 74314 74484 74400 77673 53959 74338 74317 74339 56235 74553 74489 56151 81311 53645 74915 74449 34330 53456 74303 54987 74197 74433 74328 74350 77304
ap 28
hp 85
t 22779 59839 22783 45223 41824 41827 22788 41829 22796 22797 64618 22799 64960 64962 64963 64964 58504 64965 64966 22806 64968 64970 64971 64973 64974 64975 78575 64977 64979 58519 64936 41862 22823 41873 41875 59560 58556 65020 58222 59584 22532 59595 41915 41918 41919 60279 22881 59601 22882 22883 22884 59604 60284 22545 59607 22891 59612 22552 59613 59614 22556 41940 57920 60301 41602 59625 60305 22906 78669 22570 59631 65072 22572 22573 59633 22574 59635 41615 22575 60316 59637 59977 59638 41959 59643 59645 78345 22926 22927 23268 58629 22929 41971 22592 22933 78014 64756 41977 60337 22600 22601 65107 60008 22608 22609 22951 22611 22953 22614 22616 65117 22617 22619 60360 22961 60361 22622 60363 22623 64784 22965 60025 78725 60367 22628 22629 78731 22632 22635 22976 22636 22638 22640 78400 22641 22642 22643 65144 22644 65145 22645 22646 22987 22647 22648 65148 22649 59712 22652 22993 22995 59837 22659 59720 65161 39326 22679 65184 64844 22686 22687 65187 22688 65188 65189 65190 64850 22690 64851 23370 64853 22693 64855 22696 78117 60097 65199 22699 59762 41742 22704 59764 22705 41745 59425 22706 41746 22707 64528 22777 22709 59429 22710 78130 59430 22711 22713 59433 60113 22714 78814 59435 64535 64876 78817 60117 64878 64539 65220 78140 64881 59441 22721 65222 78822 65223 65224 78144 60125 65226 78826 22727 59447 59788 59448 59789 64889 60129 65230 60132 22732 59793 41773 22733 59795 64895 59798 64898 59460 60140 64561 65241 41781 41443 59463 41444 59464 59465 60146 59468 60148 41790 22751 64912 78512 59814 22754 64579 59820 22760 65261 22761 64922 64923 78523 41804 59488 64929 22769 64930 22772 64933 22773 64935 59836 64937
hp 79
t 61368 78198 22949 58989 22950 41651 22955 58995 22785 78205 60356 22786 40977 22787 61378 59339 22789 22790 57810 78381 22791 22962 59002 22792 41663 22793 42004 22624 22794 60875 77875 22795 41669 42689 64790 60030 41671 58501 65472 65132 78221 78394 61395 60886 58508 42699 60721 58511 78233 78574 58514 58685 62766 58686 64976 57666 42368 64978 65489 61410 22651 41691 42711 42032 64982 78245 64987 42038 61418 65329 79609 59040 64990 60062 65332 65333 78424 78425 42726 23518 58878 59049 57521 22672 59222 61265 65176 41546 64837 22677 23527 58548 59059 78270 65012 59232 57703 65013 60763 22684 58554 37985 65015 65186 60595 65356 65529 58559 60770 60091 22691 65021 60772 62642 23202 65023 78114 22694 59244 57544 58734 41565 78285 59074 41566 60266 59076 41567 60267 22698 41909 78800 41910 61291 59082 43783 41913 41576 58747 58918 41920 59600 60282 65213 42604 64875 60115 59945 41587 58927 78818 77968 22718 60119 41589 78821 41591 22892 41764 22894 37005 22896 41596 42616 77977 78148 78827 78660 22902 59113 22903 37863 22734 37185 78325 60136 43988 60139 22910 59801 78162 60312 41103 64904 58784 59975 41276 58787 22917 77998 59809 78338 77999 60319 57772 41622 23262 57602 64915 22925 59985 59986 60326 23267 22928 41288 58628 41629 58970 41630 22931 65262 41631 58633 58974 77845 57785 57615 59315 42657 57448 22938 59318 41640 41641 77852 77854 78194 22944 58984 58985 58986
hp 81
t 62388 43518 26859 43860 27371 62391 43693 26865 43356 42678 43019 42682 61892 43533 44385 61895 61726 61896 42856 61897 43369 40992 43032 43377 62247 43718 41000 44911 43382 42531 62252 61915 62086 62087 61917 43729 43730 43560 62091 44921 61922 44242 41014 45944 44925 45945 62265 45947 61930 43742 62272 41366 43748 43409 44770 43411 43756 62457 42567 61780 61951 43931 42573 26593 61784 42915 61787 42577 42578 42918 62301 42583 43774 44115 41396 42586 62308 44969 43440 43950 43442 42933 43444 61804 42594 41406 44467 43957 62319 43280 43451 42940 42772 42943 44475 43285 44986 43458 43968 42779 43289 43969 61820 43463 44144 42614 42274 43125 43977 43468 43469 42790 42791 42794 43984 43135 43477 44157 43478 44159 42120 62350 26651 43482 43144 43316 42467 43147 43489 44172 42812 43152 42473 62366 41626 44858 43328 43502 69172 44013 42653 43673 46053 43675 62376 42829 61699 42659 62379 26851 43683 26683 62384 42157 42667
ap 29
hp 48
t 48022 66044 65875 50150 46835 50151 69361 47772 47858 45903 65965 47522 45397 66817 66732 65883 66649 45909 50586 66141 45826 45911 69031 45912 45830 68865 45916 50082 50084 31300 61816 26796 69041 45157 31302 45328 69384 73295 66240 62330 68622 45077 69472 45927 66243 45843 45334 47800 65906 69051 45422 45932 45933 50013 68969 66249 68970 45850 65911 65912 66253 66848 65914 66341 66427 65919 67364 66344 73402 50112 66687 69578 73233 66944 73319 69494 68900 68901 49437 50032 66692 46717 66610 45870 26916 45532 68993 45194 46045 67296 45365 68914 26754 45540 26840 45372 69343 30752 66368 46904 66454 73254 61440 50136 69516 49456 66375 26935 65866 49461 46827 47252 66377 65868 49462 66633 69609 68929 66122 65953 65954 66381 49467
ap 30
hp 64
t 54037 54143 13598 70443 70465 70488 33662 54021 77141 33684 77354 34920 14054 70580 12802 54006 77381 16543 14078 77339 14036 54157 77532 13443 12444 12657 13597 77215 14572 54205
hp 62
t 52846 53038 52890 52827 28903 52810 52725 13775 52812 15201 53748 53090 13949 52901 28910 33884 12400 17799 36330 49719 40435 36675
hp 151
t 32473 32482
ap 31
hp 46
t 31638 69018 65917 50425 46899 47538 31645 73403 49645 50008 67012 49694 66484 30827 49739 49675 68100 30191 66675 45449 65996 67380 66977 50040
ap 32
hp 379
 39865
ap 33
hp 380
 20398
ap 34
hp 381
 52475
ap 35
hp 264
t 59785 22581 59615 22943 59642 78249
hp 231
t 67446 67489 68807 68679 61603 68808 68809 61521 68810 68641 67451 67494 68685 61631 68686 61781 68858 67434 61550 68778 61937
hp 295
t 81256 81683 73864 81770 81345 81856 81177 81347 58313 81179 81349 81265 81266 81267 81268 81269 78975 79826 81695 81271 81102 79827 81272 81528 78978 81358 78980 81191 78981 81276 79152 81362 81277 81278 81874 81704 79835 81876 79156 81196 81197 78987 81198 81199 78989 78564 81709 79161 78991 81032 81033 81716 79167 81889 81379 81890 81891 81551 57581 78916 81892 81893 81299 81727 81218 81558 81729 81900 81560 81730 81392 81903 81734 81225 81310 81736 81396 81737 81228 81908 81738 81569 81059 81570 81740 81571 81572 79108 81234 81405 81320 79111 81236 81917 81407 81918 81919 79201 78862 81157 78863 81583 79288 81754 81245 80906 81756 81332 81248 81333 81249 80909 81079 81845 81165 81250 81166 81251 79211 81252 81337 81253 81338 81084 81679 81680
hp 80
t 60262 59924 78199 59925 78116 22697 41652 41653 41908 43101 58997 58912 59083 22958 41660 59426 41661 59936 78807 60362 78212 59088 78808 78553 41409 78214 60365 59260 64956 41496 41497 22630 59776 78391 22717 57568 42016 60291 79502 42017 42018 22978 41508 42019 60124 23489 80694 58935 23490 62250 23491 78571 78403 41513 58770 57580 62595 78661 41516 78832 78237 60134 78154 62344 41519 78495 22905 64896 78156 41097 64897 78328 60310 43310 23336 60311 78332 78164 78334 78165 60060 57596 62359 59471 60321 22583 59218 59815 78177 78517 78858 64919 65174 79284 78520 23270 58972 23274 41549 59994 78015 41550 22935 78442 64928 78529 58724 59999 59914 78445 78446 78532 60003 41643 23369 41644 65275 42665
hp 248
t 71669 73140
hp 258
t 70038 76838 76840 76841 71402 69704 69705 69706 35026 70386 70047 69707 35016 70049 76849 76851 69712 76852 76853 69714 76854 76855 69715 70056 69716 35036 76858 69719 51360 35040 51361 35041 51362 51363 69723 76863 70404 51365 70405 69725 70406 51367 70067 70407 72449 70409 72450 70410 70412 70753 70413 35053 35054 70414 51375 70755 70415 70416 35056 76876 35057 69737 76877 77558 70418 76878 35060 35061 35062 72463 35063 35065 69745 69746 35069 35070 35071 54112 72133 51394 70435 51396 51397 51398 69758 51399 54119 70439 51400 69760 51401 69761 51402 69762 51403 69763 69764 69765 69767 51408 70108 51409 51410 72150 70451 69771 51412 69772 51413 69773 69775 51416 51417 51418 69778 51419 70120 51421 54141 51422 51423 69784 51425 69785 72506 69786 69789 70471 54152 51432 72172 70473 69794 70135 54155 70475 70136 51436 69795 51437 69796 70477 54158 70478 54159 70479 69799 70140 54161 51441 70482 51443 70143 69804 51445 69805 51446 70486 69806 69807 70487 71168 71169 54171 71171 70491 54172 71173 69813 71174 71175 72536 71178 70498 71179 71180 70841 69821 71183 69823 71184 72545 71185 71188 71189 71190 72550 71191 70511 71193 71194 72554 71195 72555 54196 71196 72556 71197 54197 72557 71198 54199 71199 72559 71200 71201 54201 71202 69842 54203 69843 71205 54206 70526 71207 34827 71208 71209 70529 71210 70530 71211 34831 71212 71213 70534 72576 70536 72578 70538 72580 72582 34842 72583 34165 70547 70548 70549 75650 72591 75651 70551 69872 34852 69873 70214 70554 69874 75655 72596 69876 69877 77017 72598 70558 76339 69879 70220 72600 76341 77361 75661 70562 34862 75663 69883 77363 76344 75664 69884 72605 77023 69885 76346 77365 70565 77024 77025 77026 69887 70568 70569 70571 69891 77371 77031 70914 77034 33176 77036 34537 77037 51538 69898 34880 77041 34882 77042 34883 70583 77044 69905 77045 34886 77046 71267 72628 34888 77048 34889 34890 69910 77050 34891 77051 70592 77052 72633 72634 72635 34896 70937 34897 34898 72639 34899 34900 70261 69921 70601 34901 69922 34902 71623 70036 69923 34903 34904 34907 36608 70608 69928 34909 34910 71291 34911 35252 69932 70613 69933 72314 69934 72315 70615 70616 34916 70618 34919 70620 71301 34922 70624 34924 35264 69945 69946 71307 69947 70628 70629 34929 34930 34932 70633 69953 34933 70634 70295 73015 70635 70296 70637 71319 70300 70640 71321 34941 71322 34942 34943 70645 70646 69966 69967 70308 71328 70648 34948 70649 70991 69971 71333 71334 71335 70655 69976 71337 69637 70657 71338 71340 72363 70663 70667 35647 70669 70670 69990 71351 70672 71016 69998 71022 70343 70683 34983 69664 34984 71025 72386 70346 71366 72387 71027 70349 70350 70351 69671 54031 71372 34991 69673 70013 71375 51316 72397 51317 51318 51319 51320 71382 51324 51325 51327 70027 76829 71389 76830 76831 76832 71392 76833 70373 70033 76834 70714 70034 76836
hp 234
t 63748 63579 63580 67412 63927 61632 61633 67328 67413 67415 67076 68096 67247 67417 67332 67078 61638 67334 68101 67336 67421 68102 67338 67678 68104 68105 67425 67511 68847 68362 68193 71508 67343 61649 68364 68280 68196 67516 61651 68197 67517 67347 67518 63184 68285 61486 68201 67013 67441 63616 68207 67615 67276 67362 63622 61668 67363 67024 67280 67365 61535 64339 67625 67200 67628 68393 67375 67461 67209 67464 67465 67211 68231 67381 67466 64408 67384 67044 67387 67388 67474 67389 67049 67475 68156 67391 68242 61528 67393 67395 67566 67396 68842 68504 68079 61536 66892 72247
hp 257
t 72928 72248 70932 72927 70807 73528 72128 70940 65926 70941 71579 73534 70943 65886 72389 71496 72135 73496 73497 70948 73200 73498 65935 72948 73203 71931 73291 70869 73505 73591 71552 72959 73172 73514 73177 73560 71563 73561 72924 72967 71736 70929 73479
hp 315
t 67402 67064 69360 61796 67408 66983 61543 61799 45989 69366 66819 61808 69033 69015 69034 61643 68955 62240 62326 68957 69042 68702 61819 62329 61735 61736 62416 43123 66838 61909 66840 68966 66841 68797 66843 66844 67439 62255 68971 68716 69313 45938 68975 67360 68977 68722 45942 66938 62434 26649 62437 67537 62438 68813 46034 62440 45355 61761 65588 67544 26999 46040 68651 67546 68906 67376 66867 69332 61597 68908 68737 67378 69335 68995 69337 68657 69338 46050 62288 61864 62375 68666 61442 69349 62295 69351 69181 69267 69013 61619 69356 69611 69357
hp 291
t 58287 74626 55720 55715
hp 299
t 39717 39077 81599
hp 247
t 72758 72760 72761 66132 72762 73102 73443 65963 72763 65964 65794 72764 73105 50156 73618 69538 72768 65969 73620 66991 65631 49312 49314 73628 73118 73629 73119 66666 65817 72958 66670 72790 73301 65651 65650 72963 72794 73477 73308 73137 73139 73650 65661 73313 66173 73484 72975 73315 65839 66466 73321 65671 73322 73492 73493 73325 65676 65848 65678 66704 65857 73508 66370 66374 73517 65699 73350 73520 65872 66552 65873 73523 70974 73184 73355 65705 73185 73526 73186 73357 73527 73188 73529 66389 73530 73531 73363 73024 65885 73366 73196 73197 65719 65552 65898 65900 65904 66928 66419 65910 66251 73221 65744 66426 73397 73227 73399 66431 73572 73573 73404 50113 73574 50114 73235 50115 73406 65927 65928 65929 65931 66272 65592 65593 73583 65594 72735 66957 67298 65938 67299 65940 50147 65941 49282 49284 49285 65946 65947 49287 50137 50138 65949 73429 72750 72751 49293 67314 49294 49295 66465 50146 72757 66467
hp 123
t 75268 79391 80199 77862 79693 79354 75360 75361 75276 75362 75448 75363 75278 75449 75364 75279 75450 77914 75451 80593 79701 76727 79362 76728 76643 76558 80469 80470 79748 75286 75415 79410 80603 79414 76566 79416 79418 79461 79380 76703 79469 79216 79471 77857
hp 249
t 66982 66600
hp 314
t 34762 34678 33406 34257 51003 34089 34771 17517 34092 35367 34689 34692 51099 14720 35375 34695 35377 35383 33515 35385 34196 34705 34708 34115 34117 33352 34204 34799 34677 5901 18312 14741 33358 34719 36080 14660 17466 34041 18997 18320 6846 34217 34728 18325 16966 33456 17052 14673 33800 34651 34081 34059 33383 17064 14346 35344 6699 33814 17070 35347 35348 34158 14694 33480 34586 34161 33823 33314 34761
hp 165
t 29706 29792 29707 30536 31981 29708 30664 29709 31069 30135 30140 30099 30142 30630 30100 30589 30631 30591 48358 29977 30637 29703 30576 30087
hp 227
t 40187
hp 292
t 39060 39036 55675
hp 269
t 22934
hp 265
t 78793 78795 78839 78798 78670 78756 78161 78714 78842 78758 65244 77866 78717 78845 77952 78803 65245 78675 78719 64566 78805 64908 64906 78676 78678 41365 65251 64571 78681 65252 64573 78812 22967 78004 41413 77963 41372 65258 78816 40993 41036 78139 65265 42740 64967 78788 64552 78662 78663 41306 41689
hp 279
t 61709 69019 69359 61625 68765 69022 61713 69362 61798 61628 67580 61803 61548 68861 61809 68864 68610 68951 66741 68612 61812 69037 68784 61815 69040 68786 68787 69043 67346 68623 61738 68793 68624 68965 68710 67436 68967 66842 68885 67440 68715 66846 68973 68888 68974 62430 68892 62432 68893 68723 66856 61586 62439 68814 61845 67541 61591 62444 68992 61853 67550 68910 61856 61604 62285 68661 68663 67559 67560 67561 67562 69348 68669 61785 67565 68840 67567 69353 61788 69354 61534 61704 67399 68760 68931 68761
hp 225
t 16806 14501 14405 14355 14494 14642 14526 14603 14645 14594 16868 14403 16805
hp 296
t 39140 58138 55803 81389 74634 74337 58144 58317 58319 81651 55472 55473 58279 55730 58280 74686 81487 39073 39115 58156 55564 38947 58284 55607 58285 58286 55652 55567 55483 39079 55569 55400 81539 81454 58249 57484 56167 81498 39125 57656 39167 58208 39082 55873 39128 55663 81504 74704 58214 58256 58301 55454 55794 55710 55372 55500
hp 84
t 22778 57801 78201 78202 57465 78206 59507 78550 78551 22798 64961 58166 78908 78228 79589 78570 57490 78232 78238 64980 78242 59550 64991 77912 78252 58539 78261 60244 58546 58207 77928 23529 57530 57532 57536 78279 78280 78281 78282 57545 59587 78627 22531 78291 59592 22533 22534 22535 77957 22537 77958 39878 22539 22880 22540 22541 22542 59603 77964 22544 59605 22885 77965 22886 77966 22546 22547 22548 60289 59610 22550 22551 77972 77973 22553 77974 22554 22555 78656 22557 58257 22558 22559 78659 23240 57921 39901 22564 57584 78324 78664 22566 78327 59628 22568 60309 22912 22913 22914 59634 60315 22916 59636 22576 22918 60318 22578 22579 22920 78340 60320 22921 22580 78341 60322 22582 22923 58624 78005 58625 61345 59646 23266 58626 22586 58627 59987 78348 22589 22930 78350 22591 58632 22595 22936 23278 22939 23279 81763 22946 22606 23288 79732 22618 58998 78718 22960 59000 60364 78384 22966 22627 22968 22969 58669 22970 22971 58331 60372 22973 22974 22975 78395 78736 79078 65142 78742 65143 81804 78745 65146 59367 78752 65157 59718 78081 23001 59041 57686 65172 65175 78441 78782 65185 59405 78787 23031 65191 59752 78792 78794 58735 65196 59077 57717 78118 65198 60099 78120 60101 78801 59422 59084 78804 78806 78129 78810 58071 78131 78811 65212 22712 59432 64533 64873 78813 59434 22715 57736 22716 59777 59778 64538 59439 78819 59780 78820 60120 59781 57401 59440 59782 78823 22723 22724 78824 64545 78825 64546 59787 65227 60127 65228 60128 65229 59449 78829 64890 60130 78830 64891 78151 78831 59792 60131 78153 64893 78833 58094 59794 60133 59796 78836 59797 78158 60138 64899 78499 78840 37020 60141 59461 64902 59803 64903 65243 64564 78163 60143 78843 78166 78846 64567 78847 64568 57428 64909 65249 64910 65250 79870 59470 64572 60152 78173 65253 65254 64575 65255 65256 65257 59818 64918 65259 78519 78180 64581 59822 65267 59828 64931 78192 78193 59494 78197
hp 109
t 79728 79303 79474 79645 79731 79646 79221 79817 79563 79139 79819 79649 79480 81009 79479 79481 79141 73957 81183 79738 79483 79824 79739 79741 81016 77871 79656 79316 79317 78977 79489 79319 79830 79492 78982 78897 79323 78983 79325 79240 79326 79157 79667 79158 79159 79839 79329 79160 81029 79330 79331 79162 79163 79503 79248 78994 78909 79334 79845 79335 79336 79337 78912 79338 78913 79340 79341 79852 79853 79854 79344 78919 79855 79345 79260 79346 79261 81898 79264 79860 79776 79352 79523 79639 79270 79867 81057 81058 79784 79106 78936 79532 79617 79618 79534 79024 78940 79196 79622 78942 79028 79285 81071 79202 79627 79118 78864 81244 79629 77929 79120 79291 79039 80994 78954 79637 79297 79808 79298 79809 78877 79299 79810 79300 79811 79641
hp 232
t 65022 64630 64100 64846 65197 65218 65018 64839 63989
hp 322
t 33937 51033
hp 112
t 75393 75053 75223 75224 75139 75395 75225 74800 75480 76416 75141 74461 75566 75142 74802 73782 75483 76417 76418 75484 76419 75399 75400 75316 76420 76421 76422 75403 75233 76594 75065 75405 76256 76596 75747 76257 75492 76597 75408 75153 76258 76429 76598 76599 76259 76430 76260 75411 76431 76261 76600 76432 76262 76433 75582 76603 75243 76604 76605 76436 75416 75586 76437 75077 76607 76438 76267 75417 75419 75079 76266 75080 76440 76271 76443 74488 75170 76447 77808 75768 75088 75600 75091 75097 75015 75356 76550 76639 76555 75367 75454 75539 75456 76561 75457 76477 76562 75458 75544 74184 75461 75463 76568 75209 75465 75126 75211 75467 75214 77765 75219 74880 75137 75392
hp 101
t 74882 74883 77264 34980 77057 77270 77443 77613 77273 53516 77274 34945 53348 77148 53986 53689 53349 53562 77574 54243 54244 54033 77535 53438 53354 54034 53653 77455 77286 53657 54210 77161 54043 77290 54213 53364 77251 77209 77465 53537 77466 54048 77254 53373 54097 53376
hp 256
t 73418 67171 67086 67172 67087 66387 67217 73252 68536 65881 67220 73427 67180 67117 68413 68541 67096 67120 73371 66423
hp 290
t 58506 58505
hp 78
t 41648 41649 41650 42670 40970 22612 44882 58993 41315 44885 44887 44888 41319 41148 40982 41662 44893 41664 61894 44894 44895 44896 42007 22801 42012 44902 42013 65473 42693 42014 41674 22804 42015 65475 42695 41336 41677 22637 44907 41507 40998 61908 42700 44910 42021 41510 42022 58682 41003 42024 41514 41685 62765 42025 42026 41686 44916 42027 41687 44917 41008 42369 42709 44919 42370 42030 41009 41690 41011 41352 42372 41692 65153 42033 65493 42034 42373 42713 42035 41693 41694 42036 42374 42714 42037 42375 42716 41696 42039 42719 64989 41360 41530 41361 42042 41702 41362 42383 42043 23513 42724 42044 41703 42725 62785 62615 41705 22665 41706 42727 42047 41367 42728 41708 62618 41709 41538 41028 41370 42730 42732 23522 42733 22673 22674 42734 23524 42735 41715 44945 22845 42738 41038 42568 42739 41380 41381 41721 23531 41382 42232 41383 42572 23533 42743 41723 23534 41554 42744 44955 23535 42747 42748 44958 42751 44961 41394 44968 22869 43780 20664 41236 41577 41408 43788 41578 41410 41411 58922 41414 41585 41416 41586 41757 44988 41419 41759 44989 41420 41592 41423 41593 20684 44824 44825 44996 23236 41597 44829 42619 41599 41432 45002 43473 41603 41604 41436 41437 20699 41610 41782 43312 41446 41957 41617 41618 41449 41620 41961 41452 41453 41454 42644 41625 23436 58967 44007 41628 42144 44014 44015 41296 42656 41637 41468 41638 41469 41299 41300 41471 44871 42661 41642 41647
hp 307
t 33403 17169 35699 14537 14622 18278 33494 17174 14369 33411 14372 32818 14546 32821 14462 33248 32823 18204 14379 14380 17696 17102 17697 33848 33678 18210 18125 32831 33171 14387 35131 33432 14392 17454 77635 15075 14395 77636 35307 14397 33437 14398 16864 14570 33270 14655 14401 14573 33274 17212 14578 17214 34555 14586 32776 16967 16882 14587 35837 33628 32779 34311 18247 18249 32785 34316 34317 35677 14427 14342 18422 14598 34318 32787 35680 33472 14347 35767 35683 35768 33219 14349 33220 18429 14775 32796 18177 34328 32798 33649 33564 34329 32799 34500 14695 17161 32802 18268 33143 33484 14445 14360 14446 17167
hp 255
t 65618 70889 65577 73099 65960 65663 65579 73229 65878 65581 65582 65540 66475 65625 65668 65669 67116 65628 65589 65547 65674 69457 65591 65549 72774 65677 65635 65721 67295 65596 66276 65597 67297 65555 65937 65598 72780 65599 70150 73041 65860 66754 65948 65652 66631 73261 65994 73095 65870 65657 65956
hp 335
t 14341
hp 319
t 45218 45219 66980 69531 66981 45221 45222 66987 45400 66990 45401 45231 66992 66993 66994 45067 45239 45412 45413 69553 69383 69554 45075 69385 69556 69557 45078 69558 69388 69559 69389 69560 46609 69390 45421 69562 45423 69564 69565 69566 69567 45260 45261 45262 45263 46623 46624 45098 46630 46631 46636 68909 45280 69591 45281 45282 45283 45284 45285 45286 46646 48007 69258 46648 46651 45293 45124 69264 45125 45295 45975 45129 69270 45301 45132 46833 45303 45305 66896 69617 66897 45307 46838 45308 45990 45141 45145 45146 45153 45833 65554 45835 45497 66917 45158 66918 45159 66920 66581 45161 66582 45163 66583 69473 45164 66923 66585 45165 69475 68625 66926 69476 66587 45167 45170 66760 45171 69483 66934 45176 45216 45177 69487 45347 68979 45180 66770 65584 65585 66948 66778 66949 66950 45190 66611 26833 69504 66955 65595 45195 66106 66959 66960 45200 69510 66621 67301 69511 45202 69512 66963 46052 69513 66964 69514 69515 66966 45377 66288 66798 45889 45379 66120 66971 69521 69522 69523 69524 66975 69016
hp 218
t 53649 53261 53658 77569
hp 324
t 33913 36297 50409 50240 36475 12511 53141 52805 52296 52806 52298 52978 52808 52809 52896 52811 10482 52897 13884 53240 52815 52817 52818 52819 52990 52820 52991 53161 34036 52907 36756 52821 52568 52826 36508 33876 52831 12374 36514 36432 36433 13060 52246 52588 52848 52934 52849 52682 52937 52852 52258 52853 13924 52854 50220 52687 52942 52858 52944 52859 13933 52863 35863 36716 36717
hp 259
t 71398 71399 70719 70720 70721 70722 51343 70723 71403 70046 51687 71070 70059 70739 70744 71085 70746 70747 70748 70749 72111 70751 72451 52052 70072 70752 71093 70754 70075 71096 70757 71098 70758 70080 71100 72462 70765 51386 70766 70767 70768 49348 70771 52072 52073 70773 70094 70099 70780 72821 70102 70782 70783 51405 52085 70106 72490 72493 70114 70115 70116 70117 72160 70122 70123 70124 70125 70805 72507 70128 70131 70133 70815 52116 70138 52119 70141 52122 51784 51785 52126 70827 72527 70148 70149 52129 72529 52131 51792 70153 51793 70833 52134 70834 52135 70835 72535 70156 71177 72537 70158 70838 52140 70840 71181 72201 72541 70162 72542 72203 72883 72544 70165 51465 71186 72546 72547 51807 51468 72548 72549 72552 70173 72553 70174 72214 70175 72895 70856 70178 52161 70862 51483 76304 70184 76306 70870 51832 52173 70874 71214 34155 52175 70197 70198 36199 71219 51503 52184 52185 70885 52186 70886 52187 70887 70888 72589 70210 52192 70212 70213 52193 72593 52194 72594 70895 70216 52196 52197 70217 72597 70218 51518 70897 70219 70898 72599 70900 70222 70224 52204 70225 52205 70226 52206 72606 70227 52207 72607 70228 52208 76348 76349 51530 70230 76351 52212 70233 52213 70913 51873 51875 70915 72615 70916 51537 70237 70238 51539 70240 72620 70244 72624 71265 51545 70925 70246 72625 71605 72626 70926 70927 72627 70930 72630 70251 70931 72632 70933 70934 70935 70256 70936 70257 70938 70258 70939 70260 70262 51562 70942 70263 70944 70264 51904 70265 70945 70266 70946 70947 70267 51567 70268 70269 51569 70270 71290 72310 70271 72311 70951 51572 70272 51573 70953 51914 51574 71295 51575 70275 51576 71296 70276 70957 51577 70277 72318 70278 70956 51579 70279 51917 51580 70959 51581 70281 51582 51922 70283 70284 70964 70286 71646 71308 70290 70291 70292 70294 71316 70297 70977 70978 70980 70303 70304 70305 70306 70307 70309 70310 70311 70312 70313 51613 70314 70315 70995 70316 51617 51618 72358 70319 70321 71001 70322 51623 51627 70328 70329 71009 71010 71011 70332 71012 51972 71013 70334 51636 51639 71360 71020 71021 71361 71023 70344 71364 71365 70345 70347 70348 70353 71373 72393 70354 71374 70355 51655 70356 70357 72398 70359 51662 70362 70364 70365 71385 71386 70366 72406 70367 71387 72408 69689 69690 69692 69693 69694 76835 70376 71397 76843 70384 70385 70387 70388 70389 70390 70391 69713 70395 70396 70397 70398 70399 70400 70402 69731 70419 76879 70420 70421 70422 70423 70424 70426 70427 70428 70429 70430 70431 70432 70433 70438 70440 70448 70449 70450 70452 50732 70453 35433 70454 70455 70456 70457 70458 70459 70461 70463 50746 70472 69793 70484 50765 69816 73556 70497 70499 73565 70508 73571 70515 34479 73579 69841 73590 69850 69854 35181 70544 73607 75649 77010 77012 75653 35193 75654 69875 77015 77016 75657 75658 77019 75662 73623 73630 77039 70584 70585 35234 69924 69931 73677 69952 35278 69960 69970 35290 69972 69974 69975 70656 69977 70658 69979 70659 34620 70660 69980 70661 70662 69983 69984 70665 69986 70668 70671 70673 69993 69994 70676 70677 70678 70679 69999 70681 70002 70682 70003 70684 70004 70685 70686 70688 70012 70693 70694 70014 70015 70695 70696 70697 70698 70699 70021 70023 70024 70025 70029 51332 70035
hp 106
t 74332 74035 74162 74163 73994 56230 74087 74088 75109 74089 74346 74304 74135 74434 74136 74138 74309 74054 74437 74438 74140 74311 74141 74440 74142 74058 74101 74315 74443 74065 74320 74066 74321 74109 74151 74322 74067 74068 74450 74153 74367 74156 74456 74457
hp 160
t 32640 32641 9437 8757 32642 9183 32645 32646 8338 9784 32651 32656 10216 32657 29768 32658 8605 29940 9031 32661 9032 32577 32662 9033 8353 9457 9034 8607 32664 9035 9288 32665 9036 9205 9206 9460 32667 9207 9463 9209 9040 32670 9041 9210 9211 8532 9043 32332 32672 9045 9046 32081 9047 32678 32679 8370 9305 9561 9052 8627 9053 32683 32684 9055 32637 32686 32606 8468 29888 9064 8472 29894 29895 32700 29896 32616 32703 29814 29219 8479 29815 8395 8480 8485 32625 8486 29906 12226 8487 29822 32627 32628 29823 12145 32632 9173 9428 8918 32125 9260 8411 8921
hp 329
t 32914 14448 14400 32958 14443 32959 33034
hp 115
t 74713 74076 74034 74629 55462 74503 74419 74207 74038 73825 81348 81605 81610 74684 81356 81529 74092 81359 81530 74560 81531 74646 55478 74073 74519 74353 74225 74355 74227 74738 74356 74143 81582 74528 74231 74571 74529 74232 74530 74021 74233 80949 74235 81290 74193 74236 80951 74194 55494 55409 74195 74621 74196 74027 74070 74580 74326 74581 74072 74539 80957 74074 74032
hp 68
t 31024 47770 31025 31026 30857 30858 30944 47766 31712 31713 30864 47779 31714 30949 30865 49735 30950 31035 31036 31716 30868 47783 31038 30870 30785 31721 47788 30876 31726 30961 31727 49666 49412 30967 50100 30809 30811 30897 47557 30814 49855 30730 30732 50027 30733 49944 50029 47565 50030 49946 47566 47567 49777 49692 30994 30744 30830 30745 30748 31599 49792 49964 47755 30841 49797 30928 49798 49799 49801 47761 47762 49803 49974 49804 49635 31444 30765 49806
hp 273
t 77359 54170
hp 321
t 49722 31618 28898 53124 30259 28899 49724 31620 49725 53126 28901 49726 49727 28902 31622 53128 31623 31617 53129 28904 53215 53130 28905 53131 53132 31627 28907 53133 53136 28911 31631 53137 31632 53138 31633 53139 31634 53140 31636 53142 31637 31642 31643 50429 53150 52387 30215 50360 49680 49681 49682 53168 53169 49684 53170 53172 53087 53173 53088 53174 28865 53175 28866 53178 53093 53179 53094 49695 53095 29635 53182 53183 53099 53101 53017 28878 52338 53103 28879 53019 36360 52342 51152 52939 53109 10442 28888 49713 52689 49714 28890 52860 53031 49716 53202 49717 50397 53033 49718 53034 52525 30256 49721
hp 268
t 60114 60137 57561 59150 58640 59779 59791 60280 60281
hp 323
t 36423 13854
hp 219
t 76817 77541 77160 77266 77564 77267 70638 70596 77163 77100 77334 77525 77526 77527 53558 77679 77530 77233 77213 77192 70564 77386 77259 75115 76816
hp 297
t 14490 14491 33575 14487 14473 14431 14454 33026 14520 14478 14438 14503 14482 14418 14439 14440 33588 33123
hp 69
t 30428 30429 30089 30091 30436 30096 29757 30097 28992 30098 30183 30439 29505 52883 28998 30444 30104 30445 30446 30447 28748 29005 29178 30453 30370 30287 30373 30374 30205 30375 29016 30547 29017 29357 30463 29018 10744 30379 30380 30212 30382 30213 28684 30133 30303 30134 29455 30050 28945 30052 30426 30141 29036 30143 30145 30147 28703 28704 28706 28707 30322 29302 30578 30068 30409 28796 29138 29478 30073 30413 30414 30417 30419 30590 30420 30080 30081 30422 30082 30423 30083 30084 30425 30086
hp 306
t 79218 23120 78541 77863 79564 63247 77953 78548 78208 78549 78211 79572 79573 64529 79234 77961 79236 64023 78558 78050 79496 80517 64537 78137 77970 79245 77971 64712 64544 63439 77976 78572 80783 64550 80361 63363 79685 78240 79176 64556 79602 79266 79606 64563 79864 64734 77997 79272 59808 78255 77917 78854 78856 79706 64920 64753 64584 64927 79293 78870 64760 78871 64761 78534 78876 63407
hp 179
t 32382 9063 9075 32260 9130 32464 32338 32456
hp 208
t 54285
hp 308
t 81768 79049 81771 79052 81263 79056 81777 81778 81779 78379 81780 79061 79062 79063 79064 79065 79066 79067 79068 81788 81789 79069 81279 81790 78390 81791 81792 81793 81794 81795 81796 81797 78907 81798 79079 79080 81800 79081 81801 58341 79082 79083 81803 79084 79085 78405 78406 79086 79087 81807 81808 81809 81810 78920 81811 79091 78921 60221 81812 81816 81817 81819 81309 78929 81821 79101 78931 81822 81823 78427 81152 81832 81153 78943 81155 81666 81838 80988 81159 81840 81841 81331 78951 81162 81842 81843 81164 81846 81847 81849 57539 81853 81003 81854 78964 81855 81176 78967 81178 81180 81864 81184 81865 81186 81187 81867 81697 81699 57560 81872 81873 81875 81195 81877 81027 81878 81879 81880 81881 81882 78992 81712 57572 81883 81714 57575 81036 81211 57582 57753 81383 81044 81728 81220 81221 81902 81732 81223 81733 81905 81735 81567 81399 81400 81231 81911 81401 81061 81741 81402 81742 81743 81744 81745 81916 81746 81747 81748 81069 81751 81753 81584 81755 81246 78866 81247 60167 81757 81758 81759 79040 79041 81082 57622 79043 79045 79046 81597 79047
hp 320
t 50913 49809 31704 49979 49810 30855 50917 49812 50918 49814 31030 49985 49816 30861 31032 49647 50498 49818 30863 31033 49564 49565 50925 31715 49650 49821 30866 49651 31718 49654 49574 49830 49408 49579 49922 51197 49667 31648 51115 49670 49841 49415 49928 49844 30805 49420 49846 49506 49676 49762 49423 50444 50275 49765 49851 49766 31661 49852 50447 31662 49853 49768 49854 49770 49685 50196 49686 49687 31667 49773 50285 31670 49690 50541 49691 49947 49948 50883 49949 31589 30995 49951 31592 30999 50891 30918 49961 30837 49707 49538 49963 49793 49965 50900 30755 49795 49542 30843 49800 49546 49802 49633 49208 49634 49805 31616 30852 49807
hp 113
t 74801 75143 74804 74805 75145 75146 74806 74807 80928 74812 74813 74814 74475 75838 76185 76187 75680 75683 76369 80619 76372 76204 76375 76205 76545 80626 76378 77058 76379 76380 76381 76382 76383 76386 76896 76897 76388 75197 76898 76389 75028 76899 76390 77070 75711 76221 76392 76393 77243 75543 76395 76396 72149 75040 76400 76401 76402 77082 76403 75043 72154 75555 76917 75557 75218 75559 76243 76414 77097 74889 75740 76930 75741 75743 76425 74895 74896 76427 74899 75751 75752 75753 75585 76439 75759 77119 76441 76442 75762 75763 76103 76444 76104 76445 76785 76446 76106 76956 77807 76957 76788 76108 76279 76110 76284 76455 76115 76456 76457 76458 75778 76288 75609 74760 76290 76461 75611 76292 76464 74764 76465 76295 76976 76467 76807 76297 76298 76469 76978 76470 76812 76302 76982 76303 76814 75795 76985 76987 76478 76479 76480 75637 76488 75638 76489 75643 80405 76156
hp 119
t 77241 77348 74482 77245 54020 76970 77246 76906 77204 77502 75190 75024 76385 76980 76895 76959 77236 76813 77237 75665 74476 77239 74902 77240
hp 277
t 73609 73611 52702 73613 73614 52110 73616 73621 51607 73622 70905 73625 52120 50846 51781 73627 52124 52125 50681 51619 52132 52133 51625 51795 52137 50692 52138 50693 51969 52141 51461 52143 52060 51041 50872 52147 52062 51299 51980 51470 52065 51556 51981 52066 51642 51983 51558 52068 52069 50880 52070 73576 51564 70859 52074 51650 50800 52075 28955 50801 52076 51907 50802 52079 51739 52080 52081 52082 52083 52086 50982 51833 51834 51155 70196 52091 50987 51838 51074 50906 70201 70883 73604 50910 73605 70207
hp 298
t 39725 39075 39408 39217 58193 57620 57727 39413 39415 58157 39883
hp 235
t 33828 35358 33829 33489 33491 33831 35361 33832 33492 33833 34173 33493 34175 5615 17686 34686 33327 33840 17690 33841 33842 33503 33843 35373 34184 34185 33846 18376 34187 33847 35379 33852 33512 33513 33854 34194 18384 33855 34195 33856 16856 34706 34198 17028 34199 33860 35391 33524 33354 33525 17035 33526 17037 35398 33869 19590 33190 33360 33531 33361 33533 69743 33534 33364 33535 34725 33365 35405 33366 33198 34049 34560 10251 34562 6002 33372 33373 34224 34564 34733 34225 34566 34228 18250 33380 34571 35421 34742 33382 34574 33384 34575 34235 18424 33385 18425 35426 17066 18426 34577 33387 34065 33388 18428 35428 33389 35429 33900 33390 18261 34070 18263 33223 34753 34584 33393 33394 34585 33395 33396 34587 35439 35440 18271 34592 14362 7393 34593 34084 33404 18955 33405 34597 7397 34258 34263 7403 14373 17093 17434 7405 33415 34606 35455 34776 33418 19649 35970 34270 33421 17441 34612 18293 18295 17446 33428 33429 34280 33430 33431 33262 34623 34624 34114 33094 33435 34629 35479 34631 34801 34465 34636 33445 34126 34127 35487 17467 34808 34810 33450 36001 34131 34302 34811 14750 19002 36003 34644 17475 19686 35497 33457 34138 34649 17139 35330 16970 35331 19692 72562 33803 34143 16976 16977 33808 34659 35508 33809 35340 17148 35341 33811 35513 35516 33818 17670 34671 33821 34163 33315 35356
hp 332
t 57535 39911
hp 100
t 75012 74885 75014 75524 75567 74462 74761 77821 73954 75570 75188 75019 76466 75488 75234 79825 77700 76468 77660 75578 77110 77790 77662 75155 74815 75116 75031 77709 75035 74783 77802 75549 77674 74319 77764 74452 77767 53330 74453 77640 77301 77132 77687
hp 293
t 14470 14364 14619 14471 14641 14451 14538 14432 14518 14433 14605 14350 14607 14649 14777 15330 14609 14651 14610 33247 14441 14612 14486 15336 14444
hp 177
t 48946
hp 76
t 40968 40969 45220 41397 68852 41398 40973 65200 41400 41401 61801 65202 41317 65204 65205 42085 65206 41407 41323 41324 41325 41665 41326 41666 42687 42433 41668 41328 41329 41584 41330 41670 41331 41332 41418 41333 41334 41844 41421 41676 61822 41678 41339 41679 41509 41340 41594 41595 41001 41341 64802 62592 41343 41852 62934 67526 62256 41688 65490 62600 62092 62602 41098 41439 65494 65495 65496 65497 65498 62864 65499 62609 41700 65501 62868 61767 41282 62617 62788 41710 62621 45962 41373 41033 41458 42736 41376 41392 41037 41632 41378 65518 41039 65180 41210 42570 40966 41212 62803 62889 41384 65524 41470 41385 41301 41387 41302 64848 41303 62639 65530 62640 41391 42666 65532 41307
hp 317
t 68762 65874 66300 66641 66642 66563 66733 66648 45229 66654 68866 65553 68954 45409 66574 68959 68705 66665 66241 66244 68879 66669 66246 66586 66247 66588 68798 66589 66590 66591 66252 68972 66932 65997 66593 65913 68889 65915 45940 66256 66597 66258 66598 66599 66174 66260 68895 66261 66601 66262 66263 66688 66266 66607 45187 66268 68903 66608 66269 66270 65590 66952 66871 68912 68913 66279 66280 66706 66282 62458 66113 66711 65863 66118 66713 66289 66119 66290 66291 48016 66718 69269 65955
hp 283
t 64002 64004 80878 64005 80240 64006 64007 64115 80202 64011 63566 63567 64227 80334 63377 64101 80233 80192
hp 217
t 50653 50836 52130 50868 50651
hp 267
t 61793 43646 61624 62304 62307 43099 62351 61629 62352 62395 62353 43059 67583 62398 26700 62232 61552 62318 45956 26662 61768 26876 61814 43241 43327 26667 26710 62369 26712 27351 61522 43418 62331 27357 43721 61791
hp 272
t 74264 74490 74316 74287
hp 105
t 75988 75818 75989 80069 75990 80751 75822 75993 80243 75994 80584 80587 75827 80080 79400 80421 79401 80251 80082 80252 80592 80084 80085 80595 80086 76176 80596 80087 76177 80597 80089 80090 75840 80091 75841 80261 80092 80262 75842 76182 75843 80263 75985 80604 76184 75844 75845 80093 76014 75846 80094 80095 75847 76188 75848 75849 63949 75851 78062 63951 80104 76024 80105 80106 75856 80107 80277 76028 80108 80278 75859 80279 76030 80114 80456 80235 80797 75867 80066 76384 80127 80297 80638 80298 80641 75541 76222 80133 76564 75885 80139 80483 80314 75045 75902 80325 80328 80331 80674 75575 80676 80678 80679 80343 71843 79664 76435 63517 80177 79328 80348 63520 79671 76782 79672 79673 80185 71855 64036 76787 80529 80362 80194 76114 75776 63877 75779 75780 80370 75781 80711 75782 80371 75784 75785 75786 80376 80207 63718 80718 75789 63039 80719 79360 63551 75791 79361 75792 80383 80385 79877 75797 76647 75798 75969 75800 76650 75801 80561 80391 76482 75803 79884 80734 79545 63736 75976 79547 80397 80057 80227 80228 75809 63739 75810 75980 75981 79381 80232 80234 76013 80064 75984 80065 75986 75987
hp 104
t 80749 80409 80411 75992 80245 80417 80247 80249 80422 80423 80253 75324 80254 80255 80256 80427 80598 80429 80599 80430 76693 80266 80267 76700 76701 76702 79934 76706 80786 76708 80788 76709 76710 80450 76711 80281 76712 76713 80283 76714 80284 75355 80285 76716 76546 76717 76548 76719 80288 80459 76720 76721 76551 76552 76723 76553 80293 76554 76725 80294 80465 76556 80467 76557 76559 80299 75371 76731 80471 80642 76563 79623 80643 80644 80645 80476 75886 79457 80477 80647 75887 79458 79628 79459 80309 80311 80482 79632 80652 79463 80653 80654 80655 80316 80488 80320 80664 80665 80666 80326 79647 80667 80327 80329 80330 75402 80332 80672 80336 80167 80507 80677 76428 80337 80338 80508 75410 80340 80341 80342 80683 80175 80685 80687 76270 80350 76611 80351 76784 79674 76786 75270 75444 76634 80374 75446 80716 76637 80379 80890 76640 76641 75452 76642 75453 80382 80213 79364 75455 76644 79365 76645 80384 76646 75285 80387 79367 80218 76648 76649 80390 80221 76651 79882 80563 76653 79544 79374 79885 79375 76655 80395 79887 79377 80568 76658 80738 80398 79378 80230 80231 80741 80236 80406
hp 294
t 74628 81343 81258 74714 74630 74716 74717 74718 74633 38933 74635 39021 81606 81607 74044 74639 74045 74046 74641 81611 74727 74047 81612 74643 81357 81613 74728 74048 81614 74730 74050 81615 81446 74051 81616 81447 74732 81532 74733 74734 74055 81620 81621 39121 55441 81622 74737 81623 74739 81628 81629 81460 38960 81630 81461 81631 81462 55367 39133 73984 81549 73985 73986 73987 73989 80959 73990 81640 81300 73992 73995 58270 58272 74679 81649 74000 81480 74001 38981 39151 74002 81312 74004 74005 81485 38985 74006 81486 81315 74007 58281 58282 74008 74093 74094 74009 81489 39159 74010 74095 74011 74012 55312 74014 74015 81156 74016 81329 74106 81416 74023 55578 74024 74025 81080 74026 55330 74028 80914 74029 55329 74030 74711 74712 81427
hp 246
t 65788 73098 49299 65790 67156 73280 73281 72771 73282 49313 73284 49315 72776 72777 49318 72950 73631 73296 72786 49328 67179 73470 73302 72792 73303 73472 73473 73474 73475 72795 73476 73307 65658 73478 73309 65659 73649 73310 73651 73652 73653 73654 73656 73487 73659 73151 73494 73495 73155 65679 73499 49359 73500 73501 70781 73502 70954 70955 73676 73168 72999 73511 73512 73343 73513 73515 73175 73176 73347 73516 73348 73178 65869 66209 73180 73096 73183 65704 73360 73190 73191 73192 73193 73364 73194 73195 73706 73368 73198 73369 73539 73370 71672 49296 73206 73210 73211 65734 65736 73047 65737 73388 73390 73052 73053 73054 73055 67106 73566 73398 73568 73569 73570 73065 73066 73069 73582 68484 49275 72736 72737 66277 73587 72738 73588 73589 73250 72913 73594 72915 72916 65608 71558 65610 73600 65782 65785 72756 65787
hp 98
t 79389 79644 75267 79348 76459 73952 75440 80242 73953 75314 75442 79522 81010 80756 76592 75318 64739 79657 79746 76560 75244 64747 80388 75374 75246 79412 75289 79710 79456 76268 76269 75292 80138 80862 79417 79332 75295 79376 76571 64248 79464 78063 79382 79472
hp 318
t 66298 66129 66302 69533 69023 69534 66814 66644 66645 66646 66647 69029 66650 66651 66655 66656 66657 66658 68869 66659 66660 62411 66661 69552 66662 66663 66664 66667 66668 68880 66671 66673 66674 66676 68887 69568 66678 69569 66679 69570 69571 69572 69573 68894 66689 66690 66691 69584 66694 69586 68907 69588 69589 69590 69592 69593 69594 69595 68915 69596 69597 69598 69599 66709 69600 66710 69602 66712 69604 66714 69605 66715 69606 66716 69607 66717 69608 66719 69610 66720 66721 69612 66722 69613 69614 66724 69615 66725 66726 66727 69618 69619 66729 66560 66730 66561 66731 66562 66564 66734 66565 66735 66566 66736 66737 66738 68949 66739 68952 66742 66573 66743 66575 66576 61646 69466 66747 68960 69477 69478 69481 69482 66595 69485 66086 66259 66614 69527 66281 66625 66626 66127
hp 226
t 55826
hp 270
t 70570 54198 51414 77552 34989 54146 54151 70425 54149 33187 70567 54162
hp 328
t 54343 54346 54617 54613 54635 54344
