ap 0
hp 376
 52991
ap 1
hp 377
 44859
ap 2
hp 93
t 66368 28883 28968 29695 28893 29659 46534 52742 28814 52743 53126 73230 49175 52916 52832 52835 53090 31542 52920 53007 31673 53136 31674 53052 29636 53011 28872 66443 50887 28874 28833 53144 28791 29603 29685 28878 28793 28836 31598 28794 29560 28795 29561 28839
ap 3
hp 36
t 69576 47754 45756 27120 27632 69135 26997 45698 27465 45541 43850 27638 62235 26174 27789 42814 27579 69188 25732 69423 45708 42481 43500 62329 62244
ap 4
hp 378

ap 5
hp 89
t 30218 28870 30336 30322
ap 6
hp 379
 20431
ap 7
hp 380
 20479
ap 8
hp 39
t 42188 27781 27952 27399 26125 42106 27401 43637 42107 26298 27959 42111 44961 43645 27920 44922 42074 44795 28646 24652 42247 27970 44975 27933 43574 27126 27466 28148 42768 42471 45703 42346 28661 28151 42905 27940 43665 25773 28579 26585 28668 42098 27096
hp 47
t 27779 42464 43740 27209 26444 25617 43553 27297 24642 27298 27937 26535 21478 28152 43771 27494 26453 25604 26369 28622 49150 42775 27922 28624 28135 27944 28626 26437 27968 42758
hp 43
t 26460 28671 43462 42782 42783 26378 43549 25103 27403 43555 1737 42452 43559 27409 43729 43730 27921 43732 27923 27074 24610 42460 69152 43312 42463 27078 43316 27337 26489 27340 27255 27341 31251 43662 42472 45873 27088 42304 42813 43749 28535 27261 28536 43751 27347 27177 27348 28539 27094 43754 43670 27435 27179 62370 42311 42820 42312 46477 27097 42482 43162 26673 42483 42911 43846 27186 43592 44017 27359 27954 26000 27361 62211 28637 42492 42495 44028 42243 62220 24651 27966 27542 26438 62224 42760 43611 26612 42167 27378 42763 26443 27211 62318 27299 28660 42771 42262 26451 26452 42772 27302 42773 27218 44391 24586 28156 28499
ap 9
hp 59
t 79840 59483 80818 79416 59399 79540 80013 79631 79633 59700 79803 80823 78316 80824 79719 80569 65270 79679 79637 79680 59492 79638 79298 64848 81891 80746 79301 78324 79387 79643 58649 79347 79432 79815 79817 79520 78586 63456 63457 59634 41869 78164 77866 58913 59169 59680 79571 64229 79700 59469 79404 78002 22753 59644 79365 79622 59010 79369 41842 80560 79583 79330 79585
hp 55
t 25101 26209 27145 48993 26213 25110 24602 26132 27747 28003 27832 26475 26561 26136 24607 27242 27583 2934 25719 28017 27167 25811 25812 27087 25303 27343 24625 24626 43581 27942 46302 43583 28623 24969 26159 28030 27946 24972 28627 26332 27777 25313 28543 25314 27184 26079 26591 42912 24979 27956 26256 27787 26513 26344 43599 25154 2969 26345 27451 27791 27962 27792 25669 27541 2976 44117 26355 27376 24657 26102 44123 24659 27380 27381 28656 25681 25852 2987 27383 2989 28490 42941 27217 43540 25095 27391 44136 25182 43543 44138 26459
ap 10
hp 90
t 53936 35067 55021 77589 53938 56297 34899 35814 34986 53857 55111 34966 34969 55136 35799 34970 54840 77599 53778 34929 35758 55798 56564 55119 53950 55802 51254 34830 34957 53467 53276
ap 11
hp 156
t 47030
ap 12
hp 134
t 29251 29157 15816 25083
ap 13
hp 381
 29627
ap 14
hp 382
 57343
ap 15
hp 61
t 59781 60121 78227 42612 80182 80352 23064 60719 80359 19245 18056 80787 78238 59539 78239 59709 59030 80961 79601 79431 59630 57591 79522 78248 81224 65077 79444 79446 59727 78258 42388 79364 65255 78006 14766 79536 79452 63899 59394 22760 57356 64752 79372 57357 78268 57528 79542 64923 22763 79459 61270 78184 77844 78951 63736 77847 17075 80742 59577 59662 79467 65272 79722 57622 78364 78280 79300 57711 78282 65533 22610 59160 81091 79560 64941 59756 78287 79476 65197 60352 80754 79394 78799 81179 78206 59166 81692 59678 79738 78296 59086 41066 59002 59513 22967 79407 78472 6480 79584 78225
ap 16
hp 383
 16383
ap 17
hp 384
 73727
ap 18
hp 50
t 60380 58851 16776 58853 78913 59023 78999 58855 59621 58432 59198 60133 58689 57502 57842 59032 58101 59716 78927 34132 59122 58103 57935 16795 59891 78421 81227 59893 81228 59043 59894 57431 81232 57351 57691 57437 60412 60497 81238 57438 58884 18169 59054 57525 78180 57695 57866 81328 81243 81245 58040 59657 57447 34243 57450 78785 34161 57621 58472 57624 58219 57542 57372 57628 57373 57459 81854 58650 58651 59671 59076 57717 58057 58993 58824 57719 81519 59675 59165 78291 34176 59677 58997 58998 57383 79059 57384 39024 79837 59004 57644 57729 61300 59089 81785 17102 58668 81363 81365 81195 60031 59011 61137 78478 59184
hp 38
t 58805 58465 51623 59698 58640 58556 34288 58854 58434 59158 57714 81217 57503 39824 58227 59034 57549 59121 57379 59037 58400 57594 57764 59719 57382 58403 57386 58960 59045 59088 60279 78341 59047 61386 81702 57902 16806 80513 57436 19398 59094 57650 58841 58077 57780 59055 57526 78650
ap 19
hp 385
 40143
ap 20
hp 143
t 32447
ap 21
hp 386
 32719
ap 22
hp 387
 78846
ap 23
hp 388
 73662
ap 24
hp 44
t 27480 26292 62247 45332 69473 27568 26208 66669 47718 26300 27915 69059 69145 27410 69231 68978 27413 69064 26565 43140 62266 27501 27502 27417 68983 69154 27503 69239 43997 69072 69497 42468 69499 46888 69331 61939 27429 26835 27430 61941 61942 27602 61943 45539 31260 44011 27606 45711 27437 45546 69092 27612 27613 45549 45722 26939 42494 62215 46322 66723 27453 26433 69189 27625 24824 27459 27460 69026 28653 69283 27040 69030 69370 27637 28658 69118 68948 69033 43789 26449 27640 42770 26963 43710 47025 26202 27394 47710 62245
ap 25
hp 81
t 49156 52047 52216 70407 52217 52218 49159 52219 52220 51201 49162 50694 50864 49164 49167 50867 50868 70419 50869 50870 50871 51382 51383 51213 51384 51554 50874 51385 51555 50875 50876 49176 52067 51388 50878 51390 49182 50713 49184 50715 51565 51566 51228 49189 49190 49191 70272 49196 50897 50899 34927 51419 73016 70468 73020 70132 69963 49903 70136 70138 50928 47188 51609 70140 50930 70141 50932 50933 69977 50938 50769 50770 50942 50943 70496 51456 51457 51458 49248 51968 51969 51290 51970 51971 50782 51463 51973 49594 51974 51465 51468 51298 51469 51638 47219 51979 51299 51980 51471 51470 51641 50790 50792 50793 51984 51986 51987 51988 75279 51990 51991 50803 51993 51994 50805 51995 50807 51488 52168 52169 51999 51490 51491 52171 52001 51492 50811 52002 50813 52003 50814 52004 52005 52176 52006 52177 52007 52178 51328 52179 51503 50824 52014 52015 51337 52189 52190 52191 50833 50835 50837 51347 50838 51521 51522 76342 51523 52033 51524 52034 52035 52209 52039 52210 51531 52212 52042 51533 51534 51704 51535 52045
ap 26
hp 389
 54076
ap 27
hp 49
t 73934 81180 79481 59081 81267 81374 58105 81140 78230 57766 73813 81336 73749 81506 78234 81720 81060 79701 57793 58284 58135 81192 81725 81236 79708 81259 73800 58097 79709 81239 81242
hp 62
t 55489 58253 57956 58298 78953 80909 57620 78955 80910 81254 58263 58221 39139 57458 57501 81173 58141 57463 81221 81266 58318 57425 57468 81268 39066 39748 81271 57471 58240 57986 57901 57944 39925 39119 57694 57484 78862
hp 46
t 58272 81117 81521 39150 81225 79782 58108 81547 58279 57705 58301 81719 81390 57686 81381 58283 78938 57795 81255 39031 74584 57627 57649 57629 58117 74142 58270 80923 81157
ap 28
hp 83
t 77631 49371 77507 52050 30885 52180 49163 51374 55751 77088 52057 34972 77770 53802 77305 70337 70041 49344 51556 73657 34897 34898 51389 77654 76804 51475 53726 70048 53771 53303 70007 77742 77715 53774 51480 53945 53308 53907 53949 77580 53780 75669 77624 34827 49362 77454 35810 77583 77713 35129 53787 53490 51705
hp 85
t 48008 66114 65987 47287 66455 31520 49329 31564 66117 66460 49715 47547 66461 31143 65866 31102 31187 30339 65997 31022 31532 65872 31109 47684 66044 47174 66343 47390 66005 47731 48114 47561 73275 50113 66010 47736 31119 47950 47568 31546 50204 47485 49696 66441 73242 48082 48127 31127 31130 31177
hp 79
t 70705 77040 51501 51459 51502 52182 52012 52013 69864 70376 77048 70336 70379 70128 70000 70004 70006 70049 70050 70008 70009 70052 70011 70054 70012 70013 52164 52036 70142 70015 52166 70059 70060 70358 70061 70104 70359 70062 70063 70361 70447
ap 29
hp 48
t 46860 62246 27396 66667 27780 66585 44021 62297 61746 45512 66210 62130 27621 47766 48149 66297 62091 69614 26607 66133 69066 45989 62267 69577 62311 69578 45397 67412 27419 62271 27803 26615 42467 68945 69116 69456 66566 43999 68988 69202 66823 62320 69247 69035 62321 69420 43326 45536 69210 66277 62242 61945 69595
hp 45
t 80779 65313 65400 79425 59705 35568 79429 41861 22653 79604 22654 41865 79605 35407 59463 78166 79441 79442 78762 79443 73834 78509 80722 78257 77832 64743 80808 77835 79535 79451 64748 59648 51998 80900 77842 80817 78013 78270 80480 79460 79461 78272 59658 51668 79465 80825 79381 78871 79297 79469 80747 80408 80238 78198 78199 79645 79562 59673 78289 77864 75315 65115 77865 79480 64775 79566 79484 79740 59425 79316 79486 80764 78300 79321 78217 60198 64793
ap 30
hp 153
t 4658
hp 53
t 4700 21063 7889 7635 21747 24339 21749 20900 19753 6705 6613 18947 57367 20903 4116 19033 15382 7902 18045 5566 21037 21038 20828 4595 4893 7528 21894 7572 7914 7022 20751 7322 21729 20200 5367 19818 79615 6683 19054 5369 58706 18162 21522 7582 6649 6608 19358 6611 7887 4657
hp 157
t 25018
ap 31
hp 390
 65422
ap 32
hp 391
 56590
ap 33
hp 392
 20463
ap 34
hp 393
 24575
ap 35
hp 101
t 76016 80183 71769 80185 71819 80449 71911 63496 63540 71872 63543 80458 80418 80419 63546 63504 63547 80422 63551 80850 71927 71885 71886 71844 80599 71845 63728 63515 71760 80431 75842 63943 80136 63562
hp 305
t 55488 56180 55447 55491 58244 55515 55505 81464
hp 323
t 24551 21690 24545
hp 274
t 67027 67017 67018 71902 67026
hp 276
t 81684 81187 81700
hp 234
t 63266 65179 61994 65310 65438 64801 61998 62763 62679 62509 65486 62640 63279 61494 64769 62559 63242 65113 62953 63296 62871 65423 63298 63341 64148 59304 62875 63301 62961 62622 65301 63473 65429 62582 63305 62202 65433
hp 64
t 44301 27152 44036 44216 44057 43569 44132 44398 44134 44507 44114 44158 44137 27213 42896
hp 295
t 46650 46905 48032 47750 46752
hp 82
t 35811 52046 66412 51707 49370 50602 73255 50815 61696 49541 50137 49542 50605 50563 50905 50056 70796 50909 49507 50783 72841 49168 49593 51975 51593 73568 49429 49684 49431 73402 49177 50240 66305 50114 49689 30309 73404 49180 49563 31543 49693 49905 49439 50162 51607 50419 49357 51992 50208 49359 51569 49912 49701 51613 68656 49915 49193 49152 49194 50214 49195 49918 49155
hp 277
t 78306 79592 78318 79589 79590
hp 326
t 69301 69216 69302 69221 69222 69223 69479 69225 69311 69227 69058 69144 69229 69061 43136 69402 69232 69063 69403 46028 69406 69407 69153 69068 62355 69070 69326 69157 69159 69414 69244 69160 69245 69416 46041 69161 69077 69162 45362 69164 69165 69250 69166 69082 69252 45368 69253 69084 69424 69254 69086 46052 69427 69257 69428 46054 69089 69259 69430 62375 45375 69261 69262 69093 62294 69264 69095 62380 46060 69096 69181 69266 69097 46062 62382 69268 62385 69100 69270 69101 68930 69271 69102 62387 69103 69274 69446 69192 69107 45987 69279 69027 62398 69115 69117 69372 69119 68949 62323 69123 69465 69296 69298
hp 103
t 79714 79716 79717 79801 80398 79718 80572 81168 79639 79724 80405 79640 79683 79726 80490 79641 79853 79854 79685 81894 79175 79727 79814 79730 79688 79731 79691 79818 80541 79819 81096 79823 79697 79698 79656 79699 79658 79744 78979 81146 79617 79702 79703 79618 81105 80384 79619 79662 79705 79620 81107 79706 79707 79725 79623 80390 79710 80942 79712 79627 79713
hp 268
t 69108
hp 169
t 28628 26337 28547 3006 28636 25832 25111 25155 25070 25835 25114 25115 25116 25117 25118 25798 25843 27969 27971 25803 28613 25128 25343 25727 25090 28619 28662 2991 2909 25816 28451 25094 25817 25648 25820 28542
hp 102
t 73848 73849 81159 81202 73851 80992 80993 81163 81249 81080 80995 81164 81081 81165 81251 81082 81889 81166 81167 80998 81083 81169 81002 81174 81898 73846 81176 81219 81262 81177 81263 81903 81820 78982 81152 81153 81154 81197 81240 81155 81198 81156
hp 235
t 63499 63893 63883 63934 63555 63503 68604 63494 63686 63495 63698 63867 63550 63933 63498
hp 290
t 80860 64116 64032 62077 64117 79503 64118 80184 80865 63186 80017 62508 63188 80870 64125 63702 64127 62853 80448 80873 64214 61495 64215 63197 62518 80199 63880 63200 80880 62181 80711 80712 62860 63541 63884 64139 63204 63292 63548 63123 63549 64144 62870 64145 62956 63297 80892 63212 63214 80894 64065 80895 80214 63219 64154 63730 62968 62798 64158 63990 63991 63907 80655 64165 80741 64081 63571 64082 62552 64167 63232 65443 64168 64253 64085 64170 64086 63239 63243 64178 80158 64094 64179 63244 62904 64180 63925 63245 64181 64114 64267 64182 80162 80163 63505 61466 63506 80166 63507 62487 80848 62488 80168 63510 80510 64191 80852 63428 63938 64111 79328 80858 79329 64115
hp 255
t 62076 63437 62078 64119 63099 63439 64800 64120 65480 63101 63441 62762 79422 64123 64803 65304 65485 63106 63107 63447 63109 62769 63449 63110 64810 65489 63450 65491 63451 63452 63454 65154 63115 65156 80797 65497 80799 65499 63120 63121 65501 63122 65162 65163 63124 80804 63125 80805 63465 65166 63127 63128 64149 63129 64829 63130 63469 64151 63131 62791 63132 65512 63133 64834 62794 63134 63474 64156 62117 63477 63138 64839 62799 64159 64160 63140 64161 63141 65521 63142 63143 63483 63144 63484 63145 63485 64166 63146 63486 63148 79468 64169 63149 63150 64171 63151 63152 62813 63153 62814 63154 65534 63155 63156 64858 63159 61459 63160 63162 63163 64524 62144 62145 63165 63166 62826 62147 63168 62148 63169 64869 41069 63170 62149 61809 62151 62152 64193 62154 62155 61475 64876 62836 64196 63176 62837 64197 62157 62839 64199 64879 62160 62159 62161 62842 62843 62844 61824 62164 62845 63185 61825 62166 63187 62847 61827 62168 61828 63189 62849 62169 63190 61829 63191 62171 65232 63194 63195 62175 61836 61496 79415 63878 63199 61840 63881 61841 41103 63203 61844 80885 64226 61847 62867 61848 62869 63889 62190 61850 64231 63892 62533 62873 62535 62536 61856 62537 62878 62539 62880 62540 61523 62883 63225 62205 62546 62887 62547 64247 63908 61867 63227 64249 61869 63230 61870 62550 63231 62891 62551 61873 62894 61874 63234 62895 63915 64595 61875 64596 62558 62560 62900 64260 62561 65281 64263 62563 65283 64264 62566 61887 63247 65287 64608 64610 62571 64271 65291 62912 62572 62913 64613 62914 64954 64614 62915 65295 64956 62916 62917 62577 62918 64958 62579 62919 62580 62920 65300 62921 64961 62922 65302 62923 64963 62583 62924 64624 62584 62925 63264 41165 62586 64626 62585 62927 62074 65305 63268 62928 65309 65311 65473 62933 62934 63274 63275 62935 62936 62937 64638 62938 62939 64640 64641 64642 64985 64647 64987 64989 65329 62951 64311 65331 64992 64314 64654 64994 64995 65334 64996 62957 64657 62618 62958 63299 65000 63300 62960 63302 65343 63304 65004 64664 62965 65344 65345 63306 62966 64666 63307 62967 62627 62628 64668 65007 62969 62629 65347 63310 62970 63312 62632 65352 62633 63313 62634 63314 64674 63315 65016 64676 63316 62637 63317 65356 62638 64678 62639 63319 65360 62641 63321 63322 65362 63323 64684 65364 64686 64687 65369 64691 62651 63332 63333 64354 65374 64355 63335 64697 63338 64698 63340 64360 64700 64701 62661 61641 65381 63343 64703 65385 61986 65386 63347 65387 62668 61988 65049 62669 63009 65389 65390 62671 65391 62672 64712 65392 62674 65395 62677 65397 63358 61999 63022 62683 65403 65405 65406 65407 62019 63040 80721 62701 41282 79362 63043 62024 68825 63048 79368 62709 62753 63050 63051 65432 62713 62033 62034 62035 79376 63057 62717 62718 63059 65440 65442 62044 68844 65444 79385 65445 62047 65448 63071 64092 65452 64093 64773 64095 63756 65456 64777 65457 64099 65459 63080 63081 67502 65462 64784 63424 63425 23305 62066 63427 62068 63089 62071 63091 64112 65472 64113 62754 64795
hp 304
t 73996 73999 55427 74405 55408 73897 74407 74343 74408 74409 74410 55413 55414 74348 74327 74030 55415 74349 74350 74393 74394 55461 74395 74332 55463 74080 74081
hp 260
t 63060 41172 62534 42678 41690 42413
hp 168
t 1662 1774 1414 1745 1772 1751 1756
hp 341
t 57762 58060 58211 58063 57831 57832 57833 57769 57834 58111 58069 57836 57815 57837 58071 58072 58094 58073 57820 58075 58140 57758 57822 58142
hp 65
t 960 961 622 580 794 837 795 540 414 799 588 802 806 20738 976 977 723 726 641 856 815 816 859 688 817 1029 818 988 1248 21481 488 616 789 833
hp 331
t 22040 22041 20596 20598 20599 20643 20686 20644 22218 21453 20562 44957 22092 20648 20691 44238 62046 22267 44962 42157 20652 44964 22056 44965 22992 22057 20698 20741 20656 20657 20700 22231 20573 22869 22061 44841 22105 44971 20703 42166 44504 22999 20662 22067 22238 44679 44340 44808 44809 20755 20672 22075 20758 20673 22416 20631 44814 20674 42178 21780 44945 44818 44862
hp 100
t 76612 80862 76613 76616 76617 76618 80570 80486 80147 80445 76748 80871 80233 80617 76668 80450 76669 80409 80494 76797 76755 80453 80584 80627 80415 80457 80840 80629 80204 80630 80460 80631 80461 76255 80462 80718 71921 80636 80637 80467 80638 80596 80639 80386 80598 80429 71887 80472 80473
hp 262
t 65348 79543 79374 80738 64843 80186 65355 64122 64038 63104 64124 63105 64212 62812 80876 63877 65323 64814 65326 64776 79608 79396 63544 63459 79445 64317 80723 65167 80724 79448 63894 79449 64192 62706 63855 63984 62838 64667
hp 340
t 57829 58339 81545 81549 58176 58177 58347 58180 57841 57671 57843 58183 58269 58273 58189 58275 74000 58193 57768 57683 57854 57601 58196 58281 58197 58199 58115 58201 58202 57692 58118 58207 58294 58125 58296 58213 58214 58300 58215 81590 81591 58133 81594 58305 58136 58137 58308 81598 58225 58314 58229 58144 58230 58317 58233 58148 58234 58235 58322 58237 57821 57652 81537 58165
hp 293
t 46946 46861 46947 46862 47797 47807 47802 47793
hp 272
t 59664 59489
hp 248
t 41634 62884 41337 41380 43845 41679 62636 42704 41344 42623 63193 41348 42369 62898 42032 42372 65493 41693 41694 43142 42591 42038 42040 64991 42720 42721 42381 41702 42723 41704 42725 41706 42726 42727 41708 62620 41370 42732 42733 41713 43161
hp 113
t 81371 57486 81541 81542 74657 81457 58255 74660 73896 81461 81377 73898 81463 74580 73730 81466 81297 81552 81553 73988 81468 58265 81300 74160 81470 58266 73736 81471 73822 58268 73823 81389 81559 81391 73826 81308 73914 58276 58277 81312 58278 81313 81568 73919 81315 81571 81318 74008 81234 58285 81575 58286 73841 81322 81492 73843 81578 73844 58292 81582 58293 81583 81244 81416 74531 81247 81248 73855 81253 81425 81426 81428 81429 81344 81430 81345 81515 81346 81431 81347 81348 81349 81264 81350 81265 81436 81351 81437 81352 81353 81523 81354 81439 74639 81355 81269 81440 81356 81270 81526 81272 81358 81273 73793 81359 81274 81445 81614 81530 81446 81276 81447 81616 81277 81278 81533 81279 81450 81535 73886 81451 81452 81368 81369
hp 69
t 44523 44375 42144 20767 44950 44357 44379 20920 44827 42045 44385 20699 42071 44515 44516 42902 20653 42180 44858 42097 20784 44499 20742 20786
hp 301
t 74911 74916 74917 74918 74919 73814 74922 74923 74925 74756 74928 74929 75609 74759 74760 74931 74761 74762 74848 74849 74764 74850 73745 74765 74936 74766 74852 74767 74853 75193 75703 75194 74854 75196 74857 75197 75198 74859 74265 75549 77760 77761 77762 77764 77765 75561 74881 75731 75137 77772 74886 77692 74887 75142 75057 75484 77695 75144 75145 74891 75147 75488 75149 77784 74810 77786 75240 75155 75581 75156 75242 77792 75158 75500 75588 74909 75590
hp 164
t 44140 43546 44141 44396 27907 28588 44143 27144 44144 26550 28591 44146 287 26470 25793 26474 25795 27241 44157 26478 44159 27926 28096 28097 43568 27929 44249 28099 27930 44250 28016 44676 25806 20621 27932 28612 28528 28103 42894 28104 27935 25215 25725 28021 27171 28106 28022 28025 28026 28027 25137 28028 28113 28540 44268 44269 26504 27189 44191 27191 25833 25836 2971 25837 44112 25838 44113 44115 42926 44116 42756 27796 42757 44032 44033 44118 42759 431 27207 44122 26613 44124 42764 27210 44211 27212 44127 43532 44129 44300 44131 27983 28663 44133 27984 44135 44395 42862 27137 26544 44139 28670
hp 80
t 47286 49157 66328 47119 47291 66332 49672 47462 31142 31144 73304 49166 47468 49508 47810 47811 73312 47812 73313 66344 49174 73314 73315 47988 50199 49179 47480 66011 47991 73321 47822 46633 66013 47314 47997 47998 45788 49699 50041 49702 47324 49198 47330 50220 31011 47334 31015 50225 31526 47337 66378 70798 31188 66381 65871 73352 47853 66384 66553 47855 73355 47176 65878 49729 31199 66390 47350 73021 73362 47185 47525 46677 47187 66398 47190 45322 47362 31552 50083 50253 31554 31046 47196 31047 31218 31220 49413 47543 31054 31565 73216 47377 49153 47207 31228 73219 47379 73220 31570 49421 73221 49251 49422 73222 49592 73223 47213 47388 73229 73399 48070 49430 73400 31071 73401 49432 73232 66432 66433 49263 49434 47563 47564 49435 66435 47224 50116 50117 50118 73238 66440 47230 48081 31590 47231 47572 48083 73244 50125 48085 73246 50127 73247 31597 50128 31088 67297 49449 47919 49450 47410 31090 50132 46732 47922 48092 48094 31094 50134 28885 66456 73256 65946 66458 73259 50142 28892 47423 48104 28894 73265 49465 30257 47768 47428 73269 47429 47430 46580 47433 66475 28905 66476 66477 66307 47438 30947 48119 47780 50161 66481 65971 30952 66483 47953 46593 31124 48126 47447 47448 66318 47449 47109 47280 47451 31473 47283 31135
hp 264
t 49506 49165
hp 182
t 47084
hp 106
t 79628 79671 80416 79632 79696 79336 80568 79634 79337 79338 80018 79296 79636 80869 79340 79319 79660 79322 79323 79302 80832 80875 79664 80854 79644 79665 79666 79667 79625 79647 79626
hp 96
t 79586 79588 81203 78909 79335 78910 81885 78911 81886 79254 79849 81893 79599 81895 81897 77905 79521 81905 81907 81908 78848 78849 81229 79870 79616 78852 79704 78940 78856 78859 78860 79711 78861 79287 78863 81158 78864 78865 78867 79293 79294 78954 79295 78956 80911 79642 64937 79646 79735 79565 79820 79311 79226 81181 79570 79742 79317 79232 79743 79233 79661 81191 79491 79748 80683 81193 79239 78305 81877 78903 80690
hp 254
t 62756 62757 80777 62758 62761 64802 63102 63442 62764 64805 80785 62767 65488 64809 65490 62771 64811 65492 63453 62774 80795 65495 63455 80796 65496 80798 65498 63458 62779 63460 65500 80801 80802 80803 65503 62784 63464 80806 65508 63468 64830 80810 63470 80811 65511 63471 64832 80812 63472 65513 42734 64835 80816 64836 63476 64157 63137 64837 65516 65518 80819 80820 65520 80821 62802 64162 65522 64163 65523 62804 65524 64845 62805 65525 64846 65526 62807 80828 65528 65530 62811 80831 80835 62815 65535 62816 62817 64517 80838 62818 62819 62820 63500 80841 62821 62822 62823 62824 62825 80845 80846 62827 62828 80849 62829 62150 63171 80851 62832 63172 63512 64873 63173 62833 62834 63174 64194 64195 80855 64875 80856 62835 63175 80857 63177 64877 63178 64198 80859 64200 62840 64201 63862 62163 64203 63184 63864 64204 64205 80866 64206 64207 80867 80187 64208 64210 62170 64211 63872 63873 64213 63874 63875 63876 64216 80877 64217 64218 80879 63879 64221 63882 64222 63542 64223 64224 63885 64225 63886 64227 63887 64228 63888 64230 63890 63891 62153 64232 64233 62874 64235 64236 63896 64237 62877 63897 64238 63898 62879 64239 64240 64241 64243 63905 62885 64245 63906 62886 62888 62889 62890 63911 62892 62893 64254 62555 64255 63916 62896 63917 62897 63918 62899 63919 62902 62905 42505 62907 63589 64615 62926 62587 63267 64628 63949 63271 62592 62593 62595 62596 62600 65475 64643 64644 62605 64645 64646 62608 64988 62609 62610 64651 62611 62612 64652 62613 64653 62614 62615 62616 62617 65338 62619 62621 62623 65006 63311 65351 64675 65018 65358 62642 62644 62645 65365 62646 62647 62648 62649 62650 62652 62653 62654 62655 61981 64702 61989 79670 80012 64035 63031 63853 63725 79366 79370 62031 80733 80734 80735 80736 80737 79379 63062 79382 64763 64083 80744 62724 80745 64766 79386 62727 64768 62730 80752 62732 80753 62733 62734 62735 80755 80756 80757 79397 80758 80760 80762 80765 80766 80767 64790 62750 62752 80774 63095
hp 271
t 70005 51553
hp 228
t 69563 66663
hp 97
t 57700 59103 57616 57701 59190 58723 57409 58344 78489 57413 81851 58648 81811 58862 78454 57417 57418 81729 58992 57419 57377 81688 57420 57421 57890 57593 57380 57424 57595 57553 59127 57939 57600 59130 57346 57602 78427 60238 57347 59048 57390 57433 59049 58453 57435 57606 58669 59051 59052 57567 57439 57696 81753
hp 263
t 61652 62014 67454 63757 61974 63126 63085 63064 62851 61470 62746 68804 63747 64363 61686 63832 62876 63811 63196 61518 64219 61968 68811
hp 166
t 24931 25186 24974 25016 24932 24592 25017 24593 24635 26336 25998 24597 25829 25022 27575 1608 164 28597 25112 25199 25158 2931 25159 28562 1617 28520 1746 1789 25632 1747 1619 24655 1748 1620 25038 1749 48966 25677 26188 25849 25340 25298 25850 25130 28573 25089 25135 2695 25093 1507 25690 24585 24928 24971 25312 25653
hp 105
t 76611 76441 76445 76446 76277 76447 76619 76280 76620 76705 76366 76707 76624 76625 76626 76627 76288 76713 76629 80454 76630 76631 76633 76634 76465 76380 76636 76467 76382 80633 76468 76639 76469 75535 75536 75537 80552 75538 80553 76389 75540 80555 75541 75542 76392 75543 76479 76394 76396 75547 75550 76741 76657 76573 76743 76574 76744 76660 76661 76746 76747 76578 76663 76664 76324 76749 76750 76581 76666 76583 76414 76670 76586 76416 76247 76417 76418 76589 75570 76590 76420 75571 76421 76592 76252 76422 76593 76423 76254 76424 76595 75575 76425 76256 76426 75577 76427 76258 76428 76429 76260 75580 76261 76431 75582 76262 76432 75583 76263 76433 76264 75243 76265 76266 76267 76608
hp 265
t 73239 73245 73267 73258 73237
hp 171
t 42187 44228 42104 44399 44145 42788 42285 44920 45005 45006 44496 42796 45007 42799 44500 44503 42132 44513 44684 42135 21483 42141 42142 42143 44694 42315 42145 42146 42147 42148 42149 43000 42915 42150 42151 42152 42153 42154 42155 42752 44198 44369 44371 44966 42161 44372 42162 44373 42248 44374 42164 42251 44377 44125 42256 42767 42175 44386 43535 42177 44217 44219 42096 42776 42182 42777 42863 42778
hp 315
t 23127
hp 330
t 21020 21021 5467 21022 21024 21025 21026 21028 20603 21030 20607 21035 21716 5396 21548 21888 21549 21550 21551 20534 21895 23510 21725 21557 21727 21898 21219 21559 7109 20625 20882 20884 20544 20885 21565 21566 20887 21058 21909 21570 21060 20636 21744 20639 21745 20896 21746 20641 20897 21190 21748 21580 21750 20901 20902 5687 21583 21753 21754 20565 21075 20650 21755 21756 20824 21759 20740 7055 20911 20659 20575 20916 20577 20832 20747 20748 20663 20919 21600 20750 20665 20836 20666 20582 20923 4178 20586 21521 20927 21862 21607 44898 21525 21526 21527 20848 20594 21529 21530
hp 111
t 79523 58701 60190 59085 59192 59534 58877 59898 59666 79577 59667 58839 58818 59903 78498 79582 78648 59651 79308 79563 79309
hp 84
t 70363 76867 34835 34836 76826 71005 70368 70711 76874 76833 77132 34931 70377 71228 70378 55589 70508 70380 53891 70339 70088 54833 74425 76891 77658 71198 69971 55011 70014 53909 51231 76990 70360 76865
hp 177
t 3944 1191 1189
hp 68
t 326 964 327 838 4663 797 798 1010 364 801 844 803 5350 804 847 889 933 596 299 20912 812 44672 20788 474 857 603 20834 689 478 691 352 990 567 21225 20757 571 576 322 493
hp 300
t 75506 55446 73807 75507 73808 75508 56301 73812 74324 74325 80958 74328 73819 73989 74330 74161 73991 74331 74333 73993 74334 74335 74166 73997 74337 73998 74171 74341 74344 74345 74346 74347 73840 81323 74354 74355 74190 74020 74369 74371 81513 74378 74212 74213 74553 74385 74386 74557 74049 74390 74391 74222 74392 74396 74397 73888 74398 74059 73890 73892 73893 73894 73895 55538 74068 73899 74069 73900 74411 74242 74412 74243 74413 74076 74417 74419 55379 74079 74082 74422 73913 74083 74084 74085 74086 74427 74087 74429 73750 74090 74430 74431 74262 74091 74432 74092 74264 74095 73755 58287 73758 73759 73760 74100 73761 73762 73764 74104 73765 74445 73766 81420 74281 73771 55412 73773 73774 73775 81427 75477 73780 75143 75485 75486 73787 75487 55430 55431 74131 73792 74984 73794 73795 74306 55606 73796 74307 73798 74992 75504 74145
hp 231
t 67016 67070 66560 72957 67010 67022 72856 68468 67269 66664 67154
hp 324
t 45076 46948 46949 45505 46951 46784 46785 46956 46786 46957 45087 46788 45514 46789 45515 46790 45775 45435 46712 46797 46713 46798 46714 45864 46799 46715 45442 45528 45443 45785 46805 46807 45107 46723 46808 47744 46894 46809 46469 46129 46810 46130 46895 46811 45875 45112 46812 45793 45453 46133 45454 46134 45113 45795 46561 46136 46137 45797 46817 46818 46478 45798 46819 45799 46138 46820 46907 45802 45803 45805 46825 46826 45806 46827 46828 46744 46574 46829 46915 46830 46575 46831 47006 46582 46754 46755 45739 47785 46766 46936
hp 270
t 70143
hp 338
t 74291
hp 216
t 58102 58411 38449 58413 57926 39854 39812 39783 39813 58088 58099 38305 57963 58409
hp 78
t 49368 66369 49199 71088 65989 72832 71004 71090 71092 71475 65950 68713 66375 70967 71095 65869 49280 73011 70971 70674 71057 70972 70675 70718 70717 71016 70931 70719 71017 70973 50151 51976 71103 71019 66132 66134 49262 65925 49436 70984 68095 70988 66569 70759 65594 72949 70994 71123 65896 71039 66960 71083 49154 49409 49536 49197
hp 165
t 42908 28288 28118 1004 28120 28291 1006 28121 28292 963 28123 1732 28295 28253 28296 28083 28297 28424 28127 28298 28299 28129 28301 81 28303 28263 28136 28476 28267 28140 983 28141 44121 28142 1750 985 305 986 28101 28102 28273 27976 28018 989 28232 28275 28105 28319 28277 28107 314 996 27986 1594 28242 27988 28371 28158 28116 1002 28117
hp 107
t 79458 80565 80864 80015 80484 80485 80868 76745 79339 80062 80487 79681 80022 61449 80575 80151 79812 80069 80451 63579 81005 80452 80878 79307 80881 80456 79312 80459 80842 63545 80843 80463 79954 80464 79827 79318 80593 80466 81912 80212 80595 80597 80428 80853 80430 79325 80600 79326 79327 65005
hp 175
t 25132 25134
hp 110
t 79342 79152 81904 77856 81884 79824 81696 79231 78850 81061 81189
