41
54
57
145
150
152
93
135
136
138
143
361
362
365
355
147
360
61
154
364
144
146
45
49
53
75
91
137
140
354
356
358
77
94
96
142
87
156
357
44
351
353
359
66
67
70
71
72
73
74
82
86
88
99
102
103
107
108
110
111
114
116
117
118
120
121
122
124
125
126
127
128
129
130
131
132
133
161
162
163
164
166
167
170
174
180
181
182
183
184
185
186
187
188
189
190
191
192
193
194
195
196
197
198
199
200
201
204
205
206
207
209
210
211
212
213
214
215
216
220
221
222
223
228
229
230
233
236
237
238
239
240
241
242
243
244
245
250
251
252
253
254
260
261
262
263
274
275
276
278
280
281
282
284
285
286
287
288
300
301
302
303
304
305
309
310
311
312
313
316
325
326
327
336
337
340
341
342
343
344
345
346
347
348
349
366
367
