ap 0
hp 368
 61183
ap 1
hp 369
 53048
ap 2
hp 90
t 60731 60604 60650 60013 23126 59337 23085 23089 59171 59938 60661 59217 59260 23093 60706 58666 59303 60625 60626 59989 59949 59270 59186 60760 59952 23106 60634 59232 60892 60511 23155 59238 60007
ap 3
hp 37
t 75436 77774 75416 75434 75247 75290 75333 75441 33005 75421 74913 77742 75234 75298 39663 75428 75343 75300 75429 74260 76430 75242 75516 75390 75581 34336 75306 75221
ap 4
hp 370

ap 5
hp 83
t 21338 21364 21366 21362 44641 44728
ap 6
hp 371
 20472
ap 7
hp 372
 20158
ap 8
hp 43
t 47088 47768 31788 47089 30259 31960 30261 46412 28732 31793 47094 46414 46584 46924 47775 53045 47096 46926 46586 47097 45397 46589 46930 47781 48290 49142 47102 32482 47783 30782 46593 32484 65975 32487 46937 9197 48298 32149 47789 47790 49492 46773 45753 66156 50007 31647 48138 30288 46779 48139 48309 47800 47801 30121 48311 49503 45083 48313 47805 30635 48486 47806 47636 66337 29789 50019 30300 31151 46962 30302 48154 50024 31836 48157 30308 27589 30651 49864 31505 47315 27596 47828 27089 47829 29810 29812 48343 48344 32704 66024 30836 27097 47837 41209 29821 46992 48523 29993 46994 50055 31356 30847 50060 47000 48361 47001 32552 48362 30002 45133 47004 48366 47006 49897 48367 66557 47858 31029 46842 27462 29844 30525 47696 47016 46847 47697 31037 46849 48210 45150 46342 46854 47024 48384 50255 46856 46178 47708 46860 30880 46861 46862 29862 47032 30883 30882 47033 48393 45164 30034 46865 32584 46866 47036 46867 46868 47039 46870 46530 47720 49930 47552 46702 46873 46874 47554 47555 46875 46877 29877 32767 49938 46708 46879 46368 46710 30561 30051 32092 30563 49773 47564 29886 46887 29887 50117 47057 49437 47568 46379 46890 49950 47570 30741 46892 47062 49954 31424 47065 29896 47576 31596 46897 29897 49447 46898 30238 46899 29899 46900 30920 49620 31941 31942 31773 30584 49455 30586 47077 46909 31949 30759 46910 30930 46911 30591 30931 48271 31782 31442 30933 47764 48275 32125 46916 31786 31787
hp 38
t 46620 46642 45666 48302 27562 47092 45159 45671 46416 49882 46419 48418 48185 46719 46741 46932 46851 47042 47596 31807 48447
hp 36
t 46918 48280 46582 48282 49643 31966 46587 30183 47786 46681 31976 46597 49491 47706 46941 48132 47878 30708 46859 27564 45161 47797 46864 47034 48394 48310 45081 48056 46869 30465 47040 46872 48402 46958 48151 48153 48409 31921 47731 48412 46372 30734 27083 46635 46893 46978 46895 49445 47067 50042 30919 31432 27099 48180 30926 48266 48436 31862 46737 48524 46739 48186 46912 46402 48273 48359 47597
ap 9
hp 59
t 29919 9180 32643 29243 32645 29245 29246 52707 10887 10889 32650 32651 8512 32652 32653 8513 29933 9193 9194 9536 9537 8517 8519 29940 9200 8521 9541 8523 8525 9205 8526 8867 8527 9547 9207 29949 9549 32669 10910 9210 9891 9552 10912 9213 9214 8535 9897 9217 8200 8201 8541 8202 8203 10583 52744 10926 9567 8209 28950 8211 8212 8214 32354 29297 8219 9920 8221 9922 8222 8223 8564 9924 9925 9926 8227 9929 8570 9591 9932 8572 8232 9593 8574 9934 8575 9937 8577 9938 9939 8240 8242 8582 8244 8584 8245 9945 8246 8586 9946 8247 9948 8588 9949 8930 9951 8932 8253 9273 32394 15734 8595 8255 8261 9962 15742 9963 8607 9635 9636 8277 9638 8279 9980 9300 8495 9981 9982 8282 9983 8283 8284 8624 8625 52825 8626 13386 8627 8628 8289 12034 8296 8636 8297 8637 11017 8298 8638 12038 8639 11019 10679 12041 32442 8645 32445 12048 9671 8311 10013 29053 12053 8315 9676 9677 9678 12059 9683 9685 8334 8337 8338 10039 8340 29081 10381 8342 10722 10723 9706 9707 29768 15488 8349 8351 9034 29095 12095 29778 29100 8360 29101 9724 10747 8368 9729 8369 8370 9731 9743 12126 8387 9747 12128 32533 8394 9076 11116 11117 11118 9079 9759 8401 9082 8403 9083 12143 8404 9764 8405 8407 8409 9769 28809 8410 11471 8411 28813 28814 9780 8421 9782 8423 29166 29847 8428 32230 11153 9795 8436 9796 9797 9800 11160 9801 9121 8441 9123 9803 29865 9126 29187 9807 9808 12868 9132 9133 10158 8462 10165 8467 32267 11188 9829 10170 29551 9152 29895 9836 9157 9837 11198 9158 8478 8481 8483 29904 29905 10185 8487 8488 8489 9170 9171 9851 8492 9173 9854 8494 9855 9176 9177
hp 55
t 47002 47769 48364 49979 49810 47772 32475 32051 49819 46850 47785 47020 31726 46857 47026 49662 46858 32156 48308 49499 47799 49669 31140 49927 49842 49805 29785 32165 49760 32506 46871 49975 47553 46957 30001 31580 31326 49690 32096 49777 49695 46894 48171 48341 32022 48345 48346 47752 49793 30668 49794 31775 31606 49796 49797 49636 49633 47763 29998 49634 49635 32465 49976 49977 49807
ap 10
hp 95
t 44878 8158 21335 4845 23464 4510 21343 5281 44637 44640 44981 42856 42262 44304 21099 20675 5291 7671 4357 4102 5294 5124 20765 5126 5212 5298 4364 4449 4536 4111 42363 4283 4113 4198 4539 4540 8111 8026 7941 4456 44833 5138 20778 44835 4461 8117 44160 21296 20962 21472 7535 7876 5329 5246 20632 21143 7714 21483 4143 27691 7717 20977 21489 7465 5170 44187 44357 5172 21408 43678 21070 21411 42491 4837 5093 4243 4414 8154 4415 43686 4161 44707
ap 11
hp 153
t 1602 1650
hp 159
t 2463 2209 2804 1530 2126 2638 25163 1363 24741 1961 25167 1285 24660 3070 2561 2306 2648 2055 2906 2907 2057 2058 8604 8520 8606 8777 8862 3002 2237 2067 8868 8869 8700 8870 8530 8871 8531 2071 48567 8617 2753 2584 1309 8959 48571 2930 24605 2760 8456 32257 1828 8968 8714 32088 2169 48495 2255 1829 32260 2597 2598 2513 8723 2434 1926 2606 2096 2440 2781 8647 25649 2444 1935 25225 2106 8653 2108 2110 2450 2452 8573 2879 48610 2966
hp 157
t 25028 2252 25530 32328
hp 155
t 1782 41 1700 1659 1701 1787 1705 32731 1623 1113 1625 1711 2903 1078 1632 8602 2568 1421 233 2441 1761 1636 1127 1766 1045 26 1768 1046 8951 1047 2918 48181 29 49031 1644 1049 1134 32 8702 3007 1648 24726 1649 1776 1606 35 2628 2755 1778 1779 2885 1780 1398 1612 40
ap 12
hp 350
t 56387
hp 134
t 40256 38132 17361 37921 38124 39966 40912 56363
ap 13
hp 373
 8127
ap 14
hp 374
 61374
ap 15
hp 56
t 30684 31705 31280 30091 47688 47774 49814 28905 29841 30182 29843 66309 29760 49735 49990 32141 31630 30271 49482 30697 46848 31633 49485 47700 29766 47701 30276 30193 47788 47703 30278 30195 49490 29855 49745 29771 47025 31472 30113 47795 47710 30456 47031 49666 30711 30627 30628 49670 47630 49841 30630 30209 29954 49845 29786 49761 47807 29787 49762 29788 29873 29874 49679 49766 29792 29878 47558 47728 30474 47729 29964 49855 29880 47730 29796 29881 29797 31837 29883 29798 31413 49604 29800 29801 29802 30142 29803 49693 29719 30230 47765 53011 47741 46976 29976 30913 49700 30321 29981 49701 49787 30154 49706 49792 48348 48350 49711 30671 49969 30422 49803 46998 50398 47423 31019 31443 30425 49721 47767
hp 50
t 54058 53804 53719 53720 53721 77778 54319 54234 54660 54065 54661 55001 53726 14457 34942 54663 70558 54408 54667 12507 14547 53817 54668 74898 53735 77706 54332 35717 54333 54674 53909 74989 55015 54084 54765 54257 54343 53919 54515 53666 53922 54263 53753 35054 53585 34374 54095 77810 53670 53500 53927 53840 53671 60811 33783 32849 54016 33617 34979 53935 54105 53765 54021 53851 32774 54535 53431 54027 33712 60828 53858 54453 54113 54371 53776 53947 54712 53352 32868 33122 53863 33209 54036 6267 53782 54633 53868 32960 54041 54723 53788 53790 54047 53282 32798 54389 32884 54134 53710 53711 54307 53542 54054 32977
hp 52
t 77350 54140 70551 34426 77012 51427 35022 77353 70554 52194 75569 34940 76505 70132 13863 52198 34518 54152 34519 70560 76850 54157 52204 51439 53480 75666 70481 70142 8433 70483 77198 53569 69974 53994 33170 76350 70400 56204 53824 75672 76182 70233 74993 54253 70292 53658 69980 70576 51451 70066 76527 54087 34539 54089 70240 75426 70072 70073 69819 35314 77389 29195 53250 77560 53676 35486 70507 76542 70593 34978 70508 70428 70429 33455 70430 75107 76297 54030 76895 54203 54204 70099 34910 54545 32786 9838 54293 35168 33214 53530 53785 70617 53958 70533 35259 76399 70450 70538 70539 77170 35011 53541 69693 35183 51420 70546 54141 13852
ap 16
hp 89
t 44474 48980 44646 44095 21358 28202 44649 44564 28397 28355 21365 27826 44359 44614 26559 44087 44619 44598 21375
ap 17
hp 375
 65535
ap 18
hp 40
t 30088 28728 30598 29749 49723 30939 49895 30260 49472 49642 30263 31794 46923 31965 30096 50242 49563 47778 30098 30014 49480 47698 31635 46935 31297 28833 49573 49574 48385 30620 47791 28836 46092 29773 49493 30709 49920 27481 47796 49752 46947 48307 49583 50009 48480 49502 49757 49928 30636 48319 49935 29876 30301 31661 30387 52998 49515 50535 50365 48156 46883 49520 30568 29890 53096 47742 46977 49786 50384 49960 30665 50302 49877 47838 30669 49880 50390 50221 29907 30842 49628 29739 30079 49717 50569 49551 29832
hp 51
t 11048 29918 13429 53041 52702 11053 11054 36387 10718 53048 9699 35879 50329 52710 11062 52714 10894 11234 11065 10726 10896 52716 10728 9538 52720 10731 11075 10736 10738 50348 10568 10231 13122 52903 10913 12613 12614 52905 9726 12448 10918 52738 9592 10410 10921 52743 29623 9734 10245 36086 12797 10418 9739 10929 36430 36432 13143 36434 51566 36436 9750 10431 11114 12814 12984 9755 12815 9928 12988 52771 10952 9763 29143 10783 9596 13337 52268 13169 11472 52272 12833 9943 52274 36123 36804 36465 28816 10967 9778 10628 13010 10973 29506 36478 9789 13020 52800 10811 10982 52802 10302 10983 16253 10135 10985 52300 9632 10993 51626 12696 13377 10999 13040 9812 11342 52822 10153 12874 13044 10664 10836 13217 11687 29200 10840 11181 29541 11011 52831 11182 10842 52323 10843 10674 9998 35841 36521 36352 52674 36524 11196 11027 29222 12903 12733 10864 11035 9847 11037 12909 10870 12910 10530 52692 10702 9684 10704
hp 63
t 32893 54358 54316 53806 53978 53553 53808 56954 56618 53770 53985 33160 50712 32990 54114 34394 53946 55264 34526 12471 32831 55022 14477 53747 52601 52813 54217 54260 54559 54306 53966 54349 32972 54352 54737
ap 19
hp 376
 57078
ap 20
hp 377
 57343
ap 21
hp 378
 28607
ap 22
hp 379
 73702
ap 23
hp 380
 60664
ap 24
hp 65
t 13045 11345 10156 10072 52827 7396 56866 36639 10162 10969 13307 13095 36385 11141 15306 17049 36429 36643 17180 36520 52758 15784 52675 36482 52676 20251 10986 10140 14306 12989 10737 52854 12609 36665 36325 50775 52857 52860 10106 52861 36628 52483
hp 58
t 75222 70294 51426 70298 70128 53723 77014 70555 77355 76845 70130 53471 70131 53982 75402 77443 54664 54069 76596 76851 76853 76599 77535 77366 69716 77536 53653 53568 70654 53655 75075 70485 34957 76267 35808 54083 53659 77544 53660 53576 53662 53663 77209 76869 53749 54090 75425 54091 77127 54093 53924 70245 76877 77557 53588 77558 70673 53674 76879 77390 54270 70930 75435 70677 77052 77562 36678 53679 76376 53426 54023 53428 70515 76296 53687 53521 70097 70523 69931 54206 76817 75202 53615 54806 76397 53618 54214 75209 75550 53536 76829 53624 70370 53627 75217 13850 77346 76837
hp 42
t 54313 34424 18359 75225 76500 77351 75396 18958 75823 75994 17599 54321 76592 12491 76848 81099 70644 75574 76595 75236 76427 77362 76852 76854 53394 76600 76262 70143 76263 54249 76349 76179 75415 76265 33171 77626 76861 18212 77542 75674 75335 76355 76270 53661 75337 76358 75424 17795 72623 54518 77553 53669 75262 76368 69739 77391 70251 53677 53594 76374 76375 76205 76206 77143 53683 75443 33453 53685 81140 76295 76550 76383 53520 54200 69841 70353 75708 76304 75710 54205 76560 75711 76306 76901 53953 76225 76396 53531 76312 75207 70449 53961 70536 70111 53962 75212 76828 53539 76830 76575 75216 69947 53543 70118 76496 18271
ap 25
hp 97
t 42753 27028 4460 4503 26603 3527 42925 4379 21421 21337 4509 44801 4511 44037 43018 20961 43445 42299 27212 43703 44128 43449 8132 21265 4520 44386 21353 8051 21270 44645 21062 21361 44396 43547 44227 42784 44145 42488 44273 21409 27019 44149 42916 4370 44362 44533 44746 4372 44704 4500 4374 4375
ap 26
hp 92
t 18699 60521 60947 61202 37658 60695 61206 60952 61292 61124 17859 60700 58661 60701 61211 61042 60616 24153 60619 60959 61215 58583 18634 18463 60965 17785 58586 61221 61392 58587 36998 60543 60714 18640 60715 61195 18728 18645 59361 37771 18051 24172 37179 37011 57923 58605 19420 19251 58011 61243 61329 18064 37784 18747 18663 19430 61081 18837 19432 61337 18073 61424 18584 61339 61425 61341 18587 60749 18931 57946 16637 18932 60924 17830 37636 61351 24122 61185 37386 61016 19451 61357 60592 18092 18519 61190 61020 6368 60599 61365 58560
ap 27
hp 39
t 54822 56266 53657 55028 73834 74281 54838 73857 74336 57043 55035 77718 53611
hp 47
t 74946 74416 54919 56130 74395 56184 77743 75171 77723 53647 77682 74920 53470 74392 54821
hp 60
t 54686 54996 55091 53998 33630 74963 74953 55000 55627 33782 74339 54598
ap 28
hp 81
t 44538 43689 44539 44200 21251 44371 43861 44201 44202 44713 43524 44885 43017 43527 43868 27888 43019 43529 61889 26869 43530 43869 44208 43871 26871 44209 44210 27383 27213 43533 44044 44213 44893 44384 43026 43536 43027 44216 44387 42688 43028 43709 43029 62239 43879 44219 27220 43880 43031 44389 43542 43034 43544 44225 44056 43038 44399 44229 26890 41681 44910 44231 42872 42873 44234 43725 43385 41515 42875 44406 44236 44917 44237 44409 44239 20610 44410 62260 43051 20613 20783 44243 43566 43058 42889 44252 44025 20796 42897 42728 21478 43409 44026 26750 42903 42394 42905 42736 42906 43927 43758 42908 43589 43421 42911 43763 43423 43933 43427 42922 43436 44456 43097 43098 44628 43609 43100 43441 44122 43272 44464 43954 44125 42935 43446 44466 43276 43107 43447 44127 43448 43108 42938 44467 44639 44299 43280 42940 44131 43451 44301 44472 43622 44302 43283 44135 43285 44136 44816 43797 44307 43799 43629 43632 44823 44144 43804 42104 44825 42785 43806 43807 42788 44148 44150 43640 44151 43811 44321 44832 44491 44492 43813 44493 43303 43814 45003 20864 42795 43135 43477 45007 43818 44839 43652 26654 43825 44366 44335 27166 28016 43487 43830 42641 43666 26667 43499 44522 43504 44865 43676 42316 27187 44869 40960 43851 43512 43002 43343 44194 44534 43515 42665 44706 43687
hp 85
t 22779 41481 64942 23127 23128 22788 58150 22791 22793 39794 41834 59855 41497 64958 41840 22803 22807 22808 22809 22810 22812 22813 22814 59534 22815 64975 59539 22820 22824 22825 22832 59892 22833 57513 22834 22835 23522 60242 60244 60245 60246 22846 60247 23529 60250 60252 22852 23532 60253 60254 59575 23539 22860 60261 60262 22863 60263 60264 60265 65027 57889 60271 60272 23212 22872 60273 57892 60275 60276 41917 60278 44978 60280 60281 41242 23224 60286 78649 60294 41594 60295 22556 22558 22559 60299 57579 60300 60301 60304 41607 60309 23250 22570 60311 22914 57936 60318 60319 22580 41620 60320 61342 60326 22926 41628 22928 60330 23275 60336 41636 60338 60339 78359 60000 22600 60342 60003 65105 65106 22608 60009 65109 60010 65110 58653 65113 58995 22616 57979 65119 59345 78388 22629 65134 59355 65475 41676 65140 41340 65142 58683 65144 65149 65489 65150 22651 59032 60052 22652 60054 22656 22658 22659 22660 22662 22663 65503 78424 59050 22672 60072 65513 59054 41714 65514 22675 59055 22676 22677 22678 22682 60082 78443 60084 78444 65524 60086 22686 78447 41728 22688 60088 60089 41729 60091 22352 22694 64514 22695 22356 64519 22700 23041 59422 23042 59423 23384 41744 64524 41746 22706 59426 22708 22709 41749 59429 41750 59431 41751 41753 41754 59435 41755 22716 65216 57397 65218 59439 58759 59100 59780 65222 59782 65223 65224 23065 65225 60125 59105 59106 58766 60127 41767 59447 60129 65229 59790 41770 60130 22730 60131 41771 57751 60132 60137 59457 60138 22739 22399 22741 41442 22743 59468 41789 41791 64572 41795 22756 41796 78862 23107 64927 57790 59150 64930 41471 59154 64935 64936
hp 79
t 40969 41651 60016 78717 41659 22789 22790 60021 64951 60532 22792 59853 59344 60704 78554 60705 60024 60535 40986 22794 60875 22627 40987 60027 60707 59348 22799 60710 59350 60711 59351 22801 60542 60713 61393 22802 60034 58674 22804 58675 64964 64965 59356 22805 61056 60717 58677 42017 42018 64968 64969 61400 58510 58681 64971 60724 42704 22645 59365 42705 59366 64976 22818 41009 64979 61410 22821 23162 41355 59208 22828 64819 42720 41870 41361 59212 42723 23513 41365 60067 22837 22838 22839 57350 23520 22840 41541 23521 22841 22842 23523 22843 22844 23524 22845 23525 23526 41717 22847 22679 22849 22680 64840 64841 23531 22683 60593 22853 65184 78445 59235 78446 23535 59407 23537 60598 23776 23540 65020 64851 41561 65021 65022 41563 23034 22698 60099 23379 78122 59424 22704 60274 59425 41575 41576 78296 59427 41577 78297 41408 78298 41578 65039 22710 57730 57731 64531 59941 60624 58415 22546 58927 42608 78308 78309 60630 64881 59271 78311 59783 59953 58424 58084 78315 37008 37178 23239 64890 41600 65231 23072 38542 64894 22904 60645 23246 22907 41608 64899 23079 22569 41609 23420 22909 60141 41612 41444 41615 41786 41616 22917 22918 59979 22751 23261 22775 59813 41453 41623 23094 59814 22924 57944 59815 41625 23265 22925 22586 59986 22757 41627 22758 60498 60158 22927 22589 23269 60500 59990 60670 23270 60671 78181 23272 59652 58973 59994 22594 78357 23108 60509 22599 23110 64591 60001 65272 42662 64933 23114 60004 22604 23284 78365 61364 22606 65107
ap 29
hp 48
t 46834 69529 69277 69107 66558 69619 47349 27629 65967 69115 30952 46592 26788 68949 45151 49998 66916 66831 66492 45243 66751 49922 50008 65908 69394 68885 66930 46617 65828 49933 65915 66852 66088 69405 66262 69067 30818 49944 69409 68900 66860 50032 47228 68989 66694 66865 45446 41027 50037 47317 69504 69079 45195 68911 66106 45197 67552 73246 66702 67553 45198 46559 50044 67555 68915 66196 50046 50047 66964 45374 69516 49456 30929 69604 46824 30844 67565 67395 69607 69097 65868 69437 65954 69609 30934 69270 50061 67572
ap 30
hp 64
t 53738 51317 54143 35018 54017 54039 34511 14579 13028 14559 34959 16323 53745 17026 16201 33413 34881 33564 54049 36668 53540 37966 34906 54098 70440
hp 62
t 52910 35783 52698 28898 36421 36167 29194 53040 52956 12368 52701 36552 13900 52703 52704 13775 57252 14668 10631 36854 10675 13907 16883 36519 12338 53012 16887 36479 52715 52717 14043 12897 12728 52721 17192 52892 29389 36659 29604 12393 52769 36324 52942 50774 36327 36160 14018 36289 52821 36334 52697
ap 31
hp 46
t 50010 50022 50108 66875 66377 49559 68940 30839 66326 66699 66402 69101
ap 32
hp 381
 39865
ap 33
hp 158
t 16166 15733 16080
ap 34
hp 382
 52475
ap 35
hp 319
t 39482 39734 39739 39186 39218 39569 39401 39403 39892 39478
hp 179
t 46196 32383 31789 32448 32130 32492 32471 32493 31962 32473 46965 32495 32474 32177 48284 32027 32453 31776 31778 32480 31801 48865 32332 46953 31781 48867 32464 32168 46279
hp 231
t 51476 51511 73494 70329 51332 70945 51630 51915 70460
hp 338
t 50148 66468 73268 73270 66471 73271 73272 66473 73273 47263 73274 66474 47264 73275 47265 66476 73276 47266 30946 73277 47267 66478 30947 30949 47269 47270 47271 66313 30954 65805 73625 66486 66316 65638 66489 47278 66319 30962 65813 66323 65815 66325 65817 65647 45249 65820 66161 47297 47298 47300 47301 47303 47304 47305 47306 50027 47308 73266 47309 50031 73491 47311 47312 66358 47318 73500 47321 50043 65683 47323 47324 66365 47325 66366 47326 50048 47328 50049 47329 50050 50051 47331 50052 66373 50053 47333 47334 47335 66376 47336 66378 66379 47339 50062 73353 66383 66554 50063 47343 73355 47344 66385 47345 73356 66386 50066 47346 66387 66388 47348 66048 50069 66219 47350 66051 47351 73363 50073 47354 73365 50076 73367 47356 66057 65719 66399 47359 65721 66403 65723 47195 73375 65897 66239 65901 66072 73383 66416 50097 66418 66419 66421 48067 66428 47219 50109 66431 47222 66432 47223 50113 73404 66434 47225 49945 47226 66436 73407 66438 48079 30740 73244 73245 50126 66447 73247 66108 50136 66456 73256 73257 66458 73258 66459 73259 73264 73265 66466
hp 224
t 10626 29447
hp 314
t 74405 56268 81429 81430 81431 81601 81432 55593 74463 55594 81434 81435 74635 81605 81436 81606 55597 81608 81440 55602 81614 81445 81446 81447 55437 74649 81449 81450 81451 74481 81622 81623 74144 74486 74146 74657 74147 74658 74148 81628 74149 74660 74490 74661 80950 74151 81291 56302 80952 74663 81292 81633 56303 80954 81465 74494 56135 74666 81296 81297 81637 74668 81638 74669 81639 74670 74159 74332 81302 81642 74163 56315 81307 81479 81480 81650 81481 74170 81482 74741 81483 81313 81484 81655 81487 74742 81488 81489 81491 74352 81492 81662 81493 81663 74185 74696 74016 74186 74357 74017 81327 74358 74018 74188 74528 74698 74529 74360 74189 74190 74361 81501 74531 55662 74530 74532 74533 74534 74707 81338 74029 74201 74543 74384 74048 74218 74220 74560 74562 81193 74393 74054 74564 74055 74565 74566 74057 74567 74738 74568 39039 74229 74740 74569 74230 74061 74060 74231 74402 74062 74572 74743 74570 74233 74573 74571 74234 74232 74744 74235 74746 74575 74236 74574 74745 74237 74066 74577 74578 74749 74579 74750 74411 74581 58264 74587 74588 74589 74254 74597 74601 74602 81746 74612 74103 74613 74104 74614 74445 74615 74106 74446 81416 81415 81417 74108 58297 81418 74109 81419 74110 74620 56260 74621 74452 74622 74623 55583 81424 81425 74626
hp 333
t 36080 36081 36084 36085 35875 36087 35921 35966 36051 35925 35883 35926 35928 35930 52464 50467 50511 34787 51107 35936 52257 35937 52258 36024 52259 35940 52260 35941 35856 51074 35902 52265 52478 35949 34079 35908
hp 246
t 55047 39472 55901 55052 55989 55126 55913 55149 55915 55990 55129
hp 317
t 14611 15349 14500 14431
hp 324
t 64732 63373 79396 64733 79397 79399 65247 78040 64738 64740 64741 79405 79448 64743 79406 64744 64745 79408 78048 80811 78049 64747 78050 78052 80772 64751 79414 78054 78055 79416 79417 78057 64755 79419 78059 78060 78061 78019 80782 77895 79384 79427 79385 80746 63364
hp 323
t 14622 14454 14625 14628 14629 14630 18373 14465 15316 14468 14469 14470 33680 14472 14643 14481 14651 14482 18391 14483 17885 18395 14487 14491 14493 33024 14495 33704 33705 33025 33537 33028 14501 14671 15352 14503 15353 32865 33715 15355 15356 33037 33548 33038 14512 14342 14513 14515 14516 14517 14518 14688 14519 32879 14349 14520 14521 14351 14522 14691 14523 14524 14525 14526 11977 33568 14360 14361 33574 33744 14373 14374 14545 32907 33589 33079 19650 14382 14383 33594 14728 33088 33089 33098 14738 14739 33275 33620 33112 32944 14415 32946 14420 33120 33631 14422 32782 33123 14424 14425 14596 14426 33126 14428 14599 14429 14600 40270 14601 18341 14432 14603 14433 14604 14773 14434 14605 14435 14606 33135 14776 14436 14607 14777 17157 14438 14439 14440 14780 33141 14442 14782 14443 14444 18355 14445 17337 14447
hp 308
t 43755 27117 27032 27011 27351 27373 27033 27012 27374 27375 27014 26951 27356 27059 27038 27081 27362 27023 27364 27365 27366 27197 26984
hp 299
t 66896 44031 69024 66817 69028 69454 61720 69030 68691 66992 68948 61893 68865 69205 69035 69460 68952 68867 69462 45917 68954 61730 68957 66917 61818 61733 62413 68958 62414 68959 69384 61819 68621 61736 69302 68877 68962 68879 43209 66842 62083 69053 68630 69395 66846 68972 62257 68976 69063 66856 61586 62437 68983 68984 68985 69411 45187 68987 68990 61940 61773 61947 62460 61697 62209 61789 61875 67571 69441
hp 169
t 32455 29842
hp 69
t 50403 28984 28899 28985 31620 28986 31621 28987 31622 53042 53128 31623 31624 30264 50324 31625 52876 30265 30266 53046 31626 31627 53047 28823 30268 31628 30269 31629 30270 28910 53050 31631 28911 50400 53139 30275 31638 31643 50345 50346 53069 30120 30208 29274 50270 30295 50186 30211 50356 30213 30214 50530 30216 30217 50278 50193 30219 50367 30224 30225 30226 30227 49862 28867 53092 30057 50288 53009 50289 30059 30314 53094 30229 53182 53013 50293 30233 31678 29298 30235 53015 30320 29301 30067 30323 53021 29917 30327 53023 30414 30075 50391 28802 28804 49887 49718 49719 28810 49720 28811 50401 30427
hp 279
t 71058 71059 70719 71060 51342 70384 70385 70045 71405 70386 71406 70387 71407 70388 70389 71069 70390 70050 70391 71071 51352 70395 70396 51356 70397 70398 70399 51365 70406 51367 71088 51368 70409 71089 51369 70410 71090 51709 70411 51371 72451 71092 51373 72453 71094 51374 72454 71095 51375 70416 71096 70418 70078 71098 70422 70082 70423 51383 49344 70425 49345 70426 51386 70427 51388 73490 51390 70091 73492 70432 52072 70093 73493 70095 70437 49357 70438 73498 70441 70442 70443 73503 52088 36108 70791 70452 70112 70113 70453 70114 70454 70115 70455 70456 70116 70117 70459 70463 70464 70124 73524 73526 70127 73529 70472 70134 73535 70476 71496 70477 70139 70140 70482 34446 72872 51456 51457 51458 51459 51460 51461 51462 51463 51464 51465 71186 70506 51466 51467 51468 51469 51470 51471 51472 51473 72553 51474 71195 51475 51478 51819 51480 51481 70183 51483 71396 34828 34829 34831 34834 69856 69859 72579 71221 51502 69863 72583 51504 71225 72585 51506 72586 71227 34847 72588 51509 52193 75653 70214 51514 70215 70216 51516 76336 77017 70217 51517 69878 70218 76337 70219 51518 51519 72599 72600 72602 76343 72603 70224 75664 72604 70225 70226 72606 70227 52207 51527 70228 72607 76347 70915 70237 77038 70238 72618 70243 51203 70923 51544 70928 70589 70249 51552 72633 51554 72634 70256 51556 51557 70258 73658 51558 73659 51559 70260 70261 51561 70262 51562 70263 51563 70264 51564 71285 51565 70266 70267 51567 70947 70268 71288 70948 70269 75709 51228 70270 70949 51230 70271 70951 71292 70273 51233 70274 70275 35255 70955 70276 35257 70957 70278 35258 70958 70959 71301 70281 70283 33224 70285 70286 70287 71057 70288 51588 52610 70293 69953 70295 72335 70296 70297 71318 70299 71319 52619 70300 70979 70301 70302 69962 69963 70303 51943 70304 69964 51944 70305 70306 70307 70308 71328 69968 70309 70310 70311 70312 71332 69972 70313 70314 51614 70315 52975 70316 51958 70319 70320 69981 51621 70322 70323 69983 51964 70326 70327 51290 51632 51633 71013 51293 70674 71014 70675 71015 71019 51299 34299 71360 71020 71361 71021 71362 71022 71023 70344 70684 70685 70686 70687 70348 71369 51309 51990 51310 51312 70354 70694 71374 70355 51315 36695 70696 70356 70697 70698 70699 70020 70021 35357 70705 71385 69685 70706 70366 71387 70367 70707 70708 69688 70029 71049 70030 71393 35353 71394 71054 71395 70716 70717
hp 177
t 49754 29753 49728 29973 49710 49637
hp 296
t 34816 70495 70591 34860 12485 34840 34915 34819 34938 34939 70512 34983 35036 70547
hp 270
t 34636 36326 52433 36143 34085 34192 34225 35948 51324 36141 51327 36163 36174 51295
hp 78
t 44881 44886 44887 41147 44890 41491 44892 45918 44906 44908 41512 44923 59204 59206 20790 59216 41540 41544 41545 41546 42228 23530 41552 41557 41558 44958 41559 44963 41564 41565 41227 44969 44980 59262 44982 41584 41585 44985 44986 41589 41590 44991 41592 41593 41595 41596 42617 42619 45000 41260 41601 45001 41602 45004 57924 41605 45005 41606 42626 42627 42630 41611 41953 41617 42640 57941 41283 42644 41624 41285 41287 41288 42649 41632 42653 41633 41634 42655 41637 41638 41639 42659 42660 41641 42661 41301 41644 41645 41647 40967 42327 42668 41649 42669 43010 42671 41652 41653 42336 40977 42687 42007 40988 41328 41329 41331 41672 42012 42013 41673 42014 41674 42015 41335 42356 41336 41677 41337 41678 42358 41338 41339 20600 42020 42021 42701 41682 42022 42023 58003 42024 42025 42026 42027 41008 42028 41348 41011 42031 42032 42712 41012 42033 42713 41352 41354 42035 41015 41016 41357 59377 41697 42038 41017 41018 41699 41019 42037 42040 41359 42041 42381 41021 41022 22321 42042 42043 42724 41704 41364 42725 42045 41707 22669 42729 42050 22670 42731 22671 42052 41372 42733 41713 42053 41374 41718 41378 41379 41720 42401 41721 42061 41382 23022 41723 42063 58043 41724 41725 44446 41386 41387 42751 41056 41399 41067 41409 41410 42433 41415 20676 42096 41417 41418 41419 23400 41420 42101 42442 41423 41424 41425 20686 41431 41432 41434 23415 41435 41436 44496 41437 41438 41780 41781 41784 41785 44845 41445 44846 41446 41448 41449 26832 41452 41454 43496 43837 42479 41459 44864 42145 23448 41470 44873 44875 41136
hp 294
t 64753 78053 64746
hp 112
t 75563 76416 76417 76460 76418 76419 76420 75187 76421 76422 76593 76424 76425 76260 75580 76261 75583 76943 76479 75120 76268 76439 75122 75080 76440 76441 75124 75251 76271 75549 76442 75219 75252 75253 76444 75551 75084 75254 76445 75255 76446 75470 75257 75089 75090 75133 75260 75134 75261 75135 75560 75094 75561 75179
hp 306
t 44028 43179 44882 44543 43864 44884 43356 42339 40980 44891 44895 42686 43195 43370 42860 40991 42691 42181 42696 42697 43887 42698 42699 41000 41001 42706 43386 44916 42707 43047 42877 42709 44919 42710 41690 43050 42711 44920 44922 43053 42883 41014 44924 44925 44926 44927 42719 43060 43403 43069 42392 43412 42904 44027 42397 43417 42738 42740 42742 42579 42750 44453 42417 43439 42760 43782 42763 43783 42254 42768 42769 43792 42772 43282 43794 42774 43284 42775 43795 42776 43287 42778 42609 42610 43290 42612 42783 43124 43805 42615 44996 43127 44997 42618 44999 42790 42620 42791 42621 42622 45002 42623 43304 43815 43816 43306 43817 42797 42798 42799 42629 43821 42631 42632 42633 43824 43994 42635 43826 43316 42636 43828 42638 43829 42639 42642 42643 43494 43665 42645 42816 42817 42647 43667 42818 43838 43839 42820 43840 42650 42821 42140 42651 42822 42652 43843 42823 42824 42654 43674 42825 43845 43846 42146 44016 43507 42827 44017 43341 43852 43514 43854 42664 43855 43004 42156 42666 42157 42667
hp 226
t 33742 54398 54484 54657 53892 57295 35790 33581 14456 32904 53899 14459 53814 32905 54495 53730 53987 54327 33672 53734 54671 53906 53737 54504 54594 54085 54342 54513 54344 54685 54345 54346 54689 54519 54353 54525 53846 54527 53848 54444 54532 33538 34986 53857 53772 34478 53775 54201 53951 54547 54462 54378 54548 53787 54044 54299 54979 54045 33560 54555 54386 54557 54388 54056
hp 321
t 57628 81598 58352 58353 57463 58318 58319 57682 57641 57642 58365 57600 81573 57519 57648 57606 57650 81537 81538 57654 81541 57485 58336 58337 81669 81544 81502 81545 58340 81596 58341 81589 81547 58342 81590 57663 81593 81597 57495 81594 58347 58305 58348 81554 58349 81512 58307
hp 101
t 53378 54230 53382 53392 53393 53740 77715 77717 77721 77722 53248 53249 53251 53252 53253 53254 53424 53255 53425 53256 54785 53257 53598 53258 53259 53599 54960 53430 53261 77741 54792 53263 53264 77744 53434 53265 53435 53266 53267 53268 53270 77750 53440 53273 77753 53443 53274 53444 53275 53955 77584 53447 77758 77588 53281 53283 54816 54817 53629 54819 77090 53630 53460 53290 53291 54820 53633 53463 77094 53634 53464 53294 53465 53296 53636 53466 53637 74887 53638 54827 53468 53639 53469 53640 53641 53301 53642 53302 53303 53643 77783 53304 53644 55004 53305 53645 53306 53646 53308 77278 53649 53309 55009 53310 53651 53311 53481 53652 53654 53314 77285 77625 53486 55018 53488 77628 77629 53320 53490 77631 77462 53492 53493 74914 77125 53495 53496 53497 53498 55029 77130 77300 53331 53672 55032 53673 53334 54694 53504 77305 77136 53506 77308 77309 53681 53346 54026 53349 54881 53694 53354 77664 53355 53526 53357 54886 53359 77669 53708 53374 53377
hp 227
t 14449 14450 33661 14452 14453 34343 35704 34346 14463 34525 33505 32828 33169 35722 33687 14479 32840 34373 33694 33695 33697 14658 34549 14489 14490 32852 34555 33536 33026 32857 33027 33539 33029 34391 14502 33203 33713 32864 53774 53945 32866 34396 33716 33208 32869 32870 33551 32872 33212 34404 33725 34405 33727 57018 57020 33050 33732 33054 34414 14528 33058 33059 33572 33743 14534 33235 33745 33748 14539 34428 33071 33583 33584 33076 33077 33253 34443 33763 33085 33765 33256 33087 33090 33601 33091 33092 33603 33093 33094 35645 33097 33608 33778 14569 33099 14400 33271 14401 33781 33274 33104 33616 33789 33110 14414 14418 32779 34480 32952 32954 33124 32955 53867 32789 14430 32790 33130 32791 33132 35683 32793 33645 32795 33646 32968 33651 33654 33657
hp 277
t 70845 73480 70805 71573 73485 73699 71659 70937 73701 49348 70811 73704 73662 71665 71155 73495 72945 73200 73499 72990 73076 73203 73502 73718 70913 70956 72996 71650 72914 71598 73511 72959 73087 70792 73003 71557 73513 73515 73516 71647 71010 70967 71648 73688 70968 70969 71478 70799 70970 73351 70801 71652
hp 176
t 52713 31616 53043 29963
hp 173
t 47074 47061 48414 47044
hp 172
t 27024
hp 265
t 72078 72418 67999 71739 72079 68000 72420 72421 72082 68003 72423 71745 72085 65627 72428 72429 71751 67331 67332 67334 68016 67676 72436 68017 71757 67677 68018 67678 67680 68022 61902 72104 67685 67686 72446 67687 68027 72447 67688 67689 71736 67690 65650 67691 67692 72112 67693 72113 72114 67695 68036 72117 67357 63618 72118 67699 72119 71780 72120 72121 72122 68722 63623 68384 72124 68045 68385 68046 68386 68047 68388 63629 68389 68050 68390 63631 71791 68391 68392 67372 68055 67716 67717 68058 67719 68399 68060 68400 68061 68062 67043 68064 67725 67726 67727 68068 67728 67729 68069 68071 67731 68072 68073 68074 68076 68416 68077 68417 68078 68079 68080 67740 68081 67741 68082 67742 68083 68423 68085 68425 68086 68087 68089 68770 68091 68431 67752 68092 68432 68093 67754 68095 72175 67756 68097 68438 67418 68099 67760 67420 67761 68102 67763 67424 67425 67771 67773 67774 68117 67437 67438 68120 71523 68468 68471 68135 68476 68477 68140 67800 67806 71889 72241 68503 67484 67826 68506 68168 67155 71921 67841 68521 68182 67842 68183 67844 67845 68186 67847 67507 67848 67508 67849 68189 64449 67850 67851 68191 67855 68199 68200 68201 68202 67862 68204 67864 68205 67865 68206 68207 72289 63792 68552 64474 67875 67876 68216 67877 67878 63798 68219 68560 67881 63802 68223 67884 72304 68225 67885 68226 63806 67886 68227 68228 68230 68233 68574 64494 68235 67896 67898 68241 68582 68243 68244 68245 67905 68246 67906 67907 68248 67908 68249 68250 67910 68251 67911 68252 67912 68253 67913 68593 68254 67914 68255 67915 67916 68256 68257 67917 68258 68259 67919 68599 68260 67920 68600 68261 67921 68601 68263 67923 68264 67585 68605 67586 67927 68268 68269 67929 68270 67930 68271 68272 67932 68273 67933 68274 67934 68275 67936 68276 67937 68278 67938 67940 67941 67601 67942 71682 67943 68283 67944 67604 71684 67945 71685 67946 67947 68287 71687 67948 65569 72369 67950 67951 67952 67272 71692 72033 71693 67614 71694 66934 67955 71695 72036 68636 72038 67960 68300 67280 67961 68302 64222 71702 67963 72385 67625 71705 72386 67967 67968 67289 67970 67292 71712 67974 71714 71716 67637 71717 68318 71719 67980 71722 72402 71723 72404 72065 67986 72066 71726 68327 65606 68328 67988 68329 67989 72409 67990 68330 71730 67991 65611 67993 67995 67996 67997
hp 259
t 61941 61591 61542 61617 61543 61842 61449 61864 61703 61854 61504
hp 307
t 42838 42839 43859 44199 42840 43520 27371 43521 43011 43862 26693 44373 43863 43014 42844 44204 43865 42845 43525 43526 42846 27206 42847 43358 43867 44207 43360 43362 43005 44212 26873 43364 43194 43365 44214 42855 43366 43367 42857 43368 43198 44220 43371 44391 44221 43032 44222 42864 42865 43036 43376 42866 43037 44226 42867 42868 43039 42869 42870 42871 44233 43384 42874 42876 44191 43048 43729 42879 43730 43731 44078 42888 43400 43740 43742 43743 26743 44195 43408 26749 43750 43751 43752 43753 43414 43584 43422 43595 42406 43600 43432 43773 42923 42756 43096 42926 43777 42927 43268 43779 44288 44800 43270 43271 43611 43442 44803 44293 44294 42771 43111 43281 42941 42831 42942 43117 44137 43118 42948 43800 43630 43801 42951 43802 43292 42786 44146 43296 42956 43297 43808 42448 43298 43809 42789 43299 43810 42959 43300 43471 43470 43301 43812 42835 43302 26816 42836 26817 43307 26818 43308 43819 26819 43820 26820 42837 43312 43823 26826 26829 44169 44172 26834 26665 26836 43497 26837 44178 26838 42819 44180 43841 43842 44182 43844 43166 26676 42997 42828 44188 43849 42829 42999 26679 44189 27020 27360 43340 27361 42832 43510 26682 43853 44022 27022 43683 43342 44024 27363 43513 43685 42833 42834 44197
hp 76
t 62898 62644 62815 62730 62816 41311 62648 62563 41654 62734 62649 42421 62821 62651 41402 41573 41404 43105 41661 45827 62827 41323 69543 41324 41071 42347 41332 41333 43970 40999 61909 65480 23491 41597 41428 23408 40965 41684 41430 62767 42581 42708 41433 65490 41010 41351 65493 41353 65494 41694 41695 65496 41356 65497 42718 41358 65498 41020 42721 65501 42382 41619 42726 62786 41536 41621 41622 41537 41282 42049 41455 42730 62878 41543 41715 41376 41291 42737 23527 62967 65518 43249 41468 41298 41553 23534 62805 62634 23536 62807 65356 41217 41303 42749 41304 65359 42324 62724 62896 41646 62641
hp 119
t 77624 77455 77306 77797 77139 77266 77245 77267 77310 77459 54254 75079 53560 77467 77128 53350 54243 77364 77279 77131 77216 77453
hp 171
t 29408 49638 49809 29409 30090 47090 29410 49811 49812 30093 31963 29754 30436 29756 29757 30437 29418 30099 29759 28739 30441 30442 30447 30448 28749 30450 30280 28751 31981 49832 30283 30454 47794 30286 30457 49667 30458 28726 46949 30460 46950 30290 30291 47802 29952 28727 47804 29956 31487 29957 29958 29960 29961 29962 29799 29804 29974 29975 29978 30318 30658 46979 29979 47661 47833 30325 29306 29822 30672 46993 30334 46996 30004 30007 47689 31031 50411 30011 30012 30187 46855 49746 29858 49748 47028 30540 47711 28672 29184 47717 47037 47722 29196 29197 28688 49939 29882 47732 29713 29884 29714 29885 29716 28697 49779 28699 30401 30232 49782 29724 28705 28706 30578 31600 31601 30412 30243 29733 47753 47754 29735 28715 49968 49798 30419 29740 30420 30421 49632 30083 29746 30087
hp 160
t 14751
hp 106
t 74330 56226 74333 56228 55591 56186 74249 74250 56231 74422 74252 74338 74253 54789 74340 74255 74341 56236 56237 74343 56239 74345 54795 74348 74349 54800 74351 74990 74992 74355 54890 54805 74442 56209 74484 74187 56253 56212 74403 74275 56213 74488 74829 75000 56215 74830 75001 56258 74491 75003 74323 56218 74324 74964 74327 74242 74244
hp 98
t 75308 75309 75311 75482 79733 75399 80329 74124 75315 80162 75232 75403 75233 73788 74468 73959 79824 79825 75405 79741 80336 79317 75241 76606 80686 75332 76607 75418 75248 79839 79329 75336 75338 75340 75510 80529 75514 79850 75518 80195 75437 80372 75363 73749 79105 75026 80976 79447 79449 75285 80216 75286 76561 73757 76562 80728 79539 76563 75374 75289 79625 79466 75301 75303 75305
hp 268
t 70962 70846 72993 70938 73510 73489
hp 330
t 33913 34679 33831 34087 34683 52449 52450 52452 34687 51773 36048 52453 52454 36049 51095 52455 34777 34778 36055 36060 33937 36062 33514 34704 34110 35982 33857 34113 34114 34796 33862 33948 34204 36074 36075 34716 33356 34632 34037 33868 34718 34635 34809 33962 33877 34812 34303 34644 34219 34815 33370 34138 34649 34653 33975 33380 35506 33381 35932 35935 34237 33472 33983 34157 51073 52434 35945 52436 51077 34588 34077 51078 51079 51080 34761 33912
hp 298
t 80791 80047 63270 63505 80771 63549 67619 80168 80774 75886 80022 63660 63639
hp 315
t 81343 81174 81769 81175 81176 81771 60266 81177 81263 79054 81689 81180 81010 81265 81181 81690 57551 81183 81863 81013 57468 81268 81355 81270 78976 81698 81700 81275 81361 81363 81279 81196 81877 79072 81792 81708 81709 81030 81201 81711 81202 60292 81203 81885 81886 57576 81892 60303 81895 81896 81897 81217 81898 81388 81728 81729 81900 78925 81901 81731 57506 79097 81733 81308 57508 81224 81227 60317 81652 81908 81909 81739 81910 81740 57517 81743 81234 81829 81744 81915 81235 81405 81237 81152 81322 81153 81154 81155 81750 81157 81752 81072 81753 81754 81755 80906 81246 81331 81247 80908 79123 80993 81164 81079 80910 81165 80911 81166 79126 81252 81167 81763 81340 81851
hp 264
t 71908 63578 71909 63579 71910 63581 63921 71912 63582 71913 75993 63583 67663 63584 71915 63585 63588 71919 63589 76000 76001 76002 76003 71923 72433 76004 76005 76006 63596 76007 63597 71928 63598 76009 63599 71759 63600 76011 63601 63602 76013 63603 76014 80096 80097 63607 80098 63608 63948 80099 63609 80100 63610 80101 80102 63612 63613 63614 67694 63615 63617 80109 63619 80111 63622 67712 68052 63805 63637 68568 63638 63640 63642 63643 63644 63647 63649 63650 63651 63652 80145 63655 63656 63657 63488 63658 63489 80149 63659 63490 63491 63662 63663 68427 68428 63669 63670 63671 67751 63502 79992 63503 63673 67584 63674 63675 63676 67587 63848 63509 63510 80170 63680 63511 80001 63512 63513 63514 63684 63686 63687 63688 80008 63689 67600 63690 80181 63691 80011 80182 63692 80012 80183 80013 63524 80184 63694 80865 67605 67606 63696 67607 63697 67608 63698 67609 63699 67610 67779 63700 67611 63530 63701 63532 67612 63702 63533 67613 63534 80024 63535 80875 80025 67616 67617 67618 63708 63709 67620 63710 67621 63711 67622 63712 67623 63713 67624 63544 63714 63715 67626 67627 63717 67628 63718 67629 64230 67630 63720 67631 63552 63553 63723 63554 67634 63555 67635 63556 67636 63726 67977 80046 63557 63558 67808 63559 67809 63560 63730 63561 67810 63731 67811 67641 63732 67643 67812 67813 63564 63733 67814 63562 63565 67815 63735 63567 63738 71898 63569 67819 63570 63740 67820 63571 67821 67652 63572 67822 71902 63742 67823 63574 63743 71904 71905 63576 71906 63577 71907
hp 193
t 16742 40799 40885 37954 40801 16577 37318 37616 37319 16623 37353 17091 37492 37281 40808 37536 37240 40895 40641 37496 16672 40602 16593 40861 17401 40778 16680 40948 16640 17235 40653 38103 16642 19404 37978 40613 38106 40572 17368 16690 40832 17374 16822 40837 16740 40797 40839
hp 249
t 43294 43295 44018 61721 43293
hp 332
t 52443 51685 49905 49906 50841 50673 50844 50929 49910 50675 36653 51104 50679 52295 51105 52382 50853 50176 51623 50858 51029 36069 50265 52476 51032 52308 35904 51034 52394 52311 50697 52228 52398 50869 52229 51039 50870 35910 52230 52231 50700 52400 52401 50444 52316 52233 50703 52403 52319 52320 50875 52321 35916 52322 52324 52239 52325 52326 52581 51137 52328 49353 52073 52670 52415 52247 52417 51058 50464 36100 52336 35846 52337 36272 52484 51062 51148 51404 51064 51150 50216 51151 51066 52342 49451 51067 52344 50219 50647 50648 50650 51075 52438 50231 52441
hp 247
t 40160 39480 40401 39944 40615 39483 40382
hp 84
t 65108 58648 39778 57458 60520 64940 57461 58992 58652 60012 58993 58654 64944 57635 57804 22784 59336 22785 22786 57806 57975 22787 57807 57976 57977 57978 57810 22961 58662 58833 22624 58664 22625 57475 57816 57987 22968 57478 22798 58670 57480 78731 22800 60541 58672 57482 58673 58166 57487 58678 22638 57488 58679 59360 57660 65141 57662 64972 59363 65143 64973 58684 57494 65145 65146 59367 65148 59369 59370 65151 59371 59372 61412 59033 22823 59034 57504 58016 22826 58017 59379 58019 57509 58020 59382 58022 57853 57514 57515 58026 57516 58367 22667 57689 59049 59051 58031 60241 58032 58033 58034 81666 57697 58037 58039 60081 22684 22685 60085 60255 58045 58047 81681 59072 57716 22866 78287 22528 22699 57719 58060 58910 57550 59421 22871 39191 78123 58404 22874 22876 60107 57728 60108 22539 22711 22712 57902 58754 59094 22884 78304 60284 59095 22886 59097 22717 22547 58757 22718 59098 59099 22887 58929 59779 59442 22892 59103 60123 22553 58764 22893 39894 58425 59613 57403 65226 58426 58085 58767 65227 22897 65228 59108 78318 59449 58088 39899 65230 57580 59111 57920 22561 57921 57922 59622 57754 59114 22565 59116 57925 22566 59117 22905 57926 59118 59627 58948 59119 60140 22571 57932 60143 57933 58104 65244 41614 57765 59634 57935 22575 64905 22916 57425 22578 22749 22579 22605 57431 22921 57772 57942 57773 22583 57943 65254 57604 23264 64575 57605 59987 23267 57947 57438 60499 58969 59820 57440 23271 58971 57613 57616 57447 57448 64590 57450 57960 64931 57451 78535 58985 57456 58986 22777 22607
hp 297
t 52613 70890 52105 51940 52113 51604 52114 51605 51606 51521 51946 51607 51947 70732 51608 51948 51609 51950 51610 51612 51613 51954 51784 51615 52380 70146 70148 70149 51620 70150 70151 52131 51624 52645 50690 70241 70242 70157 51543 70158 71093 51932 51629 70159 51631 51546 71097 51548 52143 51634 51549 71099 51635 34295 70676 70253 50789 73569 70255 70170 51560 51904 51905 49355 51907 51912 51913 36103 36021 36106 50644 52174 51920 51921 51924 51586 51926 50736 51927 51587 51929 70884 52355 51930 51931 52612
hp 290
t 34976 54028 34936 35021 34991 34981 53744 54032 34982 54127 54024 54035
hp 234
t 78368 78198 78878 78199 78370 78200 78371 78372 78545 78208 78548 78888 78549 79569 78889 79230 78551 78891 78552 78553 77873 78385 78555 77875 78216 78556 78896 78897 77877 79577 78558 78219 78899 78561 78901 78222 79242 78902 78563 78223 79243 78904 79244 78564 79245 78565 78905 78566 79585 78906 79247 78907 78568 78908 78569 78400 79589 78570 78401 78571 78231 78572 78573 78404 79254 78405 78575 79256 78407 78577 79257 78408 78578 79258 79597 79259 78579 78410 60050 79598 78581 78241 78921 78242 79262 78413 78583 79601 79093 78244 78584 78415 78585 78245 79096 78586 78246 78588 78589 79100 79271 78591 60063 78084 78934 78255 79278 79280 78260 78261 79281 81832 79283 78943 78435 79285 79287 81667 78273 78276 81849 78453 57545 60096 78286 79646 79307 79650 60109 78129 79153 57564 78645 79838 81883 78655 79336 78147 60298 81209 60302 79173 60308 79185 79186 78507 79187 79188 58960 78852 78853 79196 78006 79197 79199 78860 78861 78521 79201 78523 60333 77846 78187 79208 78529 79209 78190 78530 78531 78871 79041 78875 78876 78366 78197
hp 105
t 75991 80241 75821 80242 80243 79394 80585 80245 80586 80246 80587 80078 80252 80592 80593 80595 80256 80597 76177 80088 80598 80599 80090 75840 76692 80092 80262 75843 80604 76695 76185 75846 80266 80267 75848 75849 80270 75851 80271 80272 80612 76704 80104 76705 80105 80106 75856 75857 80277 80108 80278 76709 80279 75859 80110 80620 76710 76711 75862 76713 80282 80283 75864 75867 76207 80628 80289 80293 76667 80294 80295 80296 80297 80638 80298 80299 76224 80136 76226 79966 76227 80307 63648 80139 79465 76241 80324 76245 80327 76249 76080 80500 80330 76761 80332 80503 80333 76764 80334 80165 76765 80335 80167 80337 76088 80508 80169 76770 76091 76771 79497 80858 80065 76779 80235 80351 79502 80526 80016 80017 79508 80067 80018 76449 80701 79515 75776 80026 75777 79517 80028 75779 79520 80030 76461 75782 80032 76463 75784 80205 75787 80207 80038 79531 75792 80382 80042 63728 63729 80220 75800 80222 76482 75803 76483 80733 63734 76485 76486 63566 63736 63737 80229 63739 80231 76491 80232 76662 80233 80234 75984 76155 75985 80237 75987
hp 255
t 14702 18356 34084 33830 33405 33832 34173 33833 33834 33495 33836 34602 18282 17687 34093 34094 34095 34098 34184 35464 34786 33852 33854 36064 34195 33855 34112 18303 34198 33178 33859 33434 34115 33521 33861 34116 33522 34629 34799 18310 6665 34205 17715 33526 34206 35395 33525 33440 33357 34634 14659 33871 33446 18997 35487 34298 6674 34640 33535 34300 14750 18321 34130 33366 34302 34643 34218 19684 34645 33795 34135 14758 14673 34736 35332 14677 33803 34738 15358 34143 34655 34230 35338 33808 18423 34743 33384 33895 14684 35340 33810 15297 33812 34152 18258 34663 33813 34154 33902 34582 34072 34073 33479 33480 34160 34246 34587 34673 33823 34674 33484 34759 33825 34080 33401
hp 68
t 31618 49724 31619 49725 49726 49557 49727 50408 49730 49732 31632 50250 49825 49826 49741 49827 49743 50424 30364 31640 49661 31641 49664 49665 50431 49753 49668 49672 30123 49758 49673 50694 49675 49508 49680 49596 49681 49512 31662 49682 49683 49514 49684 49685 49686 49687 49688 49605 49861 49776 49691 49607 49692 49863 31617 49783 49615 49872 49702 49703 49876 50386 50388 49708 49539 49709 50220 49713 49714 49375 49715 49716 50399 30257
hp 322
t 60349 60350 57460 57800 78882 39782 57462 81775 58997 57467 57469 57470 57471 57472 58155 81276 57476 57477 81278 58329 57649 57481 57483 57484 57486 57657 57658 58339 57489 57661 57491 57492 57497 79088 57837 57498 57499 78580 59031 57500 57501 57502 57673 57503 57675 57505 59036 57510 57681 78931 57512 57684 57854 57855 59048 57690 57520 57521 80981 57523 57526 57527 57698 81668 57531 58044 81844 81675 81507 57538 81850 57542 81854 57715 81345 57546 58906 60267 81349 57549 58909 81351 81522 57552 39193 57724 78973 57727 39198 81359 57560 57561 57562 60283 81703 59096 57566 58926 81368 81540 81710 58930 58931 81542 57574 81036 57577 60297 39730 39900 81211 39901 58942 39905 60307 81389 81390 39912 57424 58274 58275 57426 58276 78848 57769 57429 39750 57601 81574 39924 39755 57607 58287 58968 81581 81582 39932 57614 81585 81586 81587 81588 57618 57449 81760 78360 57621 60341 81592 57623 81427
hp 289
t 41447 23509 41748 41759
hp 192
t 37950 39693 37611 38546 38334 39779 36890 39780 38591 39697 38592 38296 38594 38553 38596 38342 38344 38600 37453 38347 38348 38306 38350 38605 38606 38309 38607 38310 38272 36914 38318 37936 39680 38278 37896 38280 38282 38325 38283 39686 37947 38628 39692 37907
hp 257
t 61538 61539 62900 61540 61541 61883 61544 61885 61545 61548 61549 62910 61550 62911 61551 67462 41154 65295 41156 67463 61559 61560 61561 61562 61564 62895 61565 61566 63620 63628 63630 63632 67374 61597 61598 67378 61603 61607 61948 61608 61949 61950 62981 61623 61624 61625 61626 62986 61627 62990 61632 62994 67415 62996 68096 62997 62998 62999 61640 63000 64360 61641 63002 61643 63004 63005 63006 63007 63008 61648 63009 63010 63011 61651 63012 63013 61653 61654 63014 68114 63015 61655 67434 68116 63016 61656 61657 68118 68119 61659 67439 63020 61660 61661 63021 61662 68122 61663 63023 63024 68124 61664 68125 63025 61665 68126 61666 63026 68127 63027 61667 63028 64386 64387 63029 64389 63030 64390 63031 61671 64391 68812 63033 63034 61674 64394 63035 61675 63036 68136 61676 63037 61677 64396 61678 68816 67456 63039 64397 64398 61680 63040 64399 68141 61681 63041 68142 61682 63042 68143 67461 64402 68144 63044 61684 61685 68145 63045 68146 61686 61687 63047 67467 61688 63048 63049 61689 67469 68150 61690 63050 61691 67470 63052 61692 68152 63053 61693 68153 63054 61694 67474 63055 61696 67476 68836 68837 64384 68838 67478 68840 61701 68161 67481 63062 67482 64385 68163 68843 68164 62855 61706 61708 61709 64431 63754 68178 67498 68179 64440 63761 68181 63762 64443 68184 68185 63765 67505 63766 63086 61726 68187 68188 63768 63769 68190 63771 64451 68198 68804 61742 68203 64465 62086 64467 63788 63789 64469 64470 63791 64471 64472 64473 63794 64476 63797 64477 63799 63800 62866 63801 63803 63804 63807 64488 64492 61441 61443 61446 68247 61450 61451 62472 61792 62473 63493 62474 61456 61459 61460 61461 62482 61463 62483 61466 62487 61468 68608 62490 62492 61472 68612 61473 62494 61474 62495 61475 61477 61478 62498 61480 62500 62501 61482 61483 62504 61485 62506 63186 61486 61487 63187 62507 63188 62508 62848 63189 62849 68629 62850 63191 62851 62512 62852 62513 61493 62853 63194 61494 62514 64215 61835 62854 61496 63196 61836 80877 61497 63197 62518 63198 62856 63199 62519 62857 61500 62180 62858 62521 63201 62859 63202 62522 62860 62862 62863 68643 62524 62864 63205 62525 61505 63206 61506 62865 61507 62187 63207 61508 62188 63208 67969 62867 62868 63210 61510 68649 61511 63211 62871 63212 62532 62192 61513 61512 62872 61514 64234 62873 61515 67633 62875 61516 63216 62876 61517 63217 63218 61518 67638 61519 63219 62879 63220 61520 67640 63221 61521 64241 63222 67642 63223 61523 63224 68324 63225 68325 61865 68326 63226 61525 63227 61527 62887 63228 61528 63229 61529 61530 63230 62890 63231 68331 61531 62892 61533 61534 62894 68335 61536 61537
hp 328
t 79048 78369 81259 81770 79050 81260 81261 81772 79052 79053 81774 79055 81776 81777 78887 81778 58148 81779 81269 81780 81781 81271 81782 79062 81273 81784 57473 81274 81785 60365 78895 60366 79064 79065 81787 81277 78389 78393 81793 81794 81795 79075 57656 81796 81797 81798 81799 81800 81801 81802 81803 81804 81805 79085 79086 81807 81808 81809 81810 81300 81811 81813 81814 78414 81815 81816 78926 81817 81818 81819 81309 81820 81821 81822 78932 79103 81825 81826 81827 81828 81318 81830 81320 78432 78433 81833 81323 81834 78944 81835 78945 81836 78946 79117 81837 79118 81838 78948 81839 79119 78949 81840 79120 79121 81332 81843 81163 80994 81845 81846 78956 81847 57536 57537 80996 57539 81001 81852 81173 81853 81344 81855 81856 81765 81688 79139 81350 81352 81692 81693 81353 81864 81694 81354 81867 81872 81873 57563 81874 81704 78984 81875 78985 81705 81706 81367 78988 57568 60288 60289 57569 81369 81370 57570 81881 57571 81371 57572 81372 81713 79164 57573 81714 79165 81373 57575 58935 78994 58936 81715 81716 81717 58937 78997 81038 81718 57578 81719 58939 57581 81721 58941 57582 81722 81381 57583 81383 81385 81386 81387 81727 81391 81222 79862 79693 81393 79013 81734 79014 79864 81735 81736 81396 81737 79017 81397 81738 78849 79018 81911 81232 81233 81913 81914 81916 81406 81917 79026 81407 80898 81918 79028 81919 81748 80900 79030 81751 79202 79033 79034 79205 79035 79206 81756 81757 81248 81758 80909 81759 79039 81080 81081 79042 79043 78874 79044 81255 79045 81256 79046 81257 79047
hp 123
t 76668 75269 80581 75271 75400 75275 75446 75361 75276 80567 75362 75277 75448 76701 75278 76702 76724 75279 76703 76725 76726 76556 76727 76663 80511 75454 76729 76558 76731
hp 115
t 74803 81179 73877 74388 74390 80935 74136 81616 74647 81448 73883 81618 80938 74224 74056 74226 74058 74228 74400 74485 74401 74063 74319 74489 74747 81632 74748 74408 74153 80953 74238 74239 74495 74329 74334 74335 81310 74175 74346 74096 81661 74353 74183 74354 74356 80904 74359 74444 74105 74447 74362 74363 74193 81334 74194 74195 81335 74197 74453 74198 81254 74454 74539 74200 74117 81172
hp 80
t 41648 23288 59838 23289 41650 60011 78201 65112 59843 78543 64943 78204 22783 78546 60017 23467 60020 78381 60022 60703 78386 23476 59857 23478 23309 23479 60030 64959 23481 41502 23482 59354 39805 23485 23486 41341 22811 64974 78748 21969 23159 22650 22822 22997 78247 59038 60739 65499 78422 78252 60064 22665 78256 59389 59219 60070 60071 78091 59221 78262 22163 78264 42224 23016 59906 42227 41719 60080 57530 59401 81670 78271 57871 59233 78104 59406 78787 78278 78789 60090 57541 41562 57713 78285 22016 23037 64518 65370 78801 78121 44971 64522 78124 22025 78125 78806 22026 64526 58919 22879 60113 23393 60114 23394 22544 60115 23396 60116 59776 22548 58928 60629 60120 78310 60121 78651 60122 22552 59443 60293 59444 64884 64885 64887 59448 59960 22562 60133 60134 60135 65237 65238 64898 59798 23419 65241 59971 60142 65242 23252 64902 64903 23253 59974 59976 22576 60147 65077 22919 59640 64912 65253 22923 23095 23266 78177 65257 58967 64578 23268 22588 59988 60329 78008 60328 60159 64919 41631 22591 65262 59992 23273 65264 23274 58974 59997 23278 23279 22770 65275 60006 23287
hp 208
t 39566 39362 39687
hp 291
t 34253 34168 34508 33403 34425 35191 33491 34257 34512 33153 33154 34261 34516 34432 33412 34265 34520 34436 34437 33420 34271 33166 32827 33167 34613 33848 34189 34444 34275 35296 34617 35298 34533 32834 14729 35470 35301 35387 35643 15328 34456 34543 14653 16864 33185 34631 34548 33189 34211 14406 35401 34297 34467 33198 33113 34389 32861 34479 34566 33206 14336 34399 34062 34489 35680 33809 51745 14774 35769 34240 33474 34496 35347 33137 34412 6704 34499 34330 35435 33228 34418 34249 33144 34250
hp 273
t 72929 72250 72931 68512 76162 68513 71742 76163 68514 72254 68515 75995 76165 71916 68516 71746 68517 72086 72935 68518 72256 71748 72088 68519 71749 72260 67668 72430 71750 72089 72431 79910 68520 72261 68523 71582 71753 72093 72262 71754 68525 72263 71755 71926 72266 71756 71927 68527 72437 72096 71586 72438 71930 72270 71760 71590 71932 72442 71933 76184 72444 76524 72445 71595 71766 72448 72449 72282 71603 71604 72285 72287 68547 68548 71438 68550 67870 68040 68551 71612 72292 71613 72293 68554 72942 68555 68556 72126 68557 71787 72298 68558 71960 72300 71961 68561 71621 72472 72303 68564 70944 72305 71625 72306 68396 72307 72137 71629 70950 71971 68063 72144 68575 72485 67389 72149 71981 72492 72494 72328 68418 71309 72161 68422 68424 72164 72507 72340 71491 68602 72172 72173 71493 71494 71495 72515 68435 68436 68437 71498 72350 71500 71671 71672 72265 71673 68443 71674 72525 72526 68447 71508 72360 71510 72197 71519 68460 72202 72203 68464 72204 68465 72205 71696 68466 72206 72379 68469 72210 68470 71530 67791 68472 71703 68473 72213 68474 68475 71706 72215 71536 71707 72048 71708 68478 72049 71709 72559 72899 72220 71711 72221 72222 71542 72223 72224 68484 67125 75797 72228 71549 71720 72230 72232 71892 72233 71724 71553 72234 71725 71554 72235 68496 71727 72067 72407 72068 72408 71558 72410 72070 71731 72242 72413 72243 72075 71565 72076 72246 72077 72247
hp 178
t 8285 29813 29856 8499 32405 8373 29814 9160 29815 29902 9969 29861 8504 29819 9080 8316 8295 8445 29866 32437 9084 29867 9190 32353 32270 32440 9087 32356 29808 32443 32403
hp 318
t 57725 57809 57799 39567 39059 39421 39921 39391 39890 38913 39423 57722
hp 266
t 65788 72930 72251 65621 72932 72936 65796 72766 72938 72939 72940 72941 65631 68522 72772 72943 72773 68524 72946 72947 72778 72951 67171 66663 72954 67174 72956 72957 65819 65649 72792 68543 70932 70935 70942 72812 70943 72813 72814 72815 68397 72988 72992 70953 70954 72994 72995 73505 72997 72998 70788 73000 70960 65693 71644 70794 71645 73346 70797 73008 70798 73009 71649 73519 68419 68420 73011 71651 73691 73352 70971 70802 71653 66042 70972 73014 73354 71654 72845 73016 71656 72846 73357 71657 72847 73698 65707 73528 73019 73697 73017 73700 71658 65711 73702 68094 71666 71667 68440 73711 73712 67084 68444 68445 68446 65557 71506 65727 73378 73208 73039 65561 73381 73211 65562 73042 66583 72873 73044 73385 66245 73387 66587 65567 73388 72709 66590 72712 72883 65919 72719 73400 66602 67112 73405 66266 73406 66268 65759 66271 72903 65764 67124 72227 65768 65939 65769 72740 67129 67130 71550 68491 72744 68495 67306 72746 72917 68497 68498 72749 72918 65952 71563 72924 68504 71567
hp 104
t 76670 80240 80584 80416 67839 80253 80594 80254 80605 76700 80614 80618 76712 76714 76544 76715 80284 76545 76546 76547 76548 76549 76720 76721 76551 76722 76552 76723 76553 76554 76555 75366 76557 76728 76559 76730 75371 76564 76735 76565 76566 76567 76738 76568 76739 76569 76570 76571 76572 76573 80144 76574 80487 76748 76240 75392 76242 80493 76244 76246 76586 76247 80498 75398 80328 76759 76760 75401 76251 76252 76594 76766 76086 80507 76768 80509 76089 80339 80510 76769 75411 75412 76772 76774 76264 80175 80516 76266 75423 79333 76613 79505 76786 80533 80534 75265 76287 76627 75268 76629 75440 80540 76630 80370 76631 80544 80545 80546 76636 80547 76637 76638 76639 75450 76640 76641 75452 76642 75453 76643 75283 80554 76644 76645 76646 80218 76648 76649 76650 80221 76651 76653 76654 76655 80056 76657 76658 76659 80230 73940 76661 76665 80236
hp 283
t 43433 42796 43710 43668 43435 43669 43054 43671 42780 42781 43440 43291 43443 43379 43424 43382 42957 43744 43682 43684 43387 43664 42794
hp 267
t 73098 72759 73100 65620 72761 65622 72762 65793 65623 72764 65625 65797 50158 65968 50159 65799 65969 72771 65972 65804 65974 66996 65807 66659 65980 66661 65982 70914 65651 65653 72795 65830 66513 65835 65837 65672 65673 65674 65675 73497 65677 65678 65679 73159 73504 73335 73165 66536 73507 73167 73508 65859 70789 73509 65689 65691 73512 73514 65865 73347 73348 73349 66039 73350 65870 73010 66040 66380 66381 65701 65702 73522 66382 73523 70973 66044 73185 73525 73186 73187 73358 70808 73359 65539 65708 73360 65880 73361 73531 73362 73364 73705 73366 50077 73368 65717 65888 73370 65720 73371 65891 66742 73373 65722 66743 65554 65724 65895 65725 65556 66576 65558 65898 50088 65559 65899 73209 65560 65900 66242 65902 73382 66584 73386 67267 73389 71009 73390 72711 65911 71012 72713 65916 66256 65917 66600 65582 66263 72723 65585 65586 66267 67288 66269 73239 67291 66953 66275 65598 72738 72741 72742 72743 65603 73253 73084 72745 66968 65953 65955 73096
hp 339
t 45218 69530 45222 69534 69026 66646 66818 66649 66990 66141 66651 66652 66993 66653 66654 66655 66656 66148 66149 30961 66662 66664 66665 66666 66157 66667 66158 69388 66159 69389 69390 66670 66671 66672 66163 45254 69396 69057 68888 65997 69058 68889 69059 69399 69060 69571 69061 68892 68893 66683 68894 68895 66688 66689 66690 66691 68902 66862 66864 69074 45275 69078 68909 69249 69591 45281 68912 68913 66193 45284 45285 69596 45286 66706 48006 69597 66708 66709 66710 46650 69261 66711 48013 66713 66714 66715 69095 66716 66207 66717 69608 66718 69269 66719 68930 69100 69611 69271 66721 69612 69613 69614 66724 69615 66215 48025 66726 66217 69617 69278 66050 66731 68942 66732 66563 69114 66734 66226 66736 69287 66737 69288 66738 66058 66229 66739 66570 66740 66741 69292 66064 69464 66235 66915 66236 66066 66238 66748 69469 66240 69470 66073 69474 66585 69306 66247 66927 66588 66248 66078 46018 69478 69479 68969 66592 68973 45173 66593 68974 66594 66933 66596 69487 66598 66260 45180 69321 46031 46032 66092 65584 45186 66097 45190 66782 46043 66787 66107 66109 66792 69514 66795 66796 69517 66288 69518 66290 66293 66294 66295
hp 258
t 64056 80755 64737 78063 64051 63372 80735 63362 63374 79407 64054 63385
hp 331
t 51083 49216 50661 51682 50833 50837 49392 50839 51774 51860 49395 50670 51861 51010 49907 51863 50845 50847 52467 51874 52469 35384 52130 51876 50857 36068 51879 52644 50689 50860 70665 70156 51882 50693 51885 49593 50698 50954 50784 50699 50785 51976 50786 51639 50704 50705 50877 52153 50709 50625 50795 50710 35924 51650 36095 49866 50717 51654 51569 50719 50720 52595 49196 50642 51832 50727 51918 52173 50729 50730 49371 50817 49372 50649 50651 50654 50655 50741 51847
hp 175
t 47598 46579 31110 46667 46922 47773 30773 47859 46415 47521 47522 46927 31458 47780 46760 46675 46081 47526 46591 46676 46677 46764 46679 46765 46680 46766 47787 46682 46768 46938 47534 46684 46685 46686 46687 47793 46774 46777 48052 46778 46699 46700 46531 46447 46705 46876 47556 47557 46707 46878 47559 47560 46880 47561 46881 47562 47477 46884 48074 46885 47480 47820 46545 47481 46886 47991 47482 48076 47567 47483 46888 46889 47484 47569 46891 48081 46552 46721 47574 46554 47575 46556 46557 47832 47577 47747 46558 47578 47579 47836 46733 46566 47501 46567 46568 46569 46570 46740 47592 46572 46743 46574 47594 46404 46745 46576 46577
hp 232
t 56182 54823 74458 55589 55590 56270 56271 54826 56187 74973 54828 74974 54829 55595 54830 75486 54917 54747 54918 55598 56107 55599 74385 54920 54921 75491 56112 54923 77705 54756 54927 75498 56121 56122 74398 54849 54764 74995 55784 56210 54936 56126 74826 54937 54767 54852 56128 74406 56301 55791 54942 55792 56132 54943 56133 55793 56134 56220 56221 56223 56224 55630 56225 56140 56141 54952 55801 56313 55803 54954 56314 56229 54955 56230 56232 56233 56234 56235 54790 56150 54791 56151 54963 54878 54793 56153 54794 56154 54880 56155 54796 56072 56242 56243 54798 56158 56244 56159 74945 75457 54973 77754 54974 74184 56249 56082 56252 54808 74954 56254 56255 54810 54896 54811 54899 74960 53455 54731 56176 74877 74283 54818 55584 56179 55585 55586
hp 272
t 75820 76160 76161 75822 76502 75824 67664 76164 76504 75826 76166 75827 76507 76167 75828 76168 75829 76169 75830 75831 76171 76172 75833 76173 72094 67674 76176 75837 75838 75839 72439 72440 75841 72441 75842 72443 75845 72105 71765 76526 75847 72107 75850 75852 72115 71776 71777 71778 71779 76540 72123 71784 72125 72128 72129 71789 72132 72473 72133 67713 72474 72134 72475 72135 72138 72140 72141 72482 72143 72484 72487 71810 72151 71812 72152 72153 72493 72154 72155 72495 71828 71832 72514 71835 67757 71497 71499 71504 71509 71849 71511 71852 71853 71515 71856 71516 71517 71858 67778 71518 72199 67780 72200 71520 67781 71862 71863 71867 72207 71528 72208 67789 72209 72211 72212 72214 71537 71538 71539 71880 71540 63721 71890 71891 71551 71893 71895 71900 72920 71560 71901 71903 72923 72245 75986 75988 71568 75989 71569 75990 71570 71911 71571 71572 72253 71914 75996 71576 71917 75997 71577 72258 71578 75999 71920 71580 71581 71922 71583 71924 71925 72268 71929 72269 76010 71931 72271 76012 71592 76353 72613 71934 76354 76015 71935 72617 72277 71939 76020 76360 71941 71601 72622 71602 76023 72284 71945 71605 71606 80107 71607 76028 72288 76029 71949 71609 72290 71610 76031 72291 71614 72294 71615 72295 68559 68562 72308 71969 71970 71972 71983 72001 72002 72003 72004 72693 72015 72696 72697 71681 72024 72025 72030 72032 72034 72037 72040 72044 72045 72047 76129 72050 72051 72052 75793 72053 72054 75794 75795 72055 75796 72057 75798 72058 72059 75799 72060 76480 75801 76481 71721 75802 72062 75805 76488 75816
hp 269
t 67394 67007 66747 66291 66928 66961 66962 66983 66836 68866 68931 69622
hp 168
t 48220 48194 46972
hp 113
t 76923 75735 77265 75736 75226 75057 76929 76932 75743 76933 76945 76436 77201 77117 75757 76862 77118 77203 75761 75762 75763 76447 76448 76450 76451 76876 76452 77302 76453 76113 76454 76455 76456 76457 76458 76968 76459 76800 76971 76802 77057 76972 77058 76804 76805 76380 77060 76466 77061 76381 76806 76382 77062 77232 77063 76807 76808 76809 76810 76811 77151 77236 80636 77152 77237 76388 77238 76898 77069 77154 77070 77155 77156 77071 76391 77241 76392 76816 76393 77243 76394 76819 75036 77246 75717 75037 77247 75038 77162 77163 76823 75633 77164 76400 76401 75721 76827 76402 76403 76999 75639 76831 76406 77256 75048 76238 75729 76154 76239 75644 76411 76921 75732
hp 109
t 79221 79564 79224 79565 79225 79567 79227 79573 79236 79238 79578 77880 79266 79267 79268 79270 79442 79276 79616 78536 79627 79629 79630 79632 79633 79634 79635 80656 79636 79808 79638 79129 79809 79639 79810 79640 81171 79131 79811 79641 79642 79302 79643 79134 79814 79644 81004 79645 79647 79648 79479 79308 81009 79140 79653 79484 79145 79315 79146 81016 79487 79656 78977 78979 79830 79660 79151 79661 79152 79832 79322 79833 79663 79834 79664 79835 79155 79324 79665 79325 79666 79837 79667 81027 79668 81028 79669 79840 79670 79161 79841 80522 79332 79163 79673 80524 79334 79845 79674 79675 79335 81035 79846 79676 79847 81037 79848 79337 79678 79849 79169 79679 79170 79339 79340 79680 79681 79682 79174 81894 79684 79855 79854 79685 79176 81045 79686 79687 81048 81049 79350 79181 79351 79691 79352 79184 79695 79356 81056 79358 81058 79359 81060 81061 79702 79703 78514 81063 79705 79025 79706 81066 81067 79198 81071 79712 79713 79717 79718 79719 79722 79723 80574 79724 79556 79726
hp 320
t 39077 39079 39101 39060 39102 39188 39103 39084 81712 39066 57683 57726 58151 81314 58132 39219 39199 58285
hp 100
t 77688 75478 77689 77690 77692 73782 79735 74295 74975 75156 75159 75160 75161 75162 77713 74994 77714 75164 81114 75165 75166 75167 75168 75169 75170 74322 75172 74832 75173 75174 74834 75175 74836 75007 75347 75178 75180 77731 75181 75182 75183 75186 75188 77739 75189 77569 77740 74851 75191 75022 75192 77571 75193 74854 75194 75195 75197 75368 75369 75199 77755 77585 75206 77586 75208 75039 73848 77760 75210 77761 75211 77762 77592 77763 75213 75384 77593 75214 77764 77765 77766 74876 75387 77088 74878 75218 77089 74879 77771 77772 77773 79813 77775 77776 79816 77099 75060 77780 77781 75062 77782 75572 77612 77613 77784 77614 75065 77785 76935 75066 77615 77786 75747 77787 76938 77789 77790 77791 76941 76942 77113 77114 74904 77632 77633 77634 77805 77635 77806 74916 75256 75427 77808 77638 77809 75091 77811 75092 77812 77133 75263 77134 77643 77304 77135 77814 74925 77816 74926 74927 77307 77648 77819 77823 77653 74764 74936 77656 74937 74939 77659 77662 75115 77666 77667 75458 75288 77668 75460 77670 75121 74951 77671 74952 75463 77673 77674 75125 75465 77675 75126 75127 77677 75468 77678 75129 75469 77679 75130 77680 75471 75131 75132 75304 75475 77687
hp 248
t 41013
hp 235
t 53718 54399 54825 53297 54998 54659 53724 14626 53729 54665 54835 53986 53732 54328 54329 53904 54669 54330 53905 54670 55011 53736 53908 57223 54334 53910 53911 53741 53912 54082 53913 54422 53914 53915 53916 53917 53918 54514 54857 53839 54094 16868 54524 53675 53930 54697 53932 53847 54698 53933 53934 53849 53764 53850 53936 54022 53937 53852 53938 53939 53854 14585 53940 53345 53856 53942 77658 54285 54625 54456 53862 53864 40265 53866 53697 54546 53783 53699 53616 53702 53617 53703 14348 53619 53704 53789 53620 53705 53706 53621 53791 53622 53623 35691 53628 13849 53799 53800
hp 225
t 11090 29536 52847 52890 52913 52893 29624 52851 29477 11077 29480 11079 29462 10634 29441 29463 52987 29549 10489 29444 52841 29467 52906 52864 10365 11088
hp 329
t 78880 60351 78881 78373 78883 78884 78885 78376 78886 79057 78377 78379 79059 79060 78890 78211 78382 78892 79063 78893 78384 78894 79066 78387 78557 79068 79069 59519 79070 78900 79071 79241 79073 78903 79074 79076 79077 79078 79079 79080 79081 79082 78912 78913 79084 78915 78406 81806 78576 79087 78916 78917 78918 79089 78409 78919 79090 78920 79091 78412 79092 78582 78923 79094 78924 79095 78587 78927 78928 79099 78249 78590 78930 81311 79102 78254 78936 78596 78937 78938 78939 81321 79282 79284 78947 59398 81330 81161 78951 79122 79292 81333 79124 78954 79125 78615 78955 79127 78957 59408 80997 78958 78959 79130 79132 79133 79135 78456 78968 60269 79141 81862 78972 79143 81014 78975 79148 78978 79149 78980 78981 59432 78982 78302 60282 78983 79154 59433 79156 81876 78986 79157 78987 79158 79159 81879 78989 79160 78990 78650 78991 79162 81882 78992 79843 81884 81034 60296 79167 79168 81208 58938 81889 81890 59450 81891 79851 81893 81213 59456 22568 81219 81730 81902 81732 79190 78850 78851 79191 81741 79192 79193 79194 79024 80897 79029 79031 79032 78863 79204 81075 79207 60337 79210 60340 78361 78872 79212 79213 78534 79215 60347
hp 256
t 63919 63239 63240 63241 63922 63242 63923 63243 63244 63586 63246 63587 63927 63248 63249 63250 63931 63251 63932 63252 63933 63934 63935 68020 63260 63262 63263 63949 63950 63951 62932 63272 63273 63274 62935 62939 65319 63960 63280 62941 63917 63974 63294 62955 63295 63976 62963 62964 63988 63989 63990 63311 63995 62976 62979 62982 61622 62984 62987 63672 63678 63001 63003 64707 61652 64035 63018 63019 80020 68121 63361 80023 63363 64048 64388 64728 63369 64729 64050 64730 64053 64393 80034 64395 64057 63377 64059 63381 64401 80722 64403 80044 63384 80045 63388 63389 64750 63051 63057 63397 63059 63405 63745 63406 64430 68850 63752 63753 80754 63414 63415 80756 63416 80757 63417 64099 63760 80762 63763 80763 63423 63764 80769 80770 63770 65470 63775 64120 80780 64121 80781 80783 64123 64464 64468 80789 63790 68211 80792 64134 64136 63118 64139 64141 64143 64144 64145 64146 80806 64147 64148 64149 80809 64150 64151 80812 80813 64154 64156 64157 64158 64159 64160 63140 64161 64162 64163 64164 64165 64166 64167 64168 64169 64170 63831 64171 80151 64172 63492 61453 64173 65533 63494 63495 63836 63496 63837 64177 63497 64178 63498 63839 63499 64180 61801 64181 64182 64183 64184 63504 63845 64186 63506 64187 63847 63507 64188 63508 64189 63849 64190 63850 64191 63851 80172 63515 63856 63516 63857 63518 63859 67599 63520 62840 61481 63522 63862 63864 63525 63185 64205 63526 64206 64207 63867 63527 63529 63531 63192 63876 63878 63880 63881 63884 63885 64227 63888 63889 61509 64229 63890 63550 63891 63892 67632 63893 63894 63895 63898 63899 63900 63901 63902 63903 63904 63905 63906 63907 63908 63909 63910 63911 63912 63913 63914 63915 63916 63237
hp 335
t 51649
hp 295
t 63331 63438 63883
