ap 0
hp 376
 52991
ap 1
hp 377
 44859
ap 2
hp 93
t 29628 52878 49693 29612 10465 29573 10491 10470 10471 28811 28983 29579 29580 53147 28986 10648 52745 13242
ap 3
hp 36
t 45628 43460 27481 27036 24826 49137 62376 26123 27420 27463 27102 42829 43680 27489 27171 27470 46979 69165 42454 43560 47003 42244 43987 69168 26138 27413 26947 43458 27501
ap 4
hp 378

ap 5
hp 379
 48864
ap 6
hp 380
 20431
ap 7
hp 381
 20479
ap 8
hp 39
t 42908 27992 42868 43548 27738 25784 43550 28122 24639 26466 43721 27189 43638 44105 26383 25746 43770 43559 43690 28009 28648 43566 26312 28310 27334 26441 43570 42934 43614 28017 43449 26449 42857 27260 27728 42859 43540 42903 27943 44093 28029 43543 42865
hp 47
t 26460 42314 27056 27099 27355 44058 27782 24638 42828 26000 27956 26468 25108 26724 42323 44958 26600 26346 27026 26735 24611 27332 43567 24739 26610 26568 28311 42845 27037 42847 27336 27251 26146 27804 26360 26190 43531 25896 25642 27386 26238 28150 26451 26454 27730 42308 43583 43455 49108 24629 27307 26329 42311 42184
hp 43
t 43547 27228 27229 43549 42869 27230 27231 43551 26552 43553 27913 26214 43554 27235 43555 27915 43556 27236 43557 43558 26049 43730 27242 26563 27243 43563 26904 43565 27248 27078 26569 27250 27252 43572 42892 26573 27085 43065 27257 27087 43747 27258 28449 27261 27263 43587 43588 27271 43762 27783 43764 43597 43767 43598 43768 27789 42920 27281 43771 27792 43775 26606 26439 27802 42765 27296 43616 27978 42940 27641 27304 26629 26119 26801 43632 27822 26463 25614 24595 26979 49080 27150 27321 49081 43470 43643 28012 27335 28186 27337 27168 27340 27002 26493 27174 27346 25990 28370 43671 42836 43520 43521 43523 27205 42846 43526 26359 43530 27381 43701 26362 27212 43532 43703 27384 27214 27385 26194 43536 27387 27388 26028 27218 42858 27390 27221 43541 27222 43542 27223 27904 43545
ap 9
hp 55
t 26291 26036 27823 26550 27401 26212 27997 26213 26304 24605 42966 26221 26310 24610 48246 26147 46974 27254 25640 26320 26321 27256 26237 28023 26323 28108 24625 26325 25986 26327 25307 232 26328 28028 27179 319 26330 27776 24632 27438 26334 25995 27780 24637 24977 27953 25659 27787 26344 26345 26260 26261 27791 27962 26347 25157 26348 42753 26349 26180 27287 26183 24654 26269 24655 25341 26361 183 42939 28490 28577 26198 27986 362 42948 43629 26290
hp 59
t 79628 80818 81373 63480 79633 59533 78234 79297 79169 64721 79639 78151 79640 79172 58815 79641 79642 79345 59712 79224 59892 60700 78637 78424 79827 80720 59642 79664 79622 79325 79667 60033 59396
ap 10
hp 382
 53247
ap 11
hp 383
 48959
ap 12
hp 134
t 8236
ap 13
hp 384
 29627
ap 14
hp 385
 57343
ap 15
hp 61
t 59526 58509 79678 22814 59874 78321 81551 58348 81555 78326 79347 81388 59205 17980 59545 79183 80632 58873 58874 65504 58536 60322 41708 79619 19354 78600 59392 59991 59777 65007 77844 64245 18600 59657 59659 60085 59151 59662 60257 78534 59666 59496 19378 59413 78538 78284 79645 17935 78371 79308 7230 78545 59251 19302 59424 60275 61380 58745 77872 59598 80168 18631 78811 58328 79666 78307 79497 58503 18638 58675
ap 16
hp 386
 16383
ap 17
hp 387
 73727
ap 18
hp 38
t 58719 58720 58806 58721 58724 81845 57451 58643 57410 58813 58388 58771 57411 58645 58092 58772 58093 58094 58689 57457 58648 58690 58733 58818 58734 58097 58692 58395 58524 58396 58736 57759 58399 58657 58700 57596 57426 58701 58376 58659 58661 59384 58663 58068 58069 58751 58625 58540 58073 58542 58670 58672 58714 58630 58716 58377
hp 50
t 6571 58336 59868 58678 74661 34201 57664 57666 81638 18568 81384 39992 18743 58523 16873 57419 58101 51216 61333 81223 59803 57851 58872 58278 57854 57514 58704 18160 57430 57856 35078 57433 14508 58674 57689 35420 78346 81491 57522 57437 57523 59224 79030 17065 55315 34916 35427 58973 81754 60334 34240 57446 33221 59061 34242 19283 58894 59236 14443 60003 40368 58984 58729 60260 39860 57710 34249 57965 81766 34166 58816 18527 19293 61285 58735 81601 59161 34172 18022 19214 59164 34175 59165 17940 6551 38085 58316 35452 58232 57894 6555 34946 19307 81528 38434 81614 81274 58070 60366 58071 57647 58072 61388 34189 33850 19400 58671 59181 57481 78392 57568 79074 60289
ap 19
hp 388
 40143
ap 20
hp 389
 61375
ap 21
hp 390
 32719
ap 22
hp 391
 78846
ap 23
hp 392
 73662
ap 24
hp 44
t 69387 42357 26210 27400 43382 69394 43384 62424 30975 27066 42366 42367 69060 69400 69570 69401 43392 43903 43393 62264 69064 69235 69406 27416 45947 27417 27418 43398 69071 26911 27421 62272 69073 27423 69074 69075 69585 27425 69076 27426 27428 27429 27430 69385 27092 27433 69424 62284 45965 69426 26927 27437 69429 27439 43079 69260 43254 27784 43258 69438 43259 68930 68932 27453 27284 69104 69105 69106 27627 69107 69448 27458 46331 43781 27123 69114 69284 43785 26956 69116 69117 68947 69118 27468 43108 69119 48380 27130 26961 69123 42438 43969 43119 42440 27482 26974 26804 46017 42448 43469 45510 27491 42451 43034 26812 43984 26984 66764 26985 25115 26646 27157 42457 68978 42459 69150 68982 45693 68983 68988 27342 45872 43663 42473 69334 27345 26836 44008 46049 46390 69340 25312 42315 43850 46061 26852 42492 42493 42494 42325 27367 42327 43687 42668 26178 69020 45392 42332 27373 69024 43695 43356 69026 27039 43022 69034 42346 69376 43877 69377 69037 27049 69380 26541 69382 69214 43035 43885
ap 25
hp 81
t 50940 50772 50942 52217 52048 50773 50858 52049 52218 52051 50691 49161 51457 50778 52054 50780 70330 50865 51461 51975 50870 51466 51976 49171 52215 49172 51979 49174 50874 51639 51386 51981 49176 50876 49261 51982 69894 49178 50794 51984 49179 51985 50796 51986 49182 49183 50800 51480 51481 50801 51482 47147 50804 50637 51488 52083 51535 49193 70444 50638 49194 51489 51490 51491 52002 50813 49198 52089 50814 52004 50815 50560 51496 49201 50562 52178 70283 49203 50564 69690 50565 49205 51501 50566 52181 52183 49211 50912 50913 50916 50917 50918 50854 50920 50836 50921 50923 52032 50927 50846 51527 50847 50932 50849 52039 52040 51531 52041 52212 52042 51533 52043 51534 50769 51704 50939
ap 26
hp 393
 54076
ap 27
hp 49
t 58167 58103 78654 58319 78613 78507 78955 58895 79467 58111 58048 39159 78643 58351 78944 39376 57673 79605 58972 75355
hp 62
t 38937 81415 58041 57831 58426 81419 38538 74069 38540 55456 39222 55457 61365 55373 55374 58308 55375 57417 57928 73993 55464 81559 39103 80967 58315 80968 79014 80969 73872 81224 80970 58317 81140 39023 58147 38981 58318 81398 58321 81697 81315 81701 38988 80979 55522 81233 58752 81703 81276 39161 39800 81366 80942 39165 39295 79033
hp 46
t 76697 55535 79168 81379 81465 81553 55545 57500 80960 74501 80961 80962 39057 74077 39058 55380 73995 80966 81136 58357 81736 80971 58106 73918 38984 39156 80976 39157 80977 55563 81234 81150 38990 80982 39162 39164 80984 80985 39089 57704 57620 57450 79636 39091 81422 81592 69865 81426 58307 81427 81597 73948 58309 39016 79647 81434 81349 57636 39021 81097 81099 81699 73880 81022 79073 56294 73804
ap 28
hp 83
t 52003 52046 77632 51495 35260 70281 53621 52050 52093 69645 71262 70030 70243 51502 34970 34928 52184 34929 53375 51464 34932 52062 52063 77436 77776 69999 70223 70341 77653 77271 34899 77655 54067 34943 53346 71281 71115 77278 77661 75876 71031 34906 53437 34949 53352 34950 69632 71332 52038 51492 77583 70103 35678 51532 77628 77755 77586 52001 52044 52045
hp 85
t 28756 66412 30885 66076 47550 49761 47551 46619 31575 47557 46708 30222 30817 48073 31074 31584 31585 65840 66351 49692 66352 47908 50203 66355 31675 47145 30657 31592 28787 47828 50124 47574 66021 28876 31002 31512 49706 66452 31177 31178 50389 66454 31095 28886 46141 66458 66459 31439 31525 66121 50226 31527 66294 46489 31189 47255 30850 30766 66298 30259 30346 31622 47944 31199 66305 28820 73276 47946 48117 31120 65885 47441 66483 73198 66398 30783 31123 49655 30787 31468 31129 66489 66490 49915 66406 31131 31216 49747 31471 47112 66408 47454 28839 66410
hp 79
t 52088 51494 75846 52090 70068 52091 52177 52092 71367 69710 70241 69881 52095 52053 70009 51459 71372 71287 52036 69887 69952 75862 70146 70211 70147 52085 52086 69979
ap 29
hp 45
t 60291 64032 77887 59442 78397 60210 65225 79592 80782 79424 78575 60385 78065 59705 78661 59707 59793 79428 59708 59624 79514 79515 78155 64981 59542 64983 35408 79608 59039 81395 79441 22748 79444 59641 64741 60491 59386 59471 80808 22755 80895 59477 14343 58884 78179 59394 59225 64920 77842 64074 78609 59485 59571 59486 59401 59403 64249 65270 79381 64931 59493 65528 59579 59409 78620 78621 59582 78197 78283 78624 22779 58650 59671 60011 77862 78202 78203 59503 59505 78801 80162 79570 59510 78806 78552 59087 78214 77874 80255 77875 64787 78217 65468 78219 41247 79582 78649
hp 48
t 26800 45841 61440 62291 46014 44017 24807 69602 26977 45932 26807 42320 42449 62084 45514 28600 26772 43859 26179 62433 68936 42334 26821 27375 43057 27460 45481 69452 69298 43443 69582 26191 42342 43151 26365 27939 47023 66870 48383 26667 25946 43116 43117 42480 26203 27266 69172 26459
ap 30
hp 53
t 7378 6274 6104 21064 19365 60080 6956 4321 4705 668 59235 7088 21072 21583 6965 5689 7092 21032 21757 7054 21080 7055 61286 21040 21083 7100 21512 688 21559 6940 6727 58875 6644 6604 611 697 4907 6522 22249 7887 6485
hp 153
t 9955
ap 31
hp 394
 65422
ap 32
hp 395
 56590
ap 33
hp 396
 20463
ap 34
hp 397
 24575
ap 35
hp 263
t 22976 41336 22977 41677 21617 41678 22979 41679 41680 21620 20601 65312 22982 22984 22985 41345 22986 41686 65318 41349 41689 42029 41350 41690 21631 65323 64988 22658 41358 64989 41359 64990 42720 64991 65331 23171 40995 22662 23002 22663 64994 42383 65164 65165 64996 41026 64997 22667 65167 64999 65000 41370 65001 65002 22672 41372 41712 22635 23184 22846 23186 22676 42737 65008 41377 22678 23189 41378 41379 23190 65010 23359 65011 41380 22681 65012 23192 22682 22683 65014 23194 41388 65019 65009 21672 22866 22696 41396 22697 22868 22698 22869 23038 22870 22700 22702 23214 22874 22704 22705 22876 59425 22877 22708 44979 22880 59430 23221 22541 22881 22712 23223 22713 41244 41414 23225 22715 23226 44986 22716 41416 41246 41419 41250 22719 22550 44991 22551 22892 41422 41253 41254 59784 22555 41425 41256 41426 41257 20687 41427 22898 41428 41259 41258 41429 41430 22901 41431 41262 22903 41265 22906 41436 41438 22909 22569 41439 22910 41950 41270 22571 22911 41952 41954 41955 41957 41958 22578 41448 41959 20709 41449 41960 41450 41961 41451 41962 41282 41963 41284 41285 41286 41287 41288 41458 41289 41290 41292 41122 41293 41463 41294 41295 22595 41466 21578 41298 41468 41469 41300 41470 41471 41303 21586 21587 41137 21588 41308 41309 41208 22272 22784 41825 21597 21599 22960 41675 22620 22792 22284 22625 22286 22626 22456 41327 41668 22628 41669 41329 41670 22971 41671 22632 41332 22633 22634 41335
hp 248
t 20859 24384 21209
hp 265
t 65137 63437 63439 78739 65142 65144 78745 65147 78751 78752 78759 78760 78766 78734 78768 78772 78773 78775 78778 78781 65182 65183 78784 59404 78785 41046 65527 78787 65188 78789 65190 65530 59410 78791 65191 64512 59412 78793 65193 65194 78794 23374 78795 78796 59417 64518 64860 64520 64521 64863 65205 65206 22707 64867 62487 78808 64868 65208 65210 65211 64531 64874 64875 62496 59776 65218 59438 59439 64880 65221 64881 64882 64884 62504 64885 65226 78828 64888 22728 64889 64890 65231 59456 64897 59457 64898 59458 65239 78839 59460 64901 59461 65242 64902 59463 59464 59465 59466 59468 22749 22750 22752 64572 22753 64913 64915 64916 64917 65257 78177 65258 59478 64919 65260 65261 64921 78181 59482 78182 65263 59483 41123 64924 65265 78185 78187 64928 59488 64929 59489 64930 59490 41131 64932 59832 65273 64934 64935 59495 64936 64937 59497 64938 22778 64939 59499 64940 59500 59501 59502 64943 64605 64946 64947 64948 64949 59509 64950 22791 64951 59511 59513 64956 64957 64958 64959 62923 22805 78227 65313 22813 41174 65315 77895 62597 65320 77900 59552 59555 41876 65336 78596 63977 59558 77920 78261 77923 59563 78606 78607 59568 59569 64669 62971 64671 64674 64676 59576 59577 65358 64680 64682 64684 23547 64687 64688 65031 78632 64696 59596 59599 62659 59600 59601 41241 59602 59603 59604 59605 59607 59609 59610 64710 59612 59613 59614 59615 78656 59616 65057 78657 59617 59618 59619 65060 59621 65062 59622 78662 59623 64724 65066 59626 78666 65068 59628 65069 65071 65411 59632 41272 41273 59634 78674 65075 59635 62695 59636 64736 59637 59639 64742 65424 59644 59645 59646 64746 59647 78687 65088 65090 62710 78690 65091 65431 65092 78692 78695 78016 64757 79378 59658 78018 64759 78700 78021 64763 65104 59664 65105 78706 65107 78707 78711 65115 65116 65117 65119 78721 78723 78043 65124 65125 78725 65126 78726 78727 78728 78729 63429 78051 78731 63431 22631 63434 65135
hp 276
t 70076 70045 69992 70067 70046 69993 70057 70069 69995 70061 69978 70064
hp 103
t 80016 80188 63783 64381 80872 67784 63538 80369 63541 80456 67708 75784 80459 75788 76215 63550 79873 75795 80470 76221 79875 76050 76051 80131 79878 79879 80474 63814 63986 79881 63817 80224 79972 76063 80144 80315 79891 63488 63489 67826 79982 63833 63580 67831 63581 63753 79988 63499 67836 75826 76081 67838 80164 76084 76170 63505 63591 80169 63509 80596 63512 75838 80004 76179 80174 80177 63518 76777 80604 76779 80605
hp 274
t 47565
hp 100
t 64691 62598 62642 64619 64927 66989
hp 326
t 43971 43801 40996 42356 42612 42442 43972 42359 41000 42702 42362 42363 42620 42365 42621 41347 42623 42625 42803 42804 42726 43662 41367 43919 43921 42733 42396 42484 43848 41045 42321 42322 43512 41047 42578 42408 42579 42324 42409 42410 42581 42326 42667 61962 42583 42499 42330 43862 42333 43863 42504 42335 42505 43780 42336 42592 42338 42596 41237 42343 42686 42687 42602 42432 42348 42690 42355
hp 335
t 20592 20684 20647 20574 41685
hp 64
t 44270 42911 44240 42935 42839 44125 44157 44540 42927 42779
hp 268
t 65436 64246 64969 79420 79421 64251 64209 79388 63876 78245 63498 63881 77864 64222 63882 80797 64223 63885 64225 64226 63546 80760 63887 64228 64229 63549 79361 64231 64232 64233 64234 80809 65513 77881
hp 344
t 77805
hp 177
t 42780 44906 44354 20767 44822 44907 42953 44823 44909 44824 44357 44825 42956 44911 44359 42065 42108 42831 44957 42876 44364 42834 42877 44832 44833 44536 42879 44367 44538 20611 42841 20784 20828 44204 44375 44885 44971 44929 44972 44164 20493 44803 20763 44379 44976 44806 21474 44978 20625 28321 44982 20844 42816 44901 44987 44988 44903 42950 44905
hp 293
t 72467 72701 76527 75827 76276 71325 71304 71347 71368 71029 71030 71308 76154 71033 71119 71034 71331 63747 71035 76287 71335 71315
hp 269
t 61911 68801 63191 66889 61663 68167 62897 65492 61752 63029 62816 67280 68981 68684 64435 67496 69323 62822 62866 61677 62740 67458 67033 64398 62615 64360 69587 61470 62278 64616 61599 64403 68828 62835 67553 69339 67554 68830 62585
hp 107
t 75676 76528 76358 76359 76360 76531 76361 76532 76362 76533 76193 76363 76196 71266 76368 76369 76540 76370 76541 76371 76542 76372 76543 76373 76374 76375 76376 75696 71277 76377 76378 76379 75530 76380 76551 72640 76381 75532 76382 72643 75534 75703 76384 75535 75704 76385 75705 75536 76386 72644 75706 76387 72646 76388 75708 72648 76389 75709 76390 76391 75711 76392 76393 76394 76225 76395 72656 76396 76397 76398 76399 76401 76404 72665 72668 76411 76922 76412 76413 76414 76415 76246 72679 75574 72686 79146 72531 76441 76447 76789 76790 76453 76383 76456 76289 76290 76291 76292 71193 76293 76294 76464 71196 75617 76297 76467 76298 75619 76299 76300 76470 76301 76302 75622 76472 76473 76474 76305 76475 76307 76308 76481 72573 76483 76484 72575 76485 76487 76488 76489 76491 76322 76324 76496 76497 76498 76499 76500 76501 76502 76504 76505 72600 80250 76511 75664 76349 76351 76352 76353 76524
hp 260
t 62757 65138 62758 65479 64800 62931 62761 62592 65141 63102 62593 64972 65143 63274 63953 62762 62595 62764 62765 79426 65146 78067 65148 78068 62599 64129 65149 79600 62600 65490 65150 63451 65151 65491 62601 64642 62603 62943 65494 65495 78075 80796 79607 65496 65497 62608 80798 62609 65498 80799 64649 80800 79611 62611 80801 62612 65500 62782 65502 80803 65503 62614 62955 62616 80806 62617 62619 63129 62960 62961 62962 79453 65004 62964 77924 78265 62965 62626 62966 65516 80816 62967 80817 63477 63308 65518 62798 62968 62970 63310 80820 80821 65521 62972 65522 65353 80823 65524 62975 63315 80826 65526 63826 63487 64679 65529 78790 63150 65531 80831 63492 65532 62814 65534 80835 65535 65026 62647 63837 63838 64689 64519 62820 62821 62652 64522 64693 62654 62824 63847 62827 63848 64528 63680 63170 63851 80851 63856 65217 63858 62838 63519 63179 63860 78652 63862 63693 63183 63184 64035 62844 65061 63872 63874 62690 63880 64221 63883 64057 63548 63888 63889 63890 63895 64577 64069 64239 63899 64071 64241 64922 64073 64242 64243 63054 64244 64076 65096 62886 64077 65097 64247 64078 62716 64248 65099 64079 62889 63057 64250 64252 62892 77852 62724 62725 64255 65106 62895 62726 62727 62728 65108 62729 65110 62731 63921 64941 62735 63925 77865 62736 63926 62737 78036 63587 78037 62738 63928 62739 79401 63931 62742 63252 62743 80763 62914 78045 62745 63935 63255 78215 63256 62747 62917 78048 63258 77878 65471 62751 65472 62752 62753 78055
hp 189
t 25179 25318 25169 25648 25330 25320 24970 25310
hp 69
t 20766 20638 42187 20599 20685 44826 20603 43002 20562 42068 42069 20650 20693 42071 44537 20652 44155 42969 41694 42077 20785 44970 20660 44843 44802 44973 20833 44974 20881 44808 44809 20840 44810 44981 44811 20842 20505 44900 44816 44180 44818 44181 44819 20765
hp 165
t 42844 42951 43590 42274 43444 42851 43586 43596 43599 43769 42922 43453 27176 43454 43773 43585 43564 43607 43522 43395
hp 314
t 76952 77118 75680 77040 75681 76872 77044 75684 76875 77045 76961 76963 75688 76964 75689 69825 76881 69996 69827 69656 69997 76968 76883 76969 76885 76886 76801 75612 76802 75613 75614 76889 76974 75615 76890 76975 76806 75623 69844 69845 76815 75710 75627 75713 69849 75714 76821 76822 75717 75633 75718 75634 75719 75635 76825 75636 75721 75637 75722 75638 75723 75639 75724 75640 77000 75725 76916 77001 75726 75727 75728 75644 77007 75758 69697 76923 77009 75734 76925 75735 76926 77011 75736 76927 75737 69703 75738 76929 69874 75739 76930 69876 69877 76934 69882 76937 69884 76854 77196 75752 75754 75756 76947 75757 76863 69638 76865
hp 290
t 71978 72489 71937 71980 72491 71983 71815 71986 71988 72499 79894 71989 71820 71863 71990 71821 71991 71822 63789 71992 79983 71993 80153 71994 76164 72171 76167 72002 75830 71964 71965 75833 75834 76174 76175 71967 72478 76176 72479 72182 71970 72013 79876 72014 72185 71972 72186 71973 72187 80264
hp 262
t 65139 22815 41858 22648 22653 22655 22657 22659 59289 64993 22664 64995 59290 65166 64998 59218 59291 22671 65003 22673 23524 59292 22679 22684 59294 22686 64846 65187 59238 65018 59408 59240 59295 59243 65024 59584 59414 65025 59416 22572 60609 65030 60610 60611 60612 41742 41916 22706 59426 59427 41747 60619 65040 65041 59261 22711 65042 65044 60624 60625 59947 22720 65051 22721 65052 59781 22722 65053 22553 65054 59633 41424 65055 59785 22556 59786 64887 22727 59788 59789 22560 59281 22561 22731 59452 60132 59453 22564 59284 65065 59455 60135 22736 59287 22567 22737 41437 41267 22738 59288 59629 22739 22570 65070 41440 22740 60480 41781 65072 59459 41782 65073 41442 41783 22742 41953 65074 22575 59293 41785 22745 65076 41446 41786 65077 41447 41787 22747 41788 60488 65078 65079 65080 59467 59470 41790 65081 22751 65082 59469 59472 59300 59643 65084 65085 65087 41457 59309 41460 22760 59311 22761 59481 22592 22762 22593 22594 22765 22596 59316 64926 22597 22598 22768 22599 22769 22601 22771 22602 22772 22603 22604 22774 22605 22775 22606 22776 22607 22608 22609 59640 22780 22611 22781 22782 22783 78714 41827 22622 78722 78724 78732 78733 78735
hp 164
t 42100 42441 44908 42443 42784 42275 42693 42279 42109 42364 44915 42110 42456 42373 42630 42462 42635 43826 42382 42468 42723 42811 42642 42643 42048 42474 42475 42478 41713 42309 42310 42650 42097 42312 42313 42823 44949 42824 42825 42316 44951 42486 42317 42826 42827 42318 42488 42319 44954 42489 43000 42490 42830 44956 43001 42066 42491 42832 42067 42833 42835 42073 44539 42074 42331 42076 44967 42843 42078 44969 42176 42177 42092 42008 42688 42433 42179 42094 44985 43794 42181 42437 42439
hp 323
t 22849 20598 44910 22811 22386 21621 44828 42960 20649 21585 41776 20487 20575 44842 20746 20917 20661 20919 20579 20835 22790 44551 22665 20626 20669 22369 20882 20670 41453 21266 20671 20885 22968 21481 44902 20593 44308 20635 22718 44352 44862 20637
hp 300
t 47435 47589 46647
hp 113
t 59527 78483 60378 78314 60379 78315 58680 81377 58938 78573 57496 60218 60304 78494 60391 60392 79432 79604 58865 78589 78929 78336 60316 79613 79615 59895 78425 60321 78428 78517 78434 60331 78440 78441 81758 58897 78882 60353 81773 60358 59679 78295 57556 78466 60363 60279 60367 58922 60368 78473 78304 78474 60285 60200 78391 78475 79581 78476 78306 59691 59693 60288 79583 60286 78650
hp 227
t 57746 81378 60298 57748 81719 57579 57409 57750 57751 57752 57753 57413 57669 57415 57670 59881 57756 57502 57757 57672 57758 57591 58953 57678 57850 57425 57429 57770 57431 57602 57603 57688 60324 57434 57605 57435 57776 57777 57778 57779 57525 57780 57611 57781 57782 57697 57613 57614 57784 57359 57699 57444 57700 57785 57786 57787 57702 59062 57447 57703 59065 57791 57622 57707 57624 57625 58985 57802 81689 60269 58059 58911 58148 58236 60191 58238 58918 58408 57728 60193 57731 60197 57734 60201 60202 58928 58078
hp 255
t 65306 41082 42613 61482 42698 42358 42615 42445 42700 65311 63271 42361 42360 42616 43297 43978 42703 42619 43980 42706 41007 41433 42370 42371 42372 42714 42375 42716 43312 42717 65328 65157 42378 42549 41701 64992 43997 41362 42553 62103 41364 41025 43321 43917 42727 42388 41369 42729 42389 42390 42730 42646 42391 42731 44007 62283 42394 41374 62454 42735 62285 65346 62455 41291 43842 42654 42400 42401 42402 43423 42659 43849 42404 41384 41044 42405 41385 43851 42406 61872 42411 42582 23458 42414 41394 43861 42416 62137 41057 42420 42591 43867 43782 41233 42678 42680 42170 40983 65293 42344 65294 42429 42600 43790 42601 41328 42603 62833 65299 41330 62239 43880 41075 42691 41331 42352 42692 65302 40993 42608 43883 42354 42609 42610
hp 340
t 38300
hp 96
t 77648
hp 111
t 75682 75683 77003 77004 76920 75179 75520 75521 76924 75691 75522 75524 75568 75526 75570 75571 75616 75618 75533 75620 75238 75621 75665 75624 75625 75540 75243 75626 75541 75542 75629 75460 75631 75461 75632 75759
hp 228
t 39059 39121 39005
hp 301
t 66440
hp 330
t 26206 46947 46948 46951 45422 46954 45425 47978 46963 45434 27592 47822 27596 26928 27610 45460 26934 26937 27618 46999 47005 47685 45475 47006 47690 27631 45141 45314 27465 47866 45488 46848 46849 45489 46850 46852 45492 45323 46853 46854 45325 46855 45155 45327 45499 46859 45331 45501 46861 47032 48053 46863 45334 47035 46865 45505 46866 45677 45507 27487 46868 47039 46869 48061 45511 46531 46723 46873 69485 46875 46879 26311 46372 46712 46036 45187 45698 45699 45529 45700 46549 45190 45701 46550 45191 45702 46382 45192 46721 46722 45533 45193 46044 45194 27514 46045 46895 45706 46553 46725 46047 45197 45198 46898 45199 45370 45540 46900 45711 46560 45373 45543 46054 45374 46564 46734 46735 47585 46056 46057 47587 46909 46910 46572 46573 47934 46574 46915 45556 46580 46753 46923 46077 45398 47951 45402 27554 26025 45575 45236 45239 46939 47620 46940 47961 45413 45415
hp 166
t 43759 26680 26644 26687 43050 26906 43396 43397 43399 43400 43060 43401 43402 43062 43063 43403 43404 69289 43407 43026 43748 43408 43068 43069 43409 26664 43410 26878 43411 43071 43751 43414
hp 168
t 21053
hp 169
t 44145
hp 110
t 79787 79788 79789 79768 79738 79780 79791 79728 79781 79782 81092 79785 79786
hp 299
t 47033 47012 47629 47630 47036 47631 47037 47680 47681 46959 47725 47704 47683 47726 47705 47029 47030
hp 226
t 78438 78524 60376 78525 60293 60377 81672 78400 60380 59532 81676 78491 78492 78366 60352 79095 60311 60396 60355 59547 60397 60356 60313 60398 60357 60314 60399 78505 60359 78337 78464 60361 60362 60320 59724 60278 60364 60365 60280 60323 57517 60281 60408 78522 60282 60325 60283 60326 60327 60330 60332 60375 78310
hp 334
t 20926 21246 20584 20494 20636 20572 20656 20573 20668
hp 175
t 25100 25122 25167 25105 25828 26041 26340 25107 25830 2965 2944 25088 25153 2989 2947 25154 2990 25112 25091 28579 25309 25096 25989 25140 25142
hp 295
t 71171 71256 76529 71344 72619 76530 71345 71346 71348 71349 71180 71350 71265 72456 77047 71268 75690 71270 71357 71272 71358 72464 71359 71274 72465 75695 72466 71276 72468 72469 72641 71197 71282 72642 71283 71285 72476 71201 71966 72477 72647 71968 72564 71969 72480 71205 72565 72481 71971 72483 71974 72485 72570 72486 72572 72487 71977 72657 69853 72574 71979 72490 72661 76317 72663 71984 71985 71987 72669 72670 71481 76326 72672 69698 72673 71313 72674 71314 69700 71995 72675 72676 71996 71233 76333 71234 76335 72681 69708 72683 76763 76509 72684 71324 72685 77021 71326 76512 71327 76173 76513 72689 76515 72691 71247 76517 72608 76518 71333 72184 76519 76520 76521 71336 72696 76522 69639
hp 176
t 20787 20830 20491 921 44124 44040 20922 44148 947 44127 20923 28212 21477 43004 44151 21478 44237 44152 44238 44153 20630 44112 44241 20891
hp 277
t 51798
hp 82
t 49666 49156 49836 49669 49415 49671 49672 49674 49420 49675 52055 49677 49507 50869 49680 50190 49684 49685 50195 49686 50792 49177 73573 49689 49691 50117 50882 43233 50459 49184 49695 49185 50885 73581 52077 49188 49189 49190 49786 49191 52082 50213 49197 49708 49199 49541 70792 46481 49712 49713 61784 49715 49716 49717 50907 49973 73349 50404 50405 49725 49153 49727 50407 50408 49218 50409 73190 49985 49154 49988 49990 52202 31632 50247 50928 31636 50423 50593 50764 50084 50594 50425 50680 50935 50937 50938 49409 49835
hp 272
t 71118 52084 52052 52037 52087 70070
hp 84
t 52174 34920 71004 34965 52094 52222 70242 53498 69988 69990 77513 34886 71352 75800 69696 69994 74800 70253 71316 77521 70254 69701 71020 69915 70255 71235 72680 51431 51303 53429 71024 51517 77526 71365 71280 77274 54112 34988 77191 69924 51564 71370 53393 34948 51269 76812 51227 71373 76856 34825 70483 71036 76816 77752 71292 77668 69976 77670 76820
hp 68
t 20894 28161 20895 20639 877 496 412 455 500 20901 926 800 21201 28171 802 506 5011 465 508 509 424 20740 20826 20913 856 20874 20790 942 20920 22240 21901 28276 20924 20887 275 788 449 21190
hp 181
t 25101 25181 25155 2982 2977 2978 25089
hp 270
t 49196 49594 49180 49410
hp 229
t 57773
hp 271
t 50134 31466 49821 49813 49750 49749
hp 339
t 21065
hp 188
t 48444 47021 48285 48340 48331 48438 48343 48345 48325 48432
hp 78
t 73040 66114 73296 50943 47289 72833 65948 66331 71006 66332 72835 66460 66333 66462 71010 66293 71012 71013 73096 73054 49340 73692 71017 66472 66814 71021 72807 66348 71023 73658 66349 71661 66392 66350 73575 73065 48034 72855 47993 68011 73580 66270 49186 72948 49275 66148 66404 70912 66451 46605
hp 261
t 78056 79417 78057 62078 79419 78059 62759 63440 62760 64801 63442 78062 61742 79423 63443 62763 78064 63104 80784 63445 63105 63446 63106 78066 63107 63448 62768 78749 62769 63450 78070 62770 64130 62771 63111 63452 80792 62772 63453 62755 78074 62775 64135 65156 63116 63458 64138 65499 63460 65501 62781 63121 63463 64823 62783 63464 64143 63466 63126 63467 63468 62108 63469 63470 63130 63471 63472 64152 63473 65514 63475 63816 62796 62797 63478 63479 65180 63481 63482 63483 61443 63484 63145 63486 62466 63827 63149 62469 61789 63831 62471 65192 62472 64513 64173 64174 64515 62476 62817 63157 62477 62818 62478 62819 62479 61459 62484 62486 64526 61466 61467 61808 63849 63169 62149 63172 62832 62152 63173 63174 62154 63175 63176 61476 63857 63177 62497 63178 63859 64539 63180 62500 63861 63863 61825 63866 63186 62506 63867 61827 62507 63868 63188 62848 63189 61489 62170 63871 61832 61833 62854 61494 62175 62856 62516 41097 62517 63879 63199 62520 41102 61843 63204 62864 64905 64907 62187 62868 62869 62870 62531 63892 63893 62873 64914 64574 64236 62876 64576 62878 62879 62199 62540 62201 62541 63902 62882 62204 62544 64925 62885 62887 62888 62890 64590 62893 62896 61877 62898 61538 61879 62901 62561 64942 63922 62902 63923 62903 64603 61884 62904 64264 62905 62566 62907 64609 63250 62571 64954 64955 63936 63937 63938 62918 62578 63939 62919 62579 63940 63259 63941 62921 63261 62922 63262 63943 62583 63263 63944 63264 62584 63945 63265 63946 63266 63947 62927 64627 63948 63268 63949 63269 63270 63951 63952 63272 63273 63954 63275 62935 63276 62596 63957 63277 62938 64639 63961 62941 62942 63282 62602 63963 63283 64305 62945 62946 63967 63968 62948 62949 64309 63970 62610 62950 62951 62952 63292 62613 62953 63974 62954 61934 62956 62618 62958 62959 63301 62621 63302 62622 63983 62963 63303 62623 63304 63305 63306 63307 64668 63989 64670 64673 62634 62073 64675 62635 63997 62637 63998 62638 64678 63999 62639 62640 63321 62641 64681 62643 62644 62645 62648 62649 62650 62653 62655 64699 66740 78054 41923 62665 61986 61987 63349 61991 65392 64715 65398 63358 62000 65063 62685 62687 43989 65412 62693 64733 62697 61680 62701 65422 63042 64402 62704 62705 79366 62706 64747 65089 78011 61693 62714 65095 62717 65438 62718 41299 62719 62720 63062 64762 65446 80747 79389 79390 62730 79391 62733 64434 62734 79396 66816 63076 79397 79399 79400 62741 62744 78046 62746 62067 63427 79408 62748 63428 79409 62068 62749 79410 65130 62750 79411 78050 79412 63432 79413 79414 65475
hp 102
t 80013 80864 63779 76788 64126 75782 75783 80458 76039 75785 75786 76041 63886 76042 76043 80634 80209 76044 75789 75790 80465 76216 76131 80466 76046 79872 80467 76218 75793 80468 76049 76220 75796 80471 76222 80387 80132 79877 80391 80476 80477 79883 80479 71810 79885 80225 80226 80566 63992 71812 80143 76661 80146 80403 80488 80149 79895 80490 80746 80151 71823 80493 80836 79392 80157 80497 63754 75824 76165 75825 75828 76168 75829 76169 76171 75831 76172 75832 80593 80509 75835 75836 80511 75837 76177 75839 76775 76778
hp 315
t 75167 76867 75337 77548 76869 77550 75171 77551 70074 75517 75518 69910 75182 76882 75013 75184 77054 75185 69914 77395 75186 77225 75356 76887 74848 76888 75189 74849 75190 69920 74851 76891 69921 75192 77061 69922 75193 76894 77064 75195 77065 76897 76899 74859 75369 77072 75712 77073 76904 77074 77075 77076 75716 77078 77079 76912 77083 75384 77084 77085 77086 77426 76918 69948 75729 74880 74881 74883 69953 69954 69955 76928 70128 77778 70640 77780 76931 77781 76932 76933 77783 76935 77105 76936 70646 77106 69967 70647 76938 77108 77788 70648 77789 77109 75578 76939 75580 76940 70651 77111 74901 74902 74903 74904 74905 77115 77116 74907 77117 76948 74908 74909 77119 76950 74910 74911 77802 76953 77803 75423 76955 77807 77808 69649 77809 76960 75090 76962 75092 76966 74928 74929 74930 76800 74931 74932 76973 74933 74934 75104 75105 77485 74766 76977 74939 76979 76982 76983 76984 76985 75456 76987 76988 75628 75458 75459 76992 75122 75462 76823 75463 76994 75124 75464 76824 75465 75126 76826 76827 75127 75467 75468 76828 75469 77680 75131 75471 75472 75473 75645 75136 76836 75647 75137 76837 75478 76839 75480 75141 75482 75483 77014 75144 76844 75484 77525 76845 76846 77527 77019 77529 77530 75490 75492 76853 77193 75496 76857 75158 75498 75159 75160 75161 75501 77032 75162 75502 75503 77034 75164
hp 174
t 2981 2985 313 2925
hp 65
t 899 710 796 797 924 287 20912 945 946 927 20839 633 507 28174 869 870 28176 20888 871 28178 256 28222 916 28223 20893
hp 105
t 79332 79333 79334 79335 79336 79337 79507 79338 79339 79341 79171 79343 79513 79346 79517 79518 60393 79264 79520 79522 79525 79185 79526 79528 79189 79190 79445 79191 79871 78938 79533 79283 79539 79455 79032 79202 79289 81671 79296 79637 78957 79298 79299 79300 79301 79048 79474 79475 79306 79307 79478 79311 79312 79227 79313 79059 78974 79314 79060 79315 79655 78210 79316 79317 79318 79319 79489 79660 79320 79575 79322 78388 79323 79069 79324 79071 79326
hp 171
t 27993 27994 44144 44230 44232 42872 42873 28253 28339 28254 44149 44235 42875 28255 44239 44243 28264 28096 28100 28273 28103 28274 28020 28106 28277 28107 28279 994 28112 28117 28288 28289 28290 28120 42912 28292 42913 28293 28123 28294 44443 42915 28295 42917 42918 28298 44195 28301 44111 42923 28303 42926 44286 28141 28312 28142 28143 28315 28317 28318 28319 42854 28325 44135 28328 28329
hp 106
t 79798 79714 79756 79715 79630 79799 79800 79631 79716 79717 79801 76740 79718 80398 79796 79803 80568 79720 80401 80571 79723 79765 79797 79725 79726 79727 80408 79729 79731 79774 76677 80418 80462 80633 79700 79784 80423 80550 79616 79617 79618 76728 80427 76645 79620 79621 79792 80472 80388 79793 76649 79708 79794 79710 79795 79712 79713
hp 254
t 41080 41081 65307 62928 41083 40998 63098 41078 42614 41084 41086 41087 41003 65314 42704 42694 61492 42708 65319 42710 42711 65322 64811 42712 61497 42713 65324 65325 42715 65327 42719 63038 42724 42725 63211 41028 41029 41030 41116 42732 41032 42393 41373 41033 42734 61519 41120 42395 41035 41121 42736 41037 42738 41124 41039 64839 42740 41040 42741 65352 41042 42742 64844 62636 63146 42747 42580 42413 65533 65473 65280 41055 65281 42501 41992 62563 65285 65286 65287 65290 62825 65292 65464 65295 65296 65467 42689 41076 40992 41077 65303 40994 42695 65305
hp 234
t 65905
hp 264
t 77886 78736 65136 78737 78228 78058 78229 79418 65140 78231 78740 78742 78233 64803 78063 78744 65145 78236 65317 78237 78747 78238 78239 78069 79601 77901 79603 65493 78246 78248 78249 78250 59550 78251 78592 59553 59554 59556 59557 78597 78598 78599 59559 78769 59561 59562 77922 78604 78264 65005 78605 59567 65520 65013 59573 65525 65016 65017 78617 78618 78619 78280 65021 65027 59587 78630 78631 78293 78635 59595 78636 59597 62658 65045 65046 78646 64876 65047 65048 59608 65049 59779 65050 59611 60121 65223 60123 65228 65229 59620 78320 78152 78153 65064 78324 78154 78325 78327 59630 59631 78331 65241 78332 78161 59462 78162 64732 78163 78334 64734 78164 64737 64739 64744 64745 77843 41975 77845 78696 78530 79383 77853 77854 78194 59834 78195 77855 65109 78199 65111 65112 65113 78033 65114 78204 78205 78206 78207 59507 78720 78044 59514 59515 78216 78047 77877 78218 78049 77879 78730 65133 78052 65132 59522 78053 65134 78224 78225
hp 331
t 46946 45758 46949 46950 46952 46953 30464 46955 46957 46960 30641 46962 48322 27584 46965 46966 24697 46971 27591 46972 30485 26239 27601 30491 27602 47623 30493 27604 30494 27605 27606 27607 27608 30161 27612 47672 46992 27613 46993 47625 27614 47674 27615 46996 46997 27617 30167 30508 27620 47000 47001 27621 27623 30173 47004 27624 30514 27625 30175 27626 48366 27456 47007 27457 27628 27629 27462 47013 27634 47014 27464 47015 47016 27636 27466 47017 27637 47018 27638 27639 27469 47020 27471 27642 47022 47024 27644 47025 27645 47026 27646 27476 47027 27647 47028 27485 46870 45513 46365 47049 27500 30561 45523 26317 49099 46380 45530 31251 45703 45704 30574 24965 45536 27516 45708 25650 26333 48263 45715 26335 48437 27527 45549 49120 45551 46912 48443 27533 47764 49126 24647 49128 47089 46586 46589 48291 47103 46935 26367 26027 26197 46941 47621 47622 46943 26714 46944 46945
hp 216
t 59176
hp 80
t 49838 46610 31140 47121 31142 31144 49504 49164 47464 49165 49505 49506 49508 66679 31488 47812 49683 31493 31494 30814 47135 30307 50027 47818 49519 47820 31671 47481 30823 47824 47996 30996 47826 50206 49698 30828 30829 30830 31511 50212 31174 28794 28795 50217 50219 49710 66371 73173 31186 31188 48019 30851 31197 31028 47858 66389 49731 50412 47522 49733 49734 66397 73199 49740 31210 50424 30874 47540 49412 50095 49755 49758 30888 31229 66080 49589 47549 30890 31231 49591 49423 47893 49593 73224 49595 47895 46706 30896 31577 47731 30221 50112 73403 50114 47224 50116 49776 66437 50118 28868 66439 49948 47909 31080 47910 50121 66441 49781 31081 66442 28871 47915 50128 31088 49449 31599 49450 50130 50132 50133 31094 30756 49797 31607 30248 31101 50143 30763 30764 46744 30765 49807 47937 47938 31453 47945 73278 47609 47611 49822 47952 47444 48125 31125 66316 31127 49827 66317 66488 31467 66318 47452 31132 66494 47964
hp 273
t 49336 49251 49422 49337 49592 49167 49249 49250 49421
