ap 0
hp 368
 61183
ap 1
hp 369
 53048
ap 2
hp 90
t 23289 23291 59182 59991 59864 59950 59313 59760 81690 59250 59315 59188 60103 60549 59913 60148 59150 60511 60150 60001 59003 60618 61405 60407 59940 59324 59941 60112 59050 59985 22416
ap 3
hp 37
t 73758 75565 75480 75332 74803 77587 73869 74167 75591 75296 75487 73768 53370 75491 80443 81166 77086 81019 75282 75261 75326 79109 76560
ap 4
hp 370

ap 5
hp 83
t 44137
ap 6
hp 371
 20472
ap 7
hp 372
 20158
ap 8
hp 38
t 46834 46665 130 8631 46074 32006 45097 31242 45056 30777 46928 48162 46888 29973 48333 29974 30612 45063 48210 49613 46893 30743 45746 45833 31894 46939 48215 45240 30623 46691 47161 30971 32588 66083 47510 46916 30851 46492
hp 43
t 47726 46409 31279 46878 66003 45859 47644 46965 48241 45819 47051 31241 46584 46967 48328 45439 46673 26784 49777 47143 30655 47488 50210 47490 66402 31553 30745 66873 31300 46431 65980 26201 69466 8779 46774 45627 50219 30712 32201 48988 48181 49796 27443 48056 24979 46698 48229 45084 48016 31146 30764
hp 36
t 46663 46918 46579 46367 31153 30727 45137 46838 46370 47008 46923 46414 30561 46882 31922 46372 31924 46969 45059 31799 46929 31842 46971 49012 46761 46336 31249 46974 31292 48335 30995 48253 31040 46894 46895 31256 46897 47705 45114 46517 48175 31303 47499 47160 47501 31271 49758 48144 46912 30592 46913 46872 47511 30766
ap 9
hp 59
t 10028 9689 29240 16322 32643 10034 10203 29924 29923 11396 16326 11397 9527 32648 32649 10210 11402 9702 9515 10215 11575 9536 9876 9346 10728 9709 9880 11411 9711 9541 11072 16174 10904 10224 11077 10057 9547 9887 9888 15840 10230 15841 10232 9893 11253 8873 9553 9554 16184 9555 9895 17713 9556 10238 9592 16361 16192 4973 9563 9397 9737 16200 9403 9404 8385 8387 8388 9408 8218 11449 9410 9074 9924 30325 8228 8568 10099 9930 8230 8573 8238 8411 8417 8419 8420 9780 9782 11313 11145 9786 11656 9787 11151 11663 8268 8269 9632 11163 9633 9975 9807 9808 16273 8625 12196 32766 29367 11524 9825 8637 8639 30400 9831 11534 9664 10005 30067 11538 8819 11709 9670 10181 11711 9672 8483 10013 10014 9505 10185 9846 9507 11547 8658 9678 29739 8490 9680 11551 9851 29911 10193 29913 9343 10195 29915 9685 10706 9857 9687
hp 55
t 48362 31022 49724 48198 47434 32134 46925 46927 30778 47013 31714 47014 48209 46934 30615 31721 46936 47021 47022 31042 32489 31046 31558 31983 48134 48220 31561 31563 49668 31479 31988 48566 31481 31737 48228 31144 48570 31060 31061 48232 31233 48573 29873 49763 49849 31660 49766 46961 48237 46962 49601 49772 31243 48244 48245 48160 48330 48332 48163 48248 48249 48250 48254 46384 30999 31259 30494 47157 49795 31690 30671 48352 46398 31013 31526 31787
ap 10
hp 95
t 42922 4251 5441 4254 44714 5444 4852 4853 44634 21089 27974 44721 7576 5878 44129 44554 44810 4690 5880 21267 44557 5883 44135 8095 44731 5291 4101 21443 44649 21444 44395 4360 44310 21446 44143 4194 27909 44400 15415 44655 19921 4111 21452 21453 21370 21455 4201 4372 21372 20182 4841 44749 20099 44750 21375 42965 4207 4123 6675 4805 4126 44927 3449 4809 27931 4727 20623 21473 4134 28020 4817 656 44685 5076 44686 4141 4142 21313 659 5418 21314 44688 21316 4146 4828 4234 4829 21320 21501 4405 5088 4835 44446 5176 4242 21328 44448 4414 8154 44704 44705 4840 44706 20821
ap 11
hp 149
t 48654 26217 48643
hp 157
t 8518 1976 2657 1500 1905 1600 2716 1951 1972
hp 155
t 1699 3059 2720 1360 25672 2552 1536 25506 1537 1708 2559 2051 2733 25173 2735 24838 2060 25522 48133 24843 1554 1556 1561 2412 48652 25024 2928 25028 2590 25030 24860 24861 2422 25373 25203 48663 25543 25204 2596 25376 25377 8888 25039 25550 48670 1581 2262 2942 25212 1583 25382 1585 25047 25217 9068 25048 25219 48679 232 25221 25053 2953 25054 235 25225 9076 25056 1597 25058 25228 25059 26080 25400 2450 32370 25231 2453 25064 9087 25067 25237 25238 25069 25410 25071 25242 25583 25243 2466 87 2639 2302 25252 2984 2986 2987 2988 25428 2652 25262 104 24924 1639 24929 3000 48560 24930 24932 24933 2155 2156 2157 24937 2158 2838 2159 24939 2330 24940 25281 25282 9133 1482 1654 26304 8965 1486 32258 2509 25461 8632 2343 2512 8975 2346 2689 2520 25471 2352 2355 2358 32448 1510 2701 2361 3041 3042 2531 32283 26334 3045 3046 2367 158 3048 2877 32458 3051 2712 1352 2034 48784 3055 25497
hp 153
t 24756 26243 25288 48154 2721 24802 2087 24974 25442 2471 24786 24659 25446 2049 8809 25384 26128 26449 24580 2140
ap 12
hp 134
t 40745 17795 56637 37608 18006
ap 13
hp 373
 8127
ap 14
hp 374
 61374
ap 15
hp 50
t 74970 53809 53556 77186 53472 12491 77444 53899 77274 34946 53901 53562 55266 53566 77284 53399 53995 54845 54165 17191 32833 76863 53574 77800 77375 33006 54512 54566 54939 53409 53580 70497 77552 55283 54264 53670 54945 16866 53756 53672 35822 54778 77559 53931 54187 53424 53425 12541 54361 77566 53597 54106 54107 14498 54278 53681 53512 77740 54535 54282 53943 56069 53520 54626 54116 77496 74946 77503 54980 54555 53451 54472 53538 77085 54138 54651 53546
hp 52
t 76838 53379 76330 76840 76841 70637 77267 53382 52193 70298 76843 71490 70641 70302 71152 36643 51518 69708 75149 36645 75150 69882 76343 69713 53564 71159 69714 71160 70312 77537 75668 77028 77029 74989 77031 53401 35298 69723 77544 75250 53406 70322 76358 71005 75595 70326 76361 77128 77383 54178 75258 69819 77554 77555 77046 76368 16869 75520 54016 35487 76288 71954 70254 53509 70595 12542 76888 70345 76466 76296 77402 76382 75703 76298 34989 76215 76386 53521 75707 77493 70608 53014 69844 76816 70272 67807 70103 73591 70107 70959 70109 76909 76485 70025 70281 35261 29823 76489 70539 71051 76491 69947 70037 70034 75729 71224 70036 33486 70121
hp 56
t 46587 31972 46933 47104 31979 31132 31984 30625 30286 31306 46946 48307 31647 31648 46948 49669 31989 31649 48480 31482 30632 31995 31657 46958 31999 29790 46960 29791 29960 29961 31492 48321 48322 30640 30641 30642 32174 29962 48324 48155 31156 30476 48326 30477 47649 48329 30650 48331 29971 30652 30483 30653 30654 48336 46915 48338 49699 30490 48172 30493 31513 48343 30665 48346 48347 32028 31689 48349 31691 32202 30503 30163 31693 31527 30170 48363 30007 31198 48199 47010 30011 29842 48372 31712 31206 30699 46851 31552 30025 31217 31560 47030 29862 30713 31738 47720 31741 47041 47722 46875 29876 31236 29877 29878 48239 30389 31240 29881 48242 31244 29884 30565 48246 31251 48252 31422 48255 31257 46388 46389 29900 31604 30074 31946 31266 31606 47079 47080 31953 31954 30594 31614 31615
ap 16
hp 89
t 28208 44423 46198 26106 21420 21400 44095 44604 27648 44614 44786 27841 27662 48976 26569
ap 17
hp 375
 65535
ap 18
hp 40
t 31044 9582 46898 47153 29982 47706 31833 32471 47495 50427 46880 31155 31727 47581 31134 46885 46864 30171 46886 46354 30885 31566 46909 31716 30697 46827 46871 27556 31127 30809
hp 51
t 52868 9858 52698 16149 10031 29413 52704 36218 50838 30099 10209 9700 52709 16332 53223 52372 52715 52888 52718 10049 52719 10390 29259 28920 52891 36403 11074 10905 36580 10061 12781 11251 53245 10067 9897 13129 29110 16871 29112 9903 28774 9905 36088 10079 28779 15859 36777 10428 35930 14001 12644 29135 9925 52769 13500 53122 10962 10623 16234 8416 16236 53126 36639 28823 28825 9785 14035 53136 16247 36477 9788 28829 11661 36482 35973 52805 33937 11161 36491 35982 36152 52472 11164 29864 10824 52474 9634 28845 52814 28676 36667 36331 9981 36332 36672 28682 29024 11175 16276 53166 8288 10840 29200 29201 53001 11182 11183 36513 53005 10507 53008 53010 33295 50297 33978 17830 30241 17151 12902 11202 9843 9844 52854 9845 9848 30080 52863 29234
hp 63
t 77328 54996 53254 77543 53532 53979 53660 53874 54172 54983 54197 34968 13189 56475 77598 53715 53545 54056 53780
ap 19
hp 376
 57078
ap 20
hp 377
 57343
ap 21
hp 378
 28607
ap 22
hp 379
 73702
ap 23
hp 380
 60664
ap 24
hp 58
t 75139 22355 70380 75653 76848 69796 69799 70479 77367 77623 74904 53997 75078 53659 75079 77629 75424 75339 77041 76871 74831 75427 69906 70758 75349 71186 73567 75353 70425 69748 74084 54450 75701 70092 75195 76984 73839 77072 53527 76308 74865 76482 71383 75378 76313 70618 77758 75549 53620 76826 75126 75127 71047 77678 74278 75470 76830 70881 72496 69862 77344 74539 53716 53377
hp 42
t 34168 34255 76374 70297 69787 75822 71827 54191 77440 70259 75997 70177 77020 75575 76850 76468 74938 77490 76497 54159 77535 75836 53567 76304 77240 75244 77199 76222 71207 54210 76865 14689 75125 76911 75085 77337 77295 77467 53542 75260 76026 74795 80109 34167
hp 65
t 10283 54186 36593 36467 77417 15027 50430 12548 53092 11295 53224 36607 13891 53034 75218 11003 52993 52887 52994
ap 25
hp 97
t 21248 21335 21336 21251 44456 44116 5102 4679 44039 44720 42935 21346 44467 44722 4858 21264 27979 44471 5881 44132 43793 44643 21357 21273 4274 44734 43544 21360 4361 21447 27912 4370 27151 4371 4374 4119 45007 4124 43567 44675 20790 20621 43571 20793 4984 44340 44341 44682 44343 27004 21310 42816 44517 5078 44348 44860 4232 21490 4406 21322 44699 27107 44702 21413 45810 27111
ap 26
hp 92
t 59329 60522 16409 60952 58063 61378 59253 61209 18625 24067 18712 61383 61214 61216 61218 59350 37165 19316 24077 18127 18722 38527 61308 37763 59354 18639 60544 24079 37168 58676 61311 60546 18897 37172 19238 61228 58679 37768 19240 58595 38450 19241 37175 58682 59363 37178 58684 19415 37862 37863 18738 57928 60904 37870 38211 37787 60993 57934 58529 18921 60998 18073 61253 40429 61254 61000 61255 6515 18757 61259 61345 18080 18931 37972 61433 61263 61009 36955 61265 61266 61437 61012 61184 19449 37131 18771 37983 18943 18773 38495 18691 18861 18776 16656 16657
ap 27
hp 39
t 55630 56268 74458 74418 74801 74420 55720 55679 74337 56063 56190 55596 74467 55598 54663 74426 54920 74810 74344 54883 54884 55316 55656 53362 55871 74998 74238 74493 55581 39476 55670 74201 55883 56181 55587
hp 60
t 54334 14065 56183 54611 54739 56439 55910 74399 55063 74275 56087 54898 54835 74473 74347 55010 54969 54820 74244
hp 47
t 74330 74398 54636 55678 54701 74315 55573 74464 55595 74189 74428 74470 54793 54284 77704 54796 74176 56139
ap 28
hp 85
t 22778 60009 41819 41820 41821 22441 41823 60184 60185 41826 78547 41831 22792 41492 59683 60364 41834 60365 65296 78556 22970 78730 22800 60031 22801 58672 22632 22605 22803 22804 78224 41845 60206 41338 64800 22640 22641 22811 78742 22814 22986 22646 22648 41689 65490 65491 59541 22652 60226 59038 62610 59550 78591 78592 78425 78595 78426 64995 22836 78427 78086 22837 22158 22329 59899 59559 64999 22840 22671 78432 22672 22673 78433 57523 22674 78434 78604 22675 41884 22845 59904 59905 22846 23016 60244 59907 59566 22676 22677 22679 59909 60249 59910 41890 60251 78611 60252 22683 78273 22684 59914 78445 59574 59915 60255 22685 22686 78447 22687 41728 59408 41898 62638 65358 41559 22859 41899 65528 41731 41733 22693 41734 78284 65535 22696 59926 78797 22697 22698 59928 78799 22529 22700 22531 60102 65031 41572 41743 58404 22706 60276 60277 65038 22709 22688 60279 60280 22540 22541 59601 22712 22713 60284 41755 60115 41925 59604 22715 59096 22717 64878 60118 59608 57739 22718 59098 41760 22719 77970 41931 59951 41251 41424 41934 41425 22725 65225 41937 65057 22557 41938 41430 41601 60132 58601 22561 22733 41605 22906 41437 60138 41610 22572 58443 41444 65246 58447 78337 64908 78338 23258 22750 64911 22411 78341 57601 46041 78342 78788 41454 59986 41798 78348 65260 22931 64922 23271 41972 78523 60331 23272 58972 41462 22594 23445 65265 59655 41466 22596 22768 65269 41469 59319 22769 78360 41980 23281 59735 41982 65102 58642 65274 41815 59325 60176
hp 79
t 41648 58988 59839 23119 78201 42675 41825 41658 58998 41829 61210 41662 65122 61892 42003 41663 43873 22622 41835 41496 65128 65129 22971 41841 65301 42013 65303 58503 59525 42696 41507 22606 41848 78739 65310 58510 23490 41851 65311 41852 78572 64805 57835 41346 41516 60556 23327 65487 42709 64639 42032 42034 42036 59036 42547 42038 22658 22659 22660 59720 42042 22662 39152 42723 23004 41364 78254 59044 59045 59046 59556 23348 22838 78598 23520 23521 23012 22842 78602 23522 22843 23523 23524 41375 41885 23526 59057 41887 23527 41889 22680 64670 22682 64844 42744 23534 65184 78105 42235 78785 62466 41896 78276 78277 65017 41388 78278 23368 59070 60260 41905 65027 64858 59759 41569 60100 57889 41910 59083 22533 59254 41915 78636 78468 41578 41579 78642 60113 64534 41584 41585 22716 60117 41587 41927 59607 41589 78309 22549 41590 42610 59441 41591 57742 41762 37004 65224 41594 41595 41766 78655 65055 41256 64888 60130 59450 65231 59111 22901 41602 78833 41433 22563 60134 41604 22735 41606 65066 41607 64727 41778 58778 78499 41609 41780 41440 41781 41441 41611 22571 41442 41612 41443 41613 41784 41614 41445 41615 22915 22575 43656 58786 41446 58107 41788 41447 41618 58788 41449 58789 41450 41620 22580 41621 41622 41453 41963 22583 41455 58458 41628 39265 41631 78351 41122 41634 22595 41806 41636 65096 59148 79549 41640 64931 78531 41641 41985 64932 23280 58640 41643 22943 41644 41645 78706 41817 42667
hp 81
t 42156 44200 44880 42841 43862 43693 27883 43014 27884 44376 42337 44547 42847 44378 61888 44208 43528 26869 43529 43021 27382 44552 44384 44214 44385 44045 44046 42856 44387 43536 26878 27899 43030 44730 43539 21441 44392 42183 44224 42864 42866 44226 42867 43547 43887 42868 44228 27908 42869 42870 21450 44912 44913 62084 44234 43554 42875 62086 44066 44236 43556 4797 44917 44239 44240 62092 62262 62093 44922 43562 44923 43393 44924 43735 43565 44925 44195 43566 42376 44249 42891 43912 61934 44255 42555 42897 41198 42899 42900 42901 43752 42902 44262 44944 44435 42905 42565 43585 42906 44946 44097 42495 42908 42228 44099 43589 42910 43590 42911 42913 43593 44274 25915 42916 42917 62468 27958 42919 43599 42239 42920 21500 43430 42921 44961 42242 43773 28643 41054 44114 42924 44964 42244 27285 43774 27795 42926 42927 44119 43609 21340 44120 42930 43101 44464 44124 44465 44125 62315 42766 44126 44128 42939 62320 44131 44472 42942 44473 44133 44474 42095 44136 42098 42948 44139 44650 43631 42102 44142 44992 44144 44145 27146 44997 42108 44658 21369 43470 44150 44151 45003 44665 43645 45005 44156 44158 27158 45009 42461 43992 42803 45012 45013 43993 42805 44165 44169 45020 43661 42982 43153 44002 44345 27176 44346 42818 27178 44009 42143 42484 43675 44356 44697 43849 27359 44700 42151 43681 5092 43172 42152 27873 42663 5094 42835 44876 27877
ap 29
hp 48
t 30173 66043 65959 69446 66047 66899 68939 69449 47180 47350 67070 30776 69451 65800 66310 47356 26790 45150 66400 30192 26793 47108 45495 66830 66492 62328 47114 47115 66837 26717 47883 45334 65566 66246 65993 65909 66250 65911 45895 67019 66000 66256 65917 68896 45182 66943 66265 68900 47140 66350 67031 67202 66778 66865 67205 67376 68736 65593 69336 46049 47920 47835 67385 67305 45121 30502 66032 67309 67564 69010 65865 66035 67226 46572 45127 66293 68758 66975 68930 62385 45131
ap 30
hp 64
t 77349 33617 13922 60484 13928 12802 51330 53413 13358 53414 14464 35249 54094 70565 54033 54054 53906 36481 12896
hp 62
t 36505 12409 36334 36552 36424 12455 36638 12456 13095 36555 36429 13905 35070 12461 36644 36432 36603 13738 36350 33377 36437 52673 33826 52716 52802 14553 53016 52676 52804 52890 36657 54679 36446 36661 12399 52817 12400 50395 33311 17034 13890 12402 36671 50398 12448 52951 12406 52909
ap 31
hp 46
t 31920 47646 66305 46548 45358 66013 67162 66992 49696 46892 49910 68908 47489 30616 66956 50424 66491 31557 46560 65601 49876 46902 66282 49837 31392 31903 50179 49839 65565 47163 66757 67313 31317
ap 32
hp 381
 39865
ap 33
hp 382
 20398
ap 34
hp 383
 52475
ap 35
hp 225
t 53462 53636 53976 54658 54998 53639 54659 54660 53640 55000 53641 54661 53642 54662 55002 53643 53644 53304 53645 53305 77785 53646 77701 53987 54327 54328 54668 55008 54329 54669 54330 53651 54671 55011 77711 54678 55020 54681 55022 14646 54852 54683 54513 54858 55031 54695 54782 77733 53848 54699 53258 76808 33204 54794 53351 53266 54881 53692 53268 53694 53695 54972 56248 74948 54719 53446 54297 54979 53789 53368 53373 54903 53799 54905 53632
hp 308
t 55631 55503 58267 74376 56314 39018 55593 74676 58271 74634 58281 38944 81446 55734 39032 58115 38990 81450 58161 74058 74186 39083 58294 58295 58211 74065 39130 55665 58258 56304 55625 58260 55668 55626 74198 55669 58303 58262 55501
hp 292
t 76413 76371 63919 63665 67108 64263 75866 63414 80033 63332 71918 76168 64187 71455 75239 80808 68059 63938 61644 80004 63899 67470 75801 75886 63562 63732 75887 63096 75974 63565 71767 75849 63610 80101 68287 76362 64207 68840 80104 63700 80871 63532 80789
hp 299
t 42838 43180 26860 43181 43013 42845 43525 42846 43186 43187 43189 27380 43190 43191 43362 61891 43192 43023 43022 43193 43363 26874 43195 62235 43537 43542 43545 43546 43718 43723 43553 61914 43386 43557 42877 43048 43729 43730 42880 43052 43733 43053 27074 43564 43055 61924 62096 43396 43737 62097 62098 43738 61588 43740 43062 61932 43403 43743 61933 43404 62104 43064 43405 43065 43746 43406 42896 43407 43067 43066 43748 43749 43410 43751 43584 43756 43586 43591 43762 62124 43594 43765 45974 62126 43767 61789 43770 43093 43775 42756 43608 43271 42765 43105 43106 42936 42767 43616 43618 43278 43449 43112 61814 43968 43991 43152 44004 44005 43156 44006 43157 43159 42309 26842 43162 43163 26673 43164 43166 43167 62209 26679 26852 27022 42834 43176 43006 43177
hp 208
t 50149 50150 31026 49301 30857 49982 49813 30859 50154 49645 49818 50159 49820 31715 49990 49481 49482 49994 30957 49830 30960 49832 31133 50091 49412 49838 73384 49840 31055 30801 47123 31655 49677 50018 49424 49679 49765 30216 30981 47132 50021 49768 31069 49770 49430 49771 49432 50028 49944 49775 49436 49609 31164 49779 49611 49616 47151 30746 31681 47152 31682 49621 31602 49793 49624 31010 49456 31012 50053 49885 49803 49804 47170 50060 30937
hp 297
t 77051 77391 75650 77562 54145 54188 77564 53595 77523 77439 77524 54192 77356 77527 77359 54112 54028 53732 77532 77534 54118 77366 76858 77540 77541 76820 77500 77037 77548 77039 77379 53622 77380 53536 77338 53537 77551 77382 54221 77512 34928 77556 54139 77557 76878
hp 246
t 67573 72250 63920 68256 68257 67918 67408 68259 67412 68263 62993 68264 68179 64355 68266 68267 68862 62997 68268 63593 61469 68269 61554 67505 68099 68270 67420 68271 61641 61642 61558 68529 67509 61559 67510 67424 68275 67425 68445 68361 68193 61648 68108 67514 67429 67515 67430 61565 68110 61651 61566 67431 67432 67263 68113 67433 61654 68200 67435 65568 68120 67952 68207 67442 68208 68038 68295 66850 68465 68807 68810 68385 68045 67452 68218 68814 68729 67540 61675 68137 68818 61509 64399 61594 68225 67206 68821 68056 67207 68227 67377 68822 61682 67211 68061 68233 67213 67043 64493 68829 68830 68236 67216 67386 68067 67984 68240 61695 64415 68835 61611 67647 61529 68074 61530 68160 67906 72243 68249 61535 68250 67485 67740 68252
hp 247
t 35528 33830 17850 33491 35361 33492 33493 17685 35366 18367 17687 34689 33840 33500 34690 18202 17692 34523 33844 33845 32825 17696 50847 17702 34533 33854 33855 33515 17705 17706 17707 34708 34199 17708 33522 33353 35394 33355 33526 35396 33527 34717 35397 35398 35230 33530 15342 33362 33534 33535 35575 17896 34726 6677 35577 34218 35579 34049 34560 34730 17050 34561 34050 34051 34562 34052 34563 18243 34564 34566 34227 34228 18248 18419 35251 35421 34573 18423 35424 35425 34236 34576 18426 6697 18257 34746 18258 34748 34239 18428 35429 18260 34580 14690 34581 51921 35428 34582 14691 34583 6023 51753 34584 6024 6706 35436 34587 33396 33397 6707 18267 35438 6709 18269 34080 34591 18271 34592 34593 33404 51935 6035 33405 34596 34086 34597 33406 33407 18278 34598 18280 34602 18283 34603 34093 34605 34612 51954 35464 35636 51956 35466 51958 34621 51791 18302 35302 34623 51963 51964 34626 34630 34290 34292 18313 14743 34634 34295 34805 18996 34806 34297 17126 14747 34298 34130 19001 34303 19004 18325 19007 34138 34649 34139 34651 33802 34142 18333 34143 34144 35335 34145 34656 34657 33467 34658 14768 14769 34149 35509 35341 35342 35512 33472 34152 35513 34663 18344 34154 35514 35515 34666 17666 33477 35518 34669 34670 33480 33481 18353 18354 36035 51845 34166
hp 283
t 34465 35485 5991 34509 34552 33136 34426 33145 34472 33155 33836 32816 33454 34433 34476 34179 34477 34436 35287 34437 34438 34609 33801 34610 32797 34441 34230 34293 35296 33171 34488 34447 33513 32834 51789 34535 14519 18346 34453 35644 32839 33179 34709 33009 34455 34286 33181 34456 35307 33096 51925 34457 33523 34458 33184 14699 34377 35483 34506 34464
hp 332
t 45218 69019 45220 66898 69448 66983 45308 45226 67582 66564 66734 45229 69540 69370 45231 68864 66739 66570 69547 69549 66999 66661 66662 69049 68966 66671 66927 67267 67268 66928 45168 68969 67270 68885 66932 68887 69568 69569 46024 68890 66085 67276 69571 45177 68892 66598 68893 69574 67450 69490 69576 66941 69577 69492 69579 68901 69582 66608 45189 69584 66949 62359 69501 65592 66697 69588 66953 68993 69589 69503 66699 69590 67294 66954 69505 67296 67297 69507 46642 68913 69593 69594 66960 69595 68915 45372 68918 66965 69603 68923 66713 69606 69607 45217 69608 66721
hp 217
t 50402 49723 50403 28899 52701 28902 28818 28820 28735 53130 28821 50411 50412 53132 50244 28824 53137 53139 53141 53142 30108 53143 50255 50425 53146 29775 53152 29608 29779 29184 29609 28674 28846 29271 49672 28848 49673 28849 52396 49847 28852 13214 28855 53165 49680 52996 28941 50361 53084 29456 53171 53172 53173 50368 53088 53174 29375 50370 53090 29207 53093 53179 49694 29210 29295 53013 53183 29392 29393 49879 11206 52773 28720 49886 30252 50397 28897 28727
hp 248
t 68339 63240 64261 63241 63922 63243 64267 63248 64269 63249 63250 63591 63251 63252 63253 63254 63935 63255 61556 63256 63257 63258 63259 63939 63260 63261 63262 63263 64284 63946 63268 62928 62929 63269 63950 62930 63271 63272 67692 63273 62933 63274 63275 62935 64296 63276 67696 68036 63277 62937 63278 62938 64299 63279 63280 62940 62941 63281 62942 63282 63283 62943 63284 64305 63285 63626 64306 63286 63287 63967 62948 64309 68389 63289 63290 64311 63291 62952 63292 64313 62953 63293 64314 63294 64315 62955 63295 62956 63298 63299 62959 62960 63300 62961 62962 63982 63302 62963 63984 62964 63304 63645 62965 63305 62966 63306 63987 63989 63991 63311 62971 63312 62973 62975 63316 63996 63317 63318 62978 62979 63320 64341 64001 63322 64343 63663 63323 64344 64005 63329 64350 64356 68096 64016 67418 61640 63000 63341 63342 63002 64024 63007 63008 61649 64369 63009 67769 61652 64372 68112 61653 80013 67773 64375 68115 64377 68117 63018 63359 63361 68121 68123 63364 63028 63029 63369 63030 64052 63033 63375 64057 63040 64062 63043 67466 63389 68149 61690 68150 63391 63054 64075 68157 68159 64079 63059 63401 80743 68163 63064 63745 68165 63065 63066 63067 64089 63069 63070 63410 80752 63412 80754 63755 64097 63417 63419 63079 63761 80762 64443 63423 63084 63766 63086 63767 64448 64108 63088 80769 63089 63770 63090 63091 63092 63093 63094 64455 63099 68199 64460 63780 64120 63442 80783 64123 64464 63785 80785 63445 63447 64129 80790 63110 64471 64131 63452 64132 64134 63114 63454 80795 64475 64135 63116 80797 63117 64138 80799 64140 64484 64144 64145 64146 64147 64148 64149 64150 80811 64151 63473 64153 64494 64154 64156 63136 64157 64158 64160 64161 64162 64163 64164 63144 63485 64165 64166 64167 63828 64168 63829 64169 64170 67911 80832 64172 64173 80835 63500 64180 80841 64181 80843 63164 80846 67586 80847 64190 64191 80853 80856 67596 64196 80857 80859 63864 63866 64206 67608 80870 67610 65572 63876 67624 64224 67625 64226 63236 67627 67968 63890 67631 63892 67972 63893 67633 63894 63895 63898 67978 67638 67639 63900 63901 67982 68322 64242 63903 61523 67983 63904 63905 68325 63906 68326 63907 68327 63908 64256 63909 68329 64249 63910 63911 64251 63232 63233 64257 63914 63235 63916 63917
hp 232
t 55673 54738 56269 39014 55675 54571 55591 55081 55677 58227 56188 54743 55083 56274 74379 56189 54830 56191 54831 74127 55938 54919 55854 55175 54921 55092 74388 74389 55094 55948 55098 54765 55787 56128 54768 54686 54941 38792 54943 56306 54606 56136 55882 56137 56308 55714 56309 58265 58266 55888 56144 56145 55976 55721 56146 56317 55891 56147 56318 56148 55979 55894 56149 54789 55045 56150 74425 55046 56151 55047 56067 56152 56153 55984 56154 55985 55050 54795 56155 55900 55051 55052 55902 55817 55308 55138 55989 55054 55990 55056 55991 56162 55993 74182 55738 74354 55994 56164 55995 58288 55231 55912 58292 55913 54894 38914 74105 58126 55067 56172 56173 56174 55835 56091 39007 58302 54735
hp 319
t 14702 34508 14704 34341 34512 34513 34428 14623 34514 34429 34516 18196 32817 33412 14544 32819 18284 14545 33585 53816 53818 33250 34525 19055 33593 57223 34358 18209 35719 33170 33680 33596 18976 14473 14729 35725 34537 33432 14732 34539 33094 33689 14480 14567 14398 14653 33524 34118 14654 33185 33099 33186 17036 33187 33272 33698 34380 33191 32936 14406 33532 32937 33449 14411 34471 32857 33112 18323 33114 33034 33715 14592 32867 33208 14594 33125 18420 14596 33127 14598 33213 6694 32789 56844 33724 33809 34237 14772 18427 14603 14773 14688 33219 14604 14433 33814 14605 14606 14521 33221 18261 14776 33476 14778 14693 18264 14524 18179 33139 34502 33568 18268 33483 14614 34504 33399 18356 33231 33146 33572
hp 84
t 57458 65278 57459 60183 58145 57466 60186 41830 57810 57471 60191 41832 22793 22794 60194 41839 59519 57482 59522 58504 57489 57492 57833 59536 79599 65323 61244 59545 60225 57507 60227 78593 59554 39834 57855 78597 41879 78599 57520 57521 58881 58883 22844 60246 78607 22847 59567 59573 57534 78616 78619 57540 81680 78282 58903 58905 58906 41907 59587 22528 57888 58909 59591 58911 57552 78632 22534 59595 22536 22537 78637 22878 58919 22542 58923 22545 41926 78646 22547 22889 58929 22550 59610 58931 58933 78653 78654 59615 57576 65056 57578 78658 57579 81720 77983 59624 59628 59629 39911 57935 22918 58618 78679 22920 59640 78682 22922 22923 78684 23264 22925 78685 22585 78687 22928 22588 57609 22929 78690 22930 59653 65093 78694 78696 57617 57618 65098 22599 78699 65100 57960 65101 41981 58981 78703 78704 81765 22607 78707 58989 58990 78711 81772 58992 81773 78713 78715 78716 22621 22964 59685 78728 57650 22972 57652 22973 22633 22974 58334 22634 22975 22635 58335 78737 58677 57660 78741 78744 58005 78746 78747 22647 59027 22649 58011 64814 57675 57680 59041 22663 78083 59043 22664 58704 22665 22666 78767 22668 57689 57693 58036 58717 57698 57699 23021 81842 58042 78102 59743 57363 78104 78107 58388 58050 59073 78793 58734 59074 57374 23374 59416 64859 22704 58744 22705 59086 59766 78126 22707 58410 58751 41411 22711 57732 58753 59093 39033 22714 59094 58754 36996 59097 65217 65218 59099 58419 57740 58420 65221 58081 65222 78144 58765 58426 57406 58767 59107 59108 58429 22732 65233 57754 65235 55375 78496 65236 59117 57758 59118 65239 59460 58780 58785 41786 65247 58449 58791 58794 59476 58796 57437 59477 58797 59478 59479 57439 58799 60166 57449 60171 65271 57451 65273 59833 60514 65277
hp 338
t 52696 36718 52529 50319 53039 52531 50492 52702 33322 36553 53043 49303 33324 53218 52708 53220 52710 53221 52881 53222 52713 52714 52885 53225 13276 53227 53058 52889 52720 35892 53232 53234 50344 52725 52727 52898 50348 53068 50349 52900 53241 52901 52732 52735 33867 52908 33870 52233 52917 36427 36433 13825 52928 52935 36788 36448 52600 52601 49201 52602 36633 36634 50917 50920 35966 36647 13872 36652 36655 36318 12518 52640 52641 52643 52815 52646 52989 53205 52483 49594 50275 52997 52659 50280 50451 52831 50289 52672 53012 50803 52674 53015 52675 36696 52677 36716 52508 53020 52510 53022 52512 53023 52513 52684 52514 53026 52516 50307 33816 52517 52688 53029 36710 50820 36711 53031 52520 53032 52525 50312 52860 52693 52695 36714 53204 36715 52865 53036 52866 36717 52867
hp 100
t 77689 77690 75310 77693 75483 77694 77695 74890 77697 77698 77784 53988 77703 74983 55009 79152 53486 77713 74994 75335 77715 77716 74316 73806 77717 75168 74828 74999 75169 75000 74829 74830 75001 79760 74914 75002 77722 75172 75003 77636 78998 77638 74834 75005 75176 75007 77643 79770 74926 77648 74759 77734 77650 74930 77651 77652 53343 77058 77654 75105 77805 77656 77657 74939 77660 77661 53354 77069 77070 75456 77752 77753 53444 77756 75122 77757 74272 75463 79798 53364 77759 75464 77674 74785 53365 53366 53281 74787 77762 53367 74788 77763 75468 80569 75299 77765 77680 79635 75386 77766 75132 74962 77682 75134 74964 53375 77771
hp 226
t 78878 78538 79219 78199 78539 78880 78881 78882 79222 78883 78884 78886 79226 78208 78889 78209 78210 78551 78892 78212 78383 78213 79063 79573 78214 81785 78215 78555 60366 78896 78216 79067 78897 78217 77876 78898 78218 81278 78219 77879 78900 78560 77880 78901 78902 78223 78903 81794 78563 78564 78225 79585 78566 78226 78906 78227 78907 78567 78908 79247 79248 78909 78569 78910 78570 79761 78911 78571 78913 78404 78573 79254 81805 78915 78235 81806 78575 79255 79597 79598 78239 78580 79091 79263 78583 79603 78924 79604 79435 79605 78587 79608 78419 78589 81309 79440 79102 78932 81823 79103 79272 78255 81826 79615 79449 78600 79451 81831 79112 79792 79282 79115 78945 79287 79458 78269 78951 78272 79293 78444 79295 79296 77939 81001 79474 78455 79305 78456 81860 78461 81691 60272 78974 78640 79321 81192 79663 79154 79494 78985 60285 79838 81881 79507 80531 79684 79005 79006 79007 81728 81729 81220 79520 81901 79522 79012 81903 79525 79186 78846 77826 79017 79868 78510 81060 79191 78851 79871 78852 79023 78854 79705 79196 79197 79027 79199 78860 77840 81242 77843 77844 77847 81757 78868 78358 78529 59658 77849 79551 78872 79723 78534 79554 78874 79385 78876 79726
hp 219
t 33063 33575 32895 32896 32812 57122 32813 32902 14373 33584 57129 14463 33760 33080 33761 32998 14555 32830 33256 54421 33259 53914 32920 33771 56806 33092 32923 56810 15331 32927 54517 32843 33100 14655 56988 14488 40498 33104 53760 33276 32853 32768 32939 33108 53766 32858 32774 33029 32775 32861 33202 33117 32778 32779 33119 32952 33037 32783 32954 14509 32872 33128 33554 32874 33130 34321 32876 32790 33726 33048 33134 33051 35774 57111 14529 32890
hp 255
t 36123 70294 51510 70211 36637 36042 70299 51515 51432 51607 34862 51693 51609 51610 36650 52206 51612 71502 51613 36653 51614 51615 70485 51616 35470 70325 51628 51630 51545 70333 51549 51464 70251 51551 70252 34468 51643 36261 51561 34901 51562 51476 36264 52584 51565 51906 51652 51907 34822 51654 51655 34826 36272 70275 36107 70278 34578 51835 70283 36198 51414 36201 36032 70457 51506
hp 269
t 72162 72843 72845 71529 73102 73698 73018 73699 72848 70937 70811 71492 71493 73578 71499 71500 72989 73712 70950 71674 70824 71675 70827 73676 71126 70364 71511 73382 75890 70918 72961 71771 72962 73557 71604 75813 71521 71652
hp 318
t 79218 64515 79475 77862 79563 78034 78630 78885 78549 79401 78976 78893 80343 64110 79240 64536 78561 78562 78056 77886 78057 78143 78228 79249 78231 79425 79514 64724 80706 79517 78585 77855 78249 78250 79528 79189 79445 78000 78001 77916 79447 80382 77833 79363 78003 64064 77919 78856 79706 79198 78008 79369 78264 78861 77841 77842 79032 77845 79205 78270 77930 79210 78870 79553 78877 79383 79469 79215 78025 77856 80661
hp 160
t 48243 48565 48236 46192 48227 48142 48212
hp 175
t 31978 29812 31491 29813 31980 30515 29856 31981 29874 29815 31982 31495 30510 46917 29818 30201 29819 29875 29800 30226 29801 30591 31975 30574 29809 29810 49913 29811
hp 307
t 81002 81004 81005 81340 81856 79221 81857 81177 81262 81178 81858 81776 81351 81862 78972 81778 81865 81866 81867 78980 81872 81277 81876 81791 81196 81878 81028 81879 81880 81200 81201 81882 81202 81883 81203 78993 81884 81887 79002 81893 81298 81895 81215 79260 78920 81556 79856 81897 81898 81218 79008 81899 81219 79095 79010 81818 79013 81819 78930 81821 81566 81567 78422 81739 81828 81744 81575 81745 81916 81067 81918 81833 81238 80898 81834 81749 80900 80901 81241 79031 81243 81158 81073 81328 80904 81329 80906 81332 81163 80908 81333 80909 81334 81165 80910 81335 80995 78955 80996 79127 81167 81080 81508 80911 81251 81081 81083 78959 81170 78960
hp 320
t 78368 79051 78374 81265 78376 81777 81267 79058 81269 81780 79060 59680 81781 78381 79061 81782 81783 79064 79065 81787 79068 81788 81789 81279 81790 79070 79071 78221 81792 77881 81793 78394 79244 81796 79077 81797 79079 79082 81802 78403 59873 79084 78914 79085 79086 81807 79087 79089 81809 60219 78922 60224 78415 81816 78926 59719 81820 60230 78931 60231 81824 78934 60234 60408 81829 81830 60240 60241 81152 78942 60243 81323 81154 81835 78436 81836 81837 78437 81838 81839 81841 81843 57538 81173 81855 59755 81176 59758 81349 81864 81694 81355 81188 81361 60282 81873 78983 81874 81704 81875 81364 81365 81705 81366 60287 81367 78988 79159 78989 57571 78991 79162 60293 81885 60295 78996 58936 81889 81890 81892 81212 81894 79004 81900 81730 81561 81221 81731 81732 81392 81223 81394 79016 81736 81568 81908 79018 81738 81398 78339 81228 81574 79024 81235 81917 81747 78347 79028 81919 78349 78350 81581 81751 59652 81244 78865 79039 81760 79040 79041 81252 79042 79043 81254 79044 79045 79046
hp 328
t 33490 34765 17680 34085 34766 34087 35364 33495 16835 35368 34604 34094 34095 35370 34691 33503 34185 15316 35972 35377 15317 51783 17698 35381 33852 33938 33853 34194 36154 34625 34115 35390 51966 51967 18222 34712 34629 34631 34206 34716 34802 35993 33529 17209 34296 34637 34807 34722 33533 35402 33365 34216 36003 34135 34136 35328 34733 34735 34141 34736 34569 12724 33465 34741 35337 35338 34743 34574 17064 51915 34744 34235 35340 34661 35426 34151 34662 34665 51750 34156 51922 34157 34668 13163 34158 51838 34074 51926 34162 35353 35355
hp 112
t 75436 74864 75376 77014 80436 75443 75358 75379 75209 75231 75020 75382 75425 75128 75212 75129 75384 75171 75130 75214 75131 75173 75344 75387 75430 75217 75432 75135 75435
hp 168
t 49722 49681 49682 31663 50406 49684 49686 49721 49670 53135 49714 31525 49675 49697 30531 49719 50401
hp 321
t 78369 78879 78370 78371 78372 78373 78375 78377 78887 78378 78379 78380 78890 78382 81272 78552 78553 78894 78895 78387 79069 78559 79241 78222 79242 81085 60204 78565 79245 78568 78400 79080 79250 78401 79081 78402 79252 78912 79083 78232 78574 78916 78407 78576 78917 78408 78918 78409 78919 78410 81300 78921 78581 79261 79262 79093 78413 78923 78414 78412 78584 78244 79094 78925 79096 78586 79097 78246 78927 79098 78928 79099 78588 78929 79100 78424 60065 78935 79283 78946 79118 78439 79289 79120 79290 79121 81330 79122 78274 78446 78958 81338 78450 78961 81689 79309 78462 78463 81353 81354 81525 81526 60109 79320 79156 78986 81877 79157 79164 79165 79167 78582 81389 78849 79192 78853 79025 79030 81072 78863 79203 81584 79035 81587 79208 78528 78869 81079 78871 79212 78873 79214 78364 81084 78365 78366
hp 257
t 72420 68004 67665 71748 72430 71751 68353 68354 71754 63595 68016 68358 68359 67680 68021 68362 67682 65982 67683 68023 71764 71765 68365 68025 71766 68366 68027 68367 67347 68368 68369 71769 68370 68030 68371 68031 68032 68372 68033 68373 67353 68034 68374 63617 68379 68039 63619 68040 75864 68046 71789 68051 68053 68054 68057 68058 67719 68400 68060 68401 67721 68402 67042 68403 67723 68064 68404 67384 67725 68065 68405 67045 68066 63646 68407 68406 68408 68068 68069 68409 67729 68410 68070 68071 68411 67731 68412 68413 67733 68073 68414 68415 68075 68076 68077 68078 68079 67739 63662 67742 62987 68088 68335 67409 67751 64352 68434 67074 62994 67075 68439 67079 68100 64360 68101 67082 68102 68442 68106 67086 67426 68447 67767 67768 68448 68109 67770 67091 67771 67772 68452 68454 67094 67775 67095 67096 67436 68116 68460 67100 68461 64381 64384 67445 61667 67451 64392 68132 71873 64394 61676 63037 64397 71878 67122 64404 68490 68493 68153 68161 68504 65785 64428 68511 71912 67492 63753 63754 72257 66818 68178 67160 68181 68182 67844 67845 67846 67847 67848 67849 67850 67171 68191 67852 68192 67853 71934 67854 68534 67855 68535 67856 67857 67178 67518 66839 67181 68202 68204 64465 67528 68210 68211 68213 66855 68216 64479 67881 68562 67882 68222 68226 67208 68228 67209 68229 68230 67210 68231 67212 67214 68235 68237 68238 67218 67219 68239 68244 68245 68246 68248 67231 68253 61454 68595 67917 68603 67584 68265 67587 67588 67590 67591 67252 67253 67595 67937 67257 67938 67598 67599 67939 67942 67606 67609 67954 67956 67958 68301 67961 68307 67628 67632 67973 67293 67634 67974 67635 67979 67640 61862 67985 67986 72066 67988 71728 67989 72409 67990 68333 67995
hp 268
t 67169 67170 72929 68488 65918 68489 67260 67092 67220 67114 65776 67072 71559 68500 67183 67077 65910 65955
hp 324
t 51082 51083 49469 51085 50660 50831 52446 51086 36212 49302 35873 51088 52279 52448 52449 51769 52451 52452 51092 51094 35965 50840 36135 49310 36050 36306 36052 51098 50758 49399 34694 51100 51101 52461 35887 51102 52467 36063 50514 36064 51110 51111 36068 51114 49245 51115 51116 50863 50438 36073 36074 35906 49166 49336 35910 34890 52485 52486 36081 35912 52487 36082 50702 52658 36083 49427 52660 35915 50539 35920 52240 36431 35922 50967 51052 35923 50968 51053 49948 50969 51054 36094 50970 36095 35926 49440 51481 35927 51057 51059 35845 35931 51062 36528 50895 50982 50985 49625 52430 52431 51072 50903 51756 51077 50653 36544 50825 51080
hp 171
t 32000 32469 32129 48197 31792 31835 32133 46235 48540 46970 48161 48247 48164 48165 31846 31805 48337 48380 46979 48339 32699 48383 32150 32152 48132 32153 32025 48176 32026 32240 32027 48221 24773 48180 48224 48139 31776 32032 32036 48527 47082 48146 49846 48147 48233 32763 48149 48192
hp 113
t 77093 75648 77095 77096 71747 69793 69795 77021 77022 75666 75073 75076 76864 77461 77036 76866 77122 75763 75083 77804 75051 76869 77040 76872 77809 76876 76877 77048 75263 75774 76879 77050 69826 76542 76289 76890 76807 75702 69752 69838 76893 75704 76978 69839 75705 76302 76217 76388 76899 76902 76478 75040 75041 75211 75042 75723 75043 75044 75045 75046 75133 75728 75049 76836 75731
hp 296
t 77943 78625 79560 78033 77864 78035 78036 77951 77866 79484 78719 79400 78807 79572 79234 78130 80341 78047 80344 78135 79580 79581 79497 78054 79586 79672 79506 64547 78062 79253 78065 79595 78066 80701 79513 79600 78837 78838 79433 79434 77991 79606 77906 77908 79185 77825 79527 78763 77830 79446 79361 77832 79362 77917 78088 79364 79535 79450 78260 79538 79453 79454 80304 78181 78266 78097 79217 78267 80648 79460 78016 77931 78784 22939 79550 80230 80656 77852 80657 77937 77853 80234 79384 80321
hp 115
t 74203 73863 73779 74715 73865 73781 81604 74040 73787 81441 81442 74048 81443 74643 74049 74050 81445 74051 74391 74052 74053 81448 81533 81619 74397 74654 81286 74063 74659 74066 74067 74068 81293 74069 74070 74750 74071 74072 73987 74073 74413 74414 74074 74075 74588 74419 74589 74081 74166 74083 58273 81648 74168 81480 81653 81486 74093 74688 74179 74010 81659 74180 74181 74097 81662 74696 74018 74188 74699 74020 74191 74107 74192 74618 74705 74111 74706 81506 74028 81595 74030 74200 74031 73777 74371
hp 173
t 32128 32075 30621 48569 48230 31782 48167 48486 32070 30541 48571 31996 48137 48520 31797
hp 177
t 45729 45561 45563 27546 45057 27548 45402 27553 45068 27560 45920 26881 26882 27393 45414 27394 26884 45415 45075 27395 27565 26885 45417 45418 46098 45419 26890 45421 26891 27402 45932 45767 45768 45092 26735 27416 27417 45778 45779 26742 45102 45103 45783 45104 45105 45108 27600 27092 26922 46814 46304 27604 45115 46815 27436 45625 45117 45457 26927 45118 27438 46137 45119 45459 46310 45461 27611 46823 46825 46826 26937 26768 45809 26941 46322 26774 45644 26776 46666 45477 26777 27459 26779 27121 45314 45656 45488 27470 45493 45494 27476 26798 26628 26799 45499 26969 45840 27480 26970 45501 45841 26971 45500 45502 45842 45503 45844 45845 45505 45847 27487 45508 45510 45850 45172 26813 27495 45685 27496 45857 27498 26988 45519 26989 45690 27501 45862 27502 45863 45866 45867 45868 27514 27516 27519 45709 45882 45886 45378 45550 45380 24811 45551 26684
hp 109
t 81343 79135 79733 79308 79735 78545 79736 79737 81012 79739 79741 79231 81102 79742 79827 79743 79831 79832 79153 79833 79834 78984 79155 78536 79836 79837 78987 81027 79668 79504 79166 80356 79847 79848 79849 79850 79001 80532 79512 79683 79515 81896 79686 79860 79776 79691 79267 79779 79270 79696 79697 79188 79698 79273 79699 79359 79700 79020 79106 79701 79107 79193 79194 79704 79195 79280 79131 79711 78947 79714 79206 78866 79207 78952 79123 80993 79124 79125 79126 79213 79128 79129 79725 81000 79811
hp 331
t 45898 66809 66810 66641 66301 66642 66816 66986 66646 66987 66648 66649 66652 66654 66656 66657 66658 66998 45239 66659 66660 45922 66663 66666 66667 66668 66669 66670 69390 69563 45253 69564 69053 45254 45934 69565 66676 69400 45091 66296 66686 66687 68902 68903 68907 45278 68910 66700 69592 45283 68914 66874 66704 69596 68916 69599 66710 66712 66714 66716 68927 66717 69610 69613 69614 48026 66897 66728 66561 46841 66562 66732 66563 68943 66733 66565 66566 66736 66737 66738 66740 69631 66741 66742 68953 66574 66914 66744 66915 66745 66746 66747 66749 66751 66584 66585 66586 66248 68799 66251 66592 45174 68975 66257 66599 66260 66600 66601 66261 66262 66602 66603 66604 66947 66777 66271 66952 65597 66958 67298 67299 66959 66961 66962 46056 66797 66968 66289 66629 66290 66634 66124 66636 66637 66127
hp 265
t 68508 75818 68509 71909 68510 68516 72256 75826 68517 68518 68519 72259 72089 68520 72260 68521 67161 72431 68522 68352 68523 68524 72264 68525 68526 72946 72266 68527 68357 68528 67168 76178 76177 68530 68531 72271 76181 67172 68532 76182 68533 67173 65642 72273 68364 76184 67175 76186 68197 67688 68539 76189 68540 67180 72280 68541 68542 71942 68543 72287 72288 71438 68378 71609 71950 67870 71611 71612 67873 71614 76205 76206 67877 72126 71961 72301 72302 68563 67883 72135 72137 71458 72309 72139 71459 68570 71631 67891 71972 71973 76223 68234 72144 70955 67217 72657 72318 71469 71640 72149 71470 72150 71983 67223 71476 68419 67230 68592 68593 68423 71656 72677 67750 71491 67753 67073 72854 67754 67078 72689 67250 67080 72011 67081 72352 68441 72692 67083 68444 67255 72695 72016 68446 67258 67088 67259 67089 72360 68450 67261 67090 68451 67262 71512 71513 67434 68455 68456 72196 67097 71688 68458 67098 71905 68459 67099 72198 72200 67102 72203 72205 71526 68466 68467 72207 72378 71528 72208 72379 72209 67109 72210 72211 72212 71533 72213 71534 72045 72214 72215 72046 72047 72217 72218 72219 72220 68480 72221 72222 68483 72223 72224 72225 72056 71716 72057 72228 75799 72229 72230 72231 72232 72233 67133 65604 72234 72065 72235 72236 72067 68497 67137 68498 72238 68499 68501 72241 68502 72242 68503 71564 68505 68506 72247
hp 119
t 76986 53569 76880 77456 76860 77047 77266 77097 53616 70616 77522 77100 76824 77462 54217 76828 53559 54134 76852 77321 76853 77088 77194 69843 54034 77707
hp 259
t 73269 66130 73100 73271 66300 66132 73273 73103 73274 66134 73104 73275 65625 65966 73277 30947 66308 73108 73109 66480 73620 65630 65801 65802 47272 66483 65804 73454 65806 66486 65808 66318 65811 65641 66324 71596 65649 65651 73136 65997 73140 66341 70762 66342 73143 70763 66347 66349 66351 66012 65848 66530 47321 65853 65854 66875 73678 50048 50049 47330 66370 73511 50052 67563 66033 66034 50055 66036 50061 50063 65708 65709 66392 66394 50074 65715 66396 70818 65549 73369 47189 65720 65891 66401 65721 65723 47196 66406 66407 66408 70148 66409 66410 66241 66412 50093 72704 65564 70834 47205 72706 73559 66419 72712 66255 65578 67279 66430 72721 66432 66433 66434 66605 72725 72726 66436 66267 67288 66438 66439 72731 65956 66447 66452 66453 47413 66454 72746 66459 73090 66461 66463 65954 73094 73264 73436
hp 105
t 80068 75989 80069 75990 75992 75993 75995 76436 71916 80076 79907 80079 80589 80080 80085 80086 80088 80089 79919 80090 75840 76013 75843 76015 75848 76020 75850 75851 76191 80103 80273 76193 80105 80106 75856 75857 80108 75859 80110 76370 80280 75860 76373 75863 80284 76375 80285 76547 75867 76378 80628 75868 76209 76380 80290 76210 76381 75532 76212 76383 75533 76213 75874 75534 76385 80295 76555 76387 80298 75878 76218 76219 76390 76391 76562 76393 75543 76394 75884 75987 76395 75885 76396 76399 76740 76401 76403 75893 76404 76407 75901 75392 71992 75562 75902 75221 75223 75394 76412 75564 75224 75393 80325 76416 76415 76417 75397 80327 76418 75398 76419 76420 75570 76421 75401 80671 75571 80842 75572 75232 76422 75573 76423 75403 75574 80165 75404 75235 75406 76595 75576 76256 76596 75577 76597 76257 76428 75409 76429 76259 80510 76430 76600 76431 75578 76598 75580 80340 76260 76261 76262 76603 80003 76263 76264 76432 76433 76605 75245 76265 80346 75246 80177 76607 76266 75247 79328 76268 76437 76438 76439 76440 76270 76441 76271 75422 80182 75251 76442 76443 76444 76445 76446 76787 76447 75939 76425 75410 76456 76458 63708 75780 76427 76292 75783 76258 76464 76465 76635 75786 76469 75619 75790 76470 76640 76471 76472 76642 76473 75963 76474 75414 76475 76646 76137 76477 76479 75971 63731 76655 63736 76659 80064 80065 80067
hp 323
t 50828 51169 50659 49470 50151 50491 51852 52362 51853 50833 50663 50664 50835 50665 50836 50667 50668 50839 34688 50669 51860 50500 50670 50841 51861 50671 50842 50672 50673 50844 36053 51014 50675 50846 30276 49487 50167 51017 50678 51870 34700 49320 50852 53062 51873 50854 49154 50856 51877 50858 50860 50690 50691 34711 51885 50866 49507 50867 50017 51888 50868 49168 50869 52570 50870 50871 50701 50703 50875 49517 50879 52070 50712 50543 52074 49869 50720 52081 51742 50726 50731 51751 30335 50735 73349 51932 51087 51768 50070 50921 51091 49392 73532 73193 52454 49395 52116 49396 49397 49228 49402 50593 52123 49235 49236 50596 50774 50607 50780 49592 50782 50784 51805 50956 50785 50786 49425 50788 50789 50790 49431 50791 50792 52153 50793 50624 49434 50795 52156 50796 51647 50797 50628 52498 50799 50801 50974 49277 50468 50639 49961 49452 50983 50644 49285 50645 50135 35346 50646 50986 50987 50647 51497 49457 50817 50818 50649 50648 50650 50140 50141 30932 50652 50993 50823 50654 50144 50655 51844 50826
hp 277
t 42582 65237 41267 41650 41015 78755 41738 42716 78717 64565 41616 23511 42043 41661 41747 41961 42728 78811 78133 41328 42392 41458 42733 41034 41460 41333 41461 65091 41675 41974 41635 41976 41340 41298 41341 41554 65058 41557 78789 65275 78748 78791 41434
hp 333
t 45219 46070 45900 45221 45562 45224 46075 45225 62396 62397 45230 69542 65635 65978 65983 45244 45925 45248 45249 45251 69562 45422 45252 45083 69399 26730 45262 45263 68894 26736 68898 66688 66692 45273 68904 45274 45277 68739 69591 45282 48002 67554 48004 66705 45285 69597 69598 67559 45120 69261 69602 69432 45293 69604 45294 69605 66715 45297 68928 66719 68763 45136 69619 66729 45141 69622 45143 69283 68944 45145 45826 45827 45829 45830 66910 45320 26791 45831 45321 45152 45322 45836 26626 45837 45330 46012 45163 45332 66753 66752 46017 69477 66929 45169 69479 66930 26811 45175 45176 66597 45178 45179 69489 45180 45864 45355 65928 65929 26830 45360 65591 45871 65932 65934 66784 65595 45196 46048 45201 69511 45203 45204 45374 45205 69514 69517 46060 27021 45212 45893 26685 27026
hp 123
t 75269 75440 75270 75271 75273 76549 75360 75445 75446 75233 75447 75363 75449 75407 76554 75365 75450 75279 75366 75451 76556 75367 75452 75368 76601 75369 76602 75371 75373 75374 75377 76658 80487 75516 75434
hp 291
t 68720 69358 69018 61581 68764 68895 69362 62307 61628 69366 62101 68648 67247 69457 68778 68609 69332 61555 69334 68272 68952 68996 68954 68657 68232 68615 69337 68785 68956 69338 68998 68659 69340 68787 61902 68703 68620 61607 67047 68663 68876 69004 45246 68664 62374 68666 69007 26762 68965 69348 69009 68967 69351 69356 61452
hp 270
t 54058 70038 76499 71400 70040 70041 76501 70042 76504 76506 76507 71408 71411 76511 71073 71074 76517 35041 35042 54082 51364 35044 51365 35045 76526 76527 51374 35055 35057 35059 76541 35064 54113 71118 70098 70100 35080 51405 54126 51410 70111 51411 71133 51413 54135 71136 51418 51420 51421 71821 51422 54144 51426 54146 54147 54148 54149 70129 54150 70130 54151 54153 54154 54155 54157 51440 70140 54161 51442 54162 70143 51445 35125 51446 35127 71168 51448 51450 51451 51452 71173 51453 71174 51454 71175 51455 71178 71179 71184 71185 71189 71190 71191 71192 71193 54194 71195 71196 54196 71197 71198 71199 35499 71200 71204 71205 71206 54207 71208 71210 54211 71211 71212 71213 71214 71215 71216 71217 71218 54218 71219 71221 71222 54222 71223 71225 71226 71227 71233 71236 35196 75657 35197 75658 71238 75660 75661 35201 75662 75663 75667 35208 75670 51530 71256 35218 35219 35220 35221 71262 35223 35228 35232 71275 71276 35236 70938 35238 35239 71280 71281 35241 35242 71283 35243 71284 35244 70944 71285 71286 71287 71288 71289 71290 35250 71291 71292 71295 51235 71296 35260 71301 71302 35263 71987 71308 51588 71317 71321 71322 71323 71324 71325 71326 71327 71328 70310 70991 51271 71333 51273 51274 71335 71336 51283 71344 71345 71346 71347 36673 70567 36345 51645 76125 36346 36347 71370 71371 71372 71373 71374 71375 71376 71377 71380 51320 71381 51321 71382 71045 71386 71388 71048 71049 71389 71391 70372 70373 70374 69701 76162 70383 76165 77525 70385 76166 69706 77528 76849 76169 76170 70390 76851 53733 76854 76175 77536 76856 77197 76857 69717 76859 77539 70400 69720 69721 70401 70406 77547 69727 70407 70409 69732 77553 70415 69736 69738 69741 69742 69743 69746 70427 69747 69760 69761 69762 69763 69764 70444 69765 70445 69766 70446 69767 69769 69770 69772 69773 69774 69775 34421 70464 72506 70468 72171 69792 34435 69797 69798 70478 70483 69803 69805 69806 69807 72528 70488 72529 70489 72533 72535 70496 72537 72541 70501 69824 72544 69825 69827 34467 70508 70509 72550 70510 72551 76291 69833 72554 72555 69835 70515 34816 34818 76300 69840 34821 69841 69842 34824 34825 69847 34827 69848 76309 69849 76310 77330 69850 76311 69851 76312 34832 77332 69852 34833 34834 76315 34835 34836 69856 69857 70537 34837 34838 70538 34839 69859 70540 77340 69860 34842 76322 34843 70543 69864 34844 72586 77346 70547 34847 34848 77348 76329 34849 69869 69870 72590 34850 77351 70552 34852 69872 76333 34853 70553 76334 70554 34854 76335 77354 34855 69876 34856 70557 34858 69878 70558 69879 76340 34860 76341 34861 77361 77362 70563 34863 69883 76344 77024 77364 77025 76345 34865 77026 76346 69885 77027 76347 34866 70566 69886 34867 76349 69887 34868 77030 77368 77370 77371 77372 77032 77033 76354 70574 70576 76357 34879 70579 34881 70582 69902 72624 73645 76367 77388 72629 72630 70590 72631 70591 69912 34892 34893 34894 72635 34895 34896 34897 76379 70600 72641 70601 34902 34903 34906 69927 34909 70610 34911 34912 69933 34914 69938 72659 12480 69940 34921 70622 69942 34924 69944 34925 69945 70625 69946 34926 70626 70627 69948 72328 69949 34932 72673 34934 34935 72676 72678 69961 72685 70646 34948 70653 69634 69635 69986 69647 34977 54018 54019 34979 54020 69661 70001 69662 70685 54030 69672 34993 70015 70016 70017 54038 70018 34998 70019 35001 69682 35002 54043 69683 76483 70024 35005 76488 70032 70716
hp 294
t 79388 80749 79390 79391 80755 78038 79399 78041 78044 80766 80767 78048 79408 79409 78049 79410 78050 78051 79411 80771 79412 78052 79414 80775 79416 80776 79417 78058 79419 78059 80779 79422 79423 79387 80784 80786 78067 80787 80791 80796 80800 80804 80805 80806 80807 80810 80812 80816 80819 80821 80822 64672 80824 80825 80655 80826 80827 80829 80659 80830 79470 80831 80158 80840 79312 80172 80005 64027 80860 77971 80692 80863 80693 80186 64717 63360 80746 80194 63366 80369 64730 80201 80710 63370 80712 64053 64736 64737 63377 63379 79530 79360 80720 80721 63381 64741 80722 80723 80383 79534 80724 80214 80725 79365 79366 64747 64749 79372 80732 80733 79373 80734 79374 80735 79375 80736 79376 79377 80737 63397 79379 79380 79381 80742 79382 80744 64935 80745 79386 80747
hp 330
t 30938 73270 30771 30941 73272 30942 73442 30945 30946 65797 47267 65799 66309 66481 66311 30952 30953 66484 66314 30954 30955 66315 73455 30956 66317 65809 66319 47279 65810 66320 30959 66321 66322 66493 30963 66495 65990 66332 66333 47125 65995 47127 47130 47133 47134 66004 47304 47305 66345 66006 66007 47307 47309 47310 66010 47312 66352 47313 47314 66354 47315 47316 65847 47317 47148 65677 65678 47318 47319 47320 47322 66534 47324 47325 47326 47327 47328 47329 47331 47332 47336 47338 47169 47340 50062 47342 47173 47343 47174 47344 47175 66044 47345 47176 47177 47347 73363 47184 47354 47185 47186 47187 47357 47188 47358 47191 66404 47195 66405 65726 47197 50090 66411 66413 50094 65905 47220 47224 47225 31075 47227 66437 47229 66440 47231 66441 66442 66443 66444 66445 66446 66448 66449 66450 66451 66455 73426 66457 73092 30762 30935
hp 104
t 80578 80584 80247 80590 80591 76682 80252 80595 75330 80773 80437 80611 76702 80277 80448 80449 79601 80452 80282 80283 80455 76545 80456 76546 80457 80287 80458 76548 80629 80289 80460 76550 75361 76721 76551 80631 75362 76552 76723 80293 80633 76553 80634 80465 80635 80466 80636 80467 76557 80637 80638 76558 75538 76559 75370 80639 80300 76729 76561 76563 79284 75375 79624 79625 76566 79626 80307 79967 80478 76568 79627 79628 80310 76741 76571 79633 80484 79634 80486 76748 79298 76749 80489 80320 76751 80322 80324 75396 80326 80497 79646 79306 80498 75227 79988 75568 80499 79989 80329 79647 80330 79990 79991 75405 76426 80508 75408 80509 75579 80339 75411 80512 79495 76606 80517 79666 80347 80518 79498 80348 76608 80519 79667 79669 79500 79670 80521 79671 80522 79332 80523 75423 79333 79673 80524 79334 79674 79675 79676 79337 79677 79338 80529 79509 79339 79679 80700 80534 80535 75265 80366 80537 80367 80198 75267 75268 80539 80540 75441 80541 80542 76632 75272 75444 75274 79355 76636 76637 75277 75448 76638 80552 80553 79533 75453 75454 76644 76645 76647 76648 80220 76650 76652 80563 76653 80567 76657 80568 80571 76661 80573 80404 76665 76666
hp 98
t 79707 75138 75140 80199 79752 80241 79753 79307 79329 80818 75359 80714 81628 80886 81078 80717 80888 80336 79105 79764 75281 79681 80235 80215 80066 75179
hp 314
t 81682 58308 81683 81769 57544 57715 57545 57631 78968 81861 57551 58147 39193 78973 81779 57809 57980 39789 81527 57982 57642 57728 81529 57984 81597 58154 57475 58155 79066 57476 81871 81362 57989 57479 57480 58160 57993 39208 81539 57569 57824 81795 57995 57825 57656 58164 57485 58339 57999 58935 81801 58937 81803 58938 81719 58430 39900 58941 58176 58007 81721 81722 57839 81725 81726 81812 81814 57504 57844 57676 57506 81817 57678 57508 78590 79101 81226 57852 39749 57684 57854 57685 57771 57686 57516 81232 39923 57603 81404 57519 58117 57352 81237 81577 57694 39929 57441 57697 60247 39168 78948 58124 81670 57532 57533 81759 78359 81761 81507 81847 81677 81762 81763 81678 80914 81681
hp 78
t 41478 41479 42502 44882 41483 41488 44888 42168 65293 44895 42177 42178 42180 42181 42182 41844 42184 42185 41166 43886 42186 41847 42187 42188 42189 42530 42190 41511 41853 62593 42193 41854 23493 41855 44916 44918 44919 62601 42201 42202 23503 42203 44928 44929 65335 41196 41539 42561 41205 42571 42572 42573 42233 42238 41218 65361 44962 65362 41564 44966 65366 65367 41570 41571 44973 44975 42601 44984 62670 42612 41599 21880 65400 42961 42623 45004 65407 42967 45010 41276 43997 41277 41279 44344 41288 42989 41630 41632 41633 41637 41297 41638 41639 41299 42319 40963 43685 41987 41647 41310 44371 44034 41996 65456 42677 65459 42001 42002 40982 42004 42006 65466 42007 42688 40988 42689 41670 62410 41671 40992 42693 41334 42015 41336 41677 42017 42018 41678 42358 41679 42359 42361 41342 42023 42705 21965 42026 42706 42708 42028 41348 42029 41349 42030 42710 42031 42372 41012 42712 42373 42713 42374 42375 42715 41016 41696 41017 42037 41697 42718 41698 41357 41699 41019 42039 42040 42380 42720 42381 41700 42721 42382 42041 42722 41023 42383 41363 42044 42725 42045 42046 42726 41026 42047 41027 41706 42048 41028 42387 42729 42050 41710 42731 23011 42051 42732 42052 41711 42053 42054 42734 41374 42735 42055 42395 41036 42736 42057 42738 42058 42059 41039 41720 41380 42061 41381 58381 23024 42064 41384 42745 41385 41386 42067 42748 41389 42070 42751 42071 42072 42074 42075 41055 43780 42091 43791 23392 41754 41756 41757 41417 41758 41080 42100 44822 41765 42109 42110 41770 22730 41431 23413 41776 41777 23418 41779 41101 41782 41785 41787 41358 41451 44516 41136 41118 41121 26501 23442 41137 41123 41805 41126 42377 41809 41810 41811 42378 41472 39772 23452 41474 41476 41477
hp 249
t 64258 61879 67999 64262 63584 61885 63926 63927 68349 61550 64271 61552 63932 63934 61557 68020 68022 64286 68026 68028 68035 63616 63620 63621 63622 68042 64304 63627 64307 63630 64310 63639 63642 63644 61605 61606 64326 63990 61613 63994 63657 64338 63658 63660 64340 67400 63661 67401 62984 63667 61627 64349 67413 61635 62996 68097 68098 64359 62999 67421 63001 67422 67423 64364 68104 63004 64365 68105 63005 64366 63006 64367 68107 61650 63010 68111 63011 63012 64373 63013 68114 63014 61655 63015 63016 63017 68118 61660 64380 63020 61661 63021 61662 64382 68122 61663 64383 63023 67444 68124 63024 63025 68805 61666 63026 63027 67449 64391 63031 68811 61672 61673 67453 64395 67455 68816 67456 63036 68817 64398 63038 67459 63039 61680 68820 61681 64401 68141 68142 63042 67462 61683 64403 68823 61684 68143 63044 61685 67464 68825 61686 63045 68145 61687 68146 63047 61688 68147 68148 61689 63048 68828 63049 63050 64411 68831 61692 68832 63052 61693 63053 67473 68154 67474 63055 67475 63056 63057 67477 68838 68841 64422 68842 67482 67487 64430 67493 67494 67495 68180 67841 63762 67502 68183 63764 67504 63765 68185 67506 67507 67508 68188 64449 68189 68190 67511 67513 64454 68194 68195 67516 67517 64458 68198 64459 67519 64461 68201 68205 68206 64467 68209 64472 64473 64474 67538 68219 63119 67539 67542 64492 63134 64495 63815 64498 61440 63147 68247 63488 61449 67572 63495 67575 63496 63156 63497 63498 63499 67581 68262 61463 67583 63503 61465 67585 61466 61467 63507 61468 63168 61470 63510 63170 61471 61472 61473 61474 61475 63515 61476 67936 61477 63177 61478 61479 63179 61480 67940 61481 61482 61484 61485 63185 67605 61486 67607 61489 62849 61491 67611 63191 67272 67951 67612 67613 67614 67615 63196 68297 63197 63198 61499 67960 63883 61504 61505 67626 61507 61508 63208 63889 63209 61510 67970 63891 61512 61514 67975 63215 68315 61516 63216 61517 63217 67637 61518 63218 68318 61519 63219 61520 63220 68320 61521 67980 67981 63221 63222 63223 68323 63224 68324 63225 63226 63227 61528 63228 63229 63230 68331
hp 289
t 73522 50148 73355 49980 70892 73527 52022 35363 36044 51855 49305 49306 50157 51604 70899 73534 49226 51776 52032 51863 49398 51611 49232 49233 73628 49234 49404 49319 51785 52040 50680 49321 51532 49322 50855 49325 51536 51537 51792 49327 51538 51623 50772 51793 51624 51625 51540 49246 51541 51881 52051 51711 51796 49247 51627 52137 73473 51798 51629 73476 51802 73477 51633 73478 51635 73650 51891 73481 51893 73483 73569 52065 50111 50877 70172 73487 51813 49264 70174 73489 51560 49265 52154 73491 50711 49353 51564 51904 50714 51165 36266 51736 51908 50123 51909 70184 50635 70186 51572 51912 49362 50722 50727 36193 51919 51665 36110 51837 51583 73175 51842 51757 49462 49464 51675 50145 52016 51931 49466 70887
hp 298
t 44368 43518 43691 62393 42157 42505 42676 43017 42507 42508 62399 43869 42513 42685 42687 62070 43883 42523 43543 43885 42528 44908 43890 43892 42707 43900 62091 43902 42542 43903 43395 62099 62100 42566 43588 43930 42576 42747 42749 43943 62135 43776 42586 43437 43777 43778 42248 42251 43783 43784 43785 43787 43960 42600 43792 43963 43794 42264 42265 43798 43969 42780 43800 43970 43971 42782 43973 27313 42104 43974 43976 43813 43818 42800 43821 42801 42462 43822 42464 43994 42465 43655 42806 43996 43658 42469 42809 42129 42810 42470 43320 42811 43660 43321 42472 43662 42813 42473 42643 42814 42474 43322 42815 42475 42306 42307 43840 43330 43841 42481 43842 42312 42652 42483 43333 42144 42314 42145 42825 42315 42826 42486 42316 42147 42149 42490 43512 43684 44875 44024 42837
hp 106
t 54822 75222 74545 74800 54657 74461 74462 73782 73784 74975 74296 74976 74806 74126 74977 55003 74978 74808 75489 77700 74809 74811 56197 74472 54839 75494 56114 54670 74475 75496 54842 74394 74054 54844 75499 74480 74991 74481 74483 74996 74403 81288 74321 74322 73813 75004 74324 74495 73815 73904 74245 74160 74416 74417 74333 74334 74335 73910 74421 73741 54870 74422 73914 74170 74171 73833 73750 74090 73753 74348 74784 53449 73770 74452 53372 73773
hp 76
t 41308 41309 40969 45984 62560 62646 43861 62733 62648 62479 62564 62651 43866 62566 62823 41490 41406 62742 65292 41497 41583 41669 41499 41330 41075 40991 43797 41332 65472 40993 41673 41674 65475 40995 41335 40996 41592 41593 62846 64801 41596 62932 62592 41089 65314 62595 65315 65402 65488 65489 41009 41350 42370 65320 65492 41352 41182 65494 62604 41356 65496 65497 42717 41103 42719 41359 62269 41022 65503 41958 43831 62617 43833 62618 41709 41626 62621 61942 62880 41376 42142 43843 62544 62547 42743 65524 43850 65525 40960 43851 64846 41300 41387 65527 65357 41303 40965 65531 65532
hp 80
t 23288 41649 65279 58991 41481 41822 78202 41653 59504 41487 22960 41660 39451 22962 23302 23305 22796 22968 64620 59520 59521 42012 59523 41504 41505 79078 41508 23491 23322 42873 65144 41515 65146 65317 65319 42371 59542 41524 58015 22657 59547 60228 60229 22661 59211 22153 60233 23513 60404 60236 78596 22667 60237 60238 59049 60239 78091 60412 60242 78605 59565 78096 59229 78609 23871 57702 42062 23532 42232 60087 41729 23369 59749 44960 59580 59581 22692 64682 58902 23205 78796 23377 78627 41568 23379 23549 78460 23550 60101 42931 64692 78293 23384 41574 23385 59255 60106 78297 60278 58752 22883 78134 60286 64877 78647 41759 65219 78651 58423 60124 78147 42957 59448 78657 42958 41769 58431 78832 59455 59116 78497 41438 65068 22911 77828 22578 41619 60152 60156 58969 78689 59990 78692 22933 64924 78695 65095 57446 65097 23279 65270 78532 57962 23286 59327
hp 322
t 34678 33318 35360 15300 33321 34682 34683 33834 34684 33497 35367 36048 51008 35369 34692 35373 51013 36055 34695 35376 51018 35378 51019 35379 35380 34701 35382 34702 34703 35384 36067 51028 34710 33521 33862 36072 34713 34033 34714 34715 51715 51886 35399 34721 33872 34723 34724 34727 33878 33879 33880 35411 33882 34053 33375 33378 51058 35419 33891 34742 34575 34745 35357 34067 35427 34410 33901 34071 34754 33394 51755 34076 34078 34758 34759 51760 33401 34762 51762 51763 34594 52444 51765 51766 34767 51767 34089 51770 34090 34091 34092 51093 34606 35968 51608 35969 34779 35971 52293 34104 34444 36146 51957 34787 34788 36149 36150 35983 34113 34624 35476 51797 34798 34800 51801 35995 34639 34640 34810 34641 34301 34811 36002 36001 34812 34643 34642 18321 34815 34646 51816 34647 51817 34648 34137 51822 36013 36014 36015 34655 35339 33982 35344 35345 35348 33818 35349 35350 35351 34163 35354 34674 35356 34677
hp 201
t 14104
hp 315
t 33233 14703 15299 14535 14451 14621 14453 18279 33069 33240 14540 14543 33413 33586 33248 33588 32908 33589 14550 14636 35717 14468 33083 33594 33255 14640 34361 14641 14472 14642 33681 33597 33683 33598 14644 33684 33261 17112 14647 33263 14648 18219 15329 33520 33435 33690 14651 14652 33525 15338 14574 15339 33701 33278 32855 14410 33027 33707 14583 14501 33203 33544 14504 14419 33545 14505 14506 33716 32868 33123 56839 14511 33552 33553 32873 14599 56929 33555 33725 33217 32792 33135 33567 14528 33229 32804 14615 33485 33571 14617 14531
hp 279
t 43741 43061 43072 43753 43732 27305 43764 26680 43734 43597 27384 43758 27385 43046 43772
hp 218
t 53802 54526 53761 54527 54273 54485 54274 54275 33662 54530 54533 53896 53897 53898 54281 57128 54494 54495 54540 54711 54286 54541 53776 32953 54458 33038 54672 33635 54631 53781 53782 32958 53784 54480 33258 53785 35128 54380 54594 33558 35810 54426 54342 54300 53790 57106 54514 53834 54515 54346 55281 54353 53800 56989 53844 54355
hp 169
t 30684 47004 31664 31071 30012 31415 30566 31717 31165 31166 30487 31634 30530 30195 46940 29985 30667 31688 31607 31692 31651 31694 30505 31652 31568 30759 49801 31610 30677 31740 31062 31573 30468 31021 29832
hp 266
t 72252
hp 176
t 46238 46239 46410 48961 46412 47093 46585 46926 48458 47099 46421 46251 46423 48636 46427 46257 46428 46258 46429 46259 46260 46263 46434 48476 46436 46437 46438 46268 46439 46099 46269 46440 46270 46441 48141 46271 46442 46103 46443 46104 46106 48487 46787 46279 46112 46282 46113 46114 46116 46117 46118 48499 46120 46291 48502 48503 46123 46124 46125 48505 49015 46126 46127 49018 46809 45790 46474 45796 46141 46821 46822 46143 46146 46488 46148 48532 48533 46153 46156 45647 46327 46159 46501 46502 46503 46504 48546 46338 46340 46341 46513 46173 46343 48554 46344 46515 46345 46346 48218 48388 46348 46349 48390 46351 48391 49071 48222 48564 46184 48225 46355 46357 46193 46195 46197 46368 46371 49092 46204 46205 46207 49101 46382 48936 46216 47066 46218 46391 46226 46396 46228 46399 46400 46231 47084 46406 46237
hp 293
t 33488 33489 33829 34170 18360 33154 33494 19045 36046 18197 32818 18200 33160 18201 33842 32823 33843 18204 35374 33165 34186 34357 32828 33168 32829 5969 33169 34530 33511 33172 34195 18215 18218 33518 18220 33352 33012 34543 33183 18224 34205 6666 34036 34207 15337 33531 14493 33193 5994 35405 35576 33366 18237 33199 17729 35409 17731 17734 18245 34737 34738 17059 17740 18421 17742 35423 14343 51744 18424 33216 17746 34577 17577 33218 14348 18259 34240 51920 34241 14522 18262 14352 18263 51752 33393 34244 33392 14694 18265 33223 14695 17075 14526 34756 34585 33566 35437 17586 33398 18270 33402 18273 18953 33403 35443 34424 34425 18277 34505 19127 18957 17768 18281 18282 34264 18964 33414 35285 18285 18286 33587 18289 18969 14720 18291 18971 33251 33592 17104 14388 14728 34619 35301 35303 34285 35305 14395 14396 14397 35308 14738 14739 14741 17801 18312 18993 33445 34125 33446 34466 19000 18322 33452 36004 14759 14761 14595 14597 35507 34148 14771 17832 14774 34155 18177 18178 14609 17669 33479 14779 14780 14781 17841 33141 14783 50824 18355 33484 33144 15297
hp 273
t 72294 76183 72062 76377 72148 72534 71607 72347 76512 72518 76173 76513 71605 71520 72583 71606 76196 67399 72437
hp 272
t 69750 72226 72380 72189 71319 71882 71692 67708 72151
hp 68
t 30768 49808 31024 31535 31705 31111 49727 31707 31030 49816 49646 30182 47352 30865 49650 49821 50246 30951 31036 30187 49823 31718 31719 31039 31125 50166 50253 31639 30875 31048 49664 31050 31645 49666 31646 30800 49756 49671 31653 31569 31654 30805 49674 30975 30806 49760 31571 49761 31572 49762 49848 31658 49678 31574 31659 30894 31661 49852 31067 30814 30900 31582 31667 30988 31669 30396 50205 31592 31167 30488 49615 31000 31002 50213 49618 31600 31685 31601 31687 30757 31608 49797 31609 49799 49800 30506 31612 31613 31020
hp 256
t 63578 67829 67830 63580 71911 63581 63752 67661 63582 63921 67662 67663 67832 67835 63586 67666 67667 80078 63588 67668 67839 63589 71749 63760 63590 76001 67671 76002 63592 63763 76003 63933 71753 76004 63594 76005 67672 72434 68186 76006 68356 63596 63597 63768 67677 63598 63599 76010 64450 68360 63771 64451 76011 64452 67679 71762 71933 67681 68363 63603 67684 71935 68024 76019 63949 80100 63781 80102 63783 67693 67695 67697 63618 67698 67699 67700 63791 68041 67701 68383 68214 63624 68384 68215 63625 68386 68217 68387 68388 68048 67709 68390 67710 67711 63806 68398 68399 67720 71801 63813 63814 63816 67728 67730 63651 67732 63824 67905 63655 67735 63656 67908 63489 63999 63490 68420 63491 63831 63492 63493 63494 67916 63837 68087 63839 63159 68089 68600 67919 68090 63161 63501 68091 68431 63502 67752 68606 63676 68607 67756 63678 67589 63680 63511 63512 63513 63514 67764 63685 67765 67766 63693 68453 63694 63695 68457 67950 63533 68463 63534 63704 63535 63705 67618 75948 71907 80880 63710 63711 67622 71872 63034 71876 64396 67656 63888 67630 63720 71880 71711 63721 63553 63723 71883 63554 63555 80045 63556 71886 63557 71888 63728 63559 63729 63730 71891 63733 71893 63564 63734 63735 71895 68328 71898 63738 67649 63739 67650 68330 63740 67651 71732 63744 63576 68166 63577 63747
hp 306
t 81175 81601 74719 74210 81607 81610 74386 74642 81444 81532 74393 81535 74736 74737 74738 74568 74739 74740 81455 74655 74741 74742 74743 74064 74747 55538 74751 73909 74080 58270 81476 74000 58276 74003 58279 81654 81485 74091 74092 74008 81488 74094 74009 74095 81490 74690 74011 74692 74693 74694 74016 74017 74697 74106 74021 74616 74022 74023 74703 55578 74704 74620 74027 74622 74707 74708 55667 74453 74709 74029 74710 74627
hp 258
t 73099 73101 73443 72254 73444 73020 71661 73022 70897 72258 47268 71494 65629 70900 70814 72856 73536 66482 67076 70817 65718 73624 73539 65974 71501 70821 70908 73203 73119 72866 71507 71514 65989 71600 71515 70836 65991 73472 65992 73560 73475 66421 65996 73561 67103 65915 72970 71525 65916 72717 66172 72887 71527 72889 71530 71531 71532 73572 73318 71618 71619 71620 73575 70176 72727 71622 73492 66269 70945 73580 73581 73496 72732 73582 73497 71542 73583 73498 70949 73499 70951 65852 65939 72996 65771 73677 47412 66113 73594 71129 70874 72745 50050 72747 66117 72832 72835 71135 73516 73517 73093 73518 66038 72754 72244
hp 339
t 50488 36040 50236 35957 50577 35958 49473 50919 50494 50069 30860 52450 49985 50581 50666 51772 73107 50923 35964 49565 51775 50331 51097 51184 50250 50251 50591 50256 30793 36066 50687 51113 50945 50861 50947 30887 51117 50353 49589 50439 53074 50440 51120 49591 50315 51122 50613 50528 51123 51038 51039 49595 50531 50277 49512 36086 51047 50286 35921 50966 30907 49778 51055 50971 50376 50972 51143 50295 50296 50721 53187 50640 50301 50471 50387 51068 49539 50729 50477 50308 50733 50909 51079 50571 50572
hp 235
t 77560 76839 76882 76842 76844 76845 75741 76846 76847 77189 77190 77489 75747 75112 76897 76855 76983 77452 76988 75077 76992 75207 76993 75124 77802 75082 76910 76868 76829 75087 76831 76832 75090 75091 76834 77515 75262 77133 76837
hp 234
t 53420 77264 53422 77265 77310 77397 54235 77270 77441 77272 53387 53388 77571 77445 77446 54667 77449 77576 77492 77790 77577 53565 77451 77579 77455 53400 77414 77457 53360 77458 54168 53403 77630 77590 77293 77294 77595 54137 77811 53416 53376
hp 335
t 53038 52869 50405 53040 53041 50407 30262 50493 50322 53042 50409 50324 50410 50325 50326 50327 50413 53134 50329 53051 50417 50332 52712 53138 50333 53140 50335 52547 53059 53145 50341 53147 53148 50343 53149 52724 50429 53151 50346 53238 50351 53159 50354 50355 52992 53162 53164 52995 53080 50316 53082 53168 53169 53170 50366 50367 49518 53003 53089 28867 53094 49695 53095 50375 53096 50716 53097 53098 53099 50379 53185 53100 53101 53017 53102 50383 51149 50384 53021 50386 50389 50390 50391 49712 53028 52518 49713 50393 50394 50310 49715 50311 53201 49716 50396 51161 49717 53117 52522 49718 50313 50400 52697
hp 224
t 74799 74460 56186 54828 74463 55594 54829 55001 53473 74979 56196 74390 56200 74986 54841 54843 77709 53484 74395 77710 53485 74396 74312 74482 74313 74653 53488 74314 74484 74485 55021 53491 74486 74317 74487 74318 55023 74488 53494 74489 74320 53325 74490 74661 53495 74491 74492 74323 53498 74325 74580 74326 74668 53334 74329 55036 74331 74332 74247 54872 54874 74255 54791 74342 74345 74431 74178 53440 74100 54890 54892 74273 54808 74786 53285 74451 54816 74792 74455 56180
hp 101
t 54656 53637 77098 53302 77273 53474 53985 74980 53306 54071 77702 53647 53648 53309 77705 54840 77791 53311 77708 53654 53317 53487 77202 53319 53489 53320 54680 53321 54682 77632 77718 54853 55024 77719 53324 77634 53493 77633 77635 55027 34969 77724 54860 53500 77132 53502 77814 53252 74927 77307 77649 53340 53255 53341 53342 53257 54022 54703 77653 77568 53344 53684 53345 77060 53260 77570 77655 53346 53686 77742 53348 53263 77658 77573 54624 53349 53689 77745 77659 53350 77746 53690 34991 53352 76812 53353 77748 53693 77071 77241 77157 77413 77754 77584 77671 77246 54977 53363 53448 56170 53282 53453 53284 53371 54051 53289 53291
hp 227
t 53548 54568 53551 54062 54064 54065 77696 53726 54066 53386 53727 54067 54068 53728 53729 54069 53900 54070 53902 54072 53563 54073 54074 53734 54075 53736 53739 54079 54080 53572 53573 53744 53745 53576 53746 53747 53748 14479 53749 53750 53751 53754 53585 53755 53586 54096 53587 53757 53588 53758 53759 53590 54272 54102 53598 53599 54620 33201 54283 54114 54115 33717 54288 53608 54289 53949 33039 54290 54291 33212 53783 54294 54124 53786 53618 53619 54299 54132 54475 54136 53629 53630 14701 53801 53633 54483 53634 53804 14368 12500 53984 54664 54325 53649 53650 53652 54333 53653 54504 54335 53655 55016 34956 54337 35811 53662 53663 54516 54347 53836 54518 53838 54009 54010 54520 53841 57242 53842 33103 54524 54525 33105 53507 54358 54360 54021 53851 53682 54702 53852 53683 54363 54193 53685 54025 54026 53687 33124 53355 77497 77498 54039 54209 53361 54041 54382 53535 54046 54047 54048 54053 54223 53714 53543
hp 267
t 65703 65598 72760 67555 50725 47178 66303 67558 73446 66774 69601 65628 65587 66211 66870 66531
hp 334
t 50915 31025 49896 49897 50323 50580 50155 49815 49560 50241 49902 49817 49477 50242 31032 50243 49308 49904 49394 49649 50245 31034 50416 49651 50587 50247 49652 49908 50249 49740 49995 49826 49655 31636 49827 50421 50252 49828 30873 50423 31723 30874 49914 49743 49831 50426 49152 50172 49833 50428 49748 49834 49409 49835 49665 49836 49156 50261 53067 49499 50267 49587 50352 49928 49929 50779 50610 49251 50441 50187 50442 50443 49423 50529 50359 50190 49340 50447 49342 50193 49513 50363 50619 31580 50283 49858 49178 49773 50029 49860 49267 49437 49438 49693 49439 50206 49867 49868 49698 49617 49532 49533 49534 31684 49705 50216 49706 49877 50217 50984 30925 49880 50221 49627 49882 49288 31695 49633 49552
hp 264
t 75988 71908 76160 75991 72105 72081 76502 72082 75823 75994 76163 71744 72084 76164 76505 75996 72085 72086 71917 72106 76167 75998 72087 72088 75999 71919 76000 71750 76510 72090 72091 71752 72092 76172 72093 71924 76514 75834 72094 76515 72095 72096 76007 71927 76176 76008 72436 72097 76009 71759 71930 72099 76180 75841 76012 76352 75842 71932 72101 71763 72102 72442 75844 72103 76353 75845 80096 76016 76525 80097 76017 75846 76018 75847 71937 71938 80098 80099 76360 72107 76530 76021 72108 76188 76022 72110 75852 76023 71772 75853 76533 72111 75854 76025 76194 75855 80107 76027 76028 67862 76029 76369 76030 72120 76031 80111 71441 71951 75862 71613 72122 71783 76204 75865 71960 67880 71790 71452 71963 72138 71969 71970 76220 71971 72140 75881 76221 72312 75882 76392 75032 71975 71805 71465 71806 76397 72658 71979 71980 67221 71981 71982 72662 71474 71306 72156 71477 71991 68594 71655 72169 72001 72851 68605 72686 72688 71329 72180 76434 72694 63686 72526 76185 72699 76355 72700 72701 72531 72532 71685 72025 71687 72538 71689 72539 71691 72075 71693 72033 71523 72034 71694 72204 72035 75776 71696 72036 75777 80877 63707 75778 72037 75779 75781 71021 65751 75782 71702 71704 71874 71705 75785 71875 71706 72385 72386 75787 71707 71877 75788 72387 71879 71881 72054 71884 72055 71885 71887 72058 72059 71889 75800 76480 71890 76481 75802 75803 72064 76484 71894 71726 71896 71897 72408 71899 76490 72411 71901 75812 67652 76492 75984 76495 75985 76496 75986
hp 329
t 61625 66896 66982 62394 66984 61884 67580 66985 66900 66901 66902 67242 68772 66988 66904 67245 66820 66905 66990 69371 61722 66908 66823 66993 66994 68695 66911 66912 66913 66828 61643 45919 65555 66916 66831 26796 61561 66917 67002 67003 66919 61564 26630 43121 61568 68964 66924 67009 66926 61572 68712 68884 61830 66845 67016 68972 67017 62088 68889 68804 67190 67020 66937 66852 66853 66854 68809 67025 68725 67026 66942 67027 26738 67028 68728 67200 68931 67030 67201 61592 67203 67543 67032 66693 67204 61593 68732 68819 67035 68651 67548 61598 62109 67549 67039 62279 45960 67551 68911 67041 69339 67215 68662 65942 67048 66880 61610 68667 67052 67053 67224 61614 67225 62212 67227 66890 66973 66888 65613 69014 67570 66891
hp 295
t 63324 64176 63413 75228 76589 63245 80332 64184 64099 79995 63506 80166 75236 63508 80849 63509 80850 80851 80171 80001 80852 80087 80768 80854 75415 63516 80091 80176 63517 80858 63518 63519 63520 63521 63522 63523 80183 63524 80864 80184 80185 80865 63525 63526 64205 80867 63527 63528 63529 80869 63530 63531 80874 80024 63536 80876 63537 63538 80879 75439 63540 63541 63542 63543 63544 63884 80034 63545 80035 63886 63546 63547 80887 63550 63551 80893 80047 80817 63566 75551 63567 63737 80828 78024
hp 290
t 80801 63897 63313 80772 63986 63775 64105 64065 64055
hp 69
t 31704 53131 29758 30098 30016 29931 30102 30356 29932 30448 30449 9795 30280 30027 30453 30709 30455 30371 30033 30034 30120 30121 30461 30036 30122 30037 30123 30038 30039 30125 29872 30127 9729 30044 29705 30045 30046 29792 30047 10499 29794 29709 29796 29711 53002 29797 29798 29799 29885 30056 53091 29802 30142 29887 30143 29803 50373 30057 30228 30229 30230 53181 30148 30404 30405 30406 30066 30153 30239 30154 8395 30410 30070 30156 30071 30326 30327 30328 30075 30161 30331 30332 30333 30079 30081 30082 28725 30086
hp 231
t 77308 75523 77309 76804 77569 75063 77188 77191 69712 76301 77578 76814 77196 77156 53398 76901 77454 74990 77415 77755 77460 77419 74911 77377 77292 76867 77124 77381 77127 77298 75684 77130 77300 77089 77090 77303 77092 77135
hp 317
t 68721 69359 68723 61626 43397 69364 43227 69365 69368 69369 61549 61848 43150 61553 61597 61853 61895 44003 69335 68656 68955 62367 62368 61816 68999 68617 61944 62369 61733 68661 62414 62457 43204 69343 67557 62459 69005 61609 68707 61738 69006 69346 68879 61569 61612 43210 62081 69349 69052 61573 61913 68672 62085 68757 61831 68971 69013 61450 69611 69357
