ap 0
hp 376
 52991
ap 1
hp 377
 44859
ap 2
hp 93
t 28947 28986
ap 3
hp 36
t 42440 48905 46016 45507 45509 26301 69226 46789 26901 26904 27500 27332 27077 27503 45438 45440 27081 45697 46037 26999 27254 27255 27341 68906 45786 27002 27087 27342 27343 26154 45109 45110 46216 27091 27007 26162 50302 26083 44020 45720 27616 27448 45979 27025 45556 43091 45559 46754 24826 68942 27209 27124 27125 45825 27298 45405 27129 27131 24751 26707 27133 26709 27134 27135
ap 4
hp 378

ap 5
hp 379
 48864
ap 6
hp 380
 20431
ap 7
hp 381
 20479
ap 8
hp 43
t 26206 25612 44824 42107 43554 26810 42451 27577 43557 42452 43559 26220 26050 44837 42457 43563 42458 26053 26054 42460 26992 25888 27078 26994 27334 27337 27168 26404 27340 27170 27256 27171 27257 26069 42476 27263 27179 26075 43590 42485 44951 42486 42317 42487 26082 26255 42490 26256 26596 42323 43598 24644 27959 25924 44879 28050 26609 24655 42250 25932 27208 26274 27380 26361 27296 26276 27041 27042 27212 43703 42768 26108 27385 24665 27217 27389 46939 42774 27390 26200 27222 42098
hp 47
t 25611 42188 42189 43635 25616 25022 43553 42449 27150 28085 26216 27151 26302 122 25792 43558 43561 27751 26222 44395 25798 42291 26056 41527 26397 43568 27333 26058 45863 28355 27250 26401 26997 27253 26148 26063 27169 26150 26065 26067 26068 43239 27344 26240 26241 27262 26243 44946 28626 27181 26249 42824 26250 27271 20641 44952 24637 26422 26341 162 42494 165 27450 26264 25754 26265 44966 45562 42077 43608 26098 42078 28054 42079 26270 42167 27207 44887 43698 42171 44891 42088 44894 24580 42090 43536 42091 27643 27558 27391 25607 42097 42779
hp 39
t 42103 44953 43593 42106 43595 42067 44915 42110 44916 42068 44833 42071 44834 44920 44963 44921 26604 44922 42074 44923 42247 25928 42249 44885 42166 27335 26910 44846 44889 27167 42170 27210 42086 42172 27172 42262 26157 44521 42482
ap 9
hp 55
t 26291 43548 44908 42104 42105 43551 44912 44914 27829 25622 44917 25878 44836 26052 26478 27924 43564 26055 43566 27076 44927 26142 26057 43569 25890 25891 43543 25297 26572 43572 27338 27083 25895 27935 44510 26406 43577 26580 26070 28110 43582 42903 26583 42908 26589 44865 44866 27781 44867 24808 44359 44868 24809 44361 43596 42917 43599 26599 26259 42920 27109 44961 25667 42923 26263 42754 26607 26608 24654 44969 27204 26610 42080 42932 44888 26444 42765 27211 44977 26109 28405 44895 26195 42941 43537 25857 42943 25943 25606 43541 42181 44987 43542 26202 27563
hp 59
t 79034 79842 80781 57579 59748 79639 79726 79813 58393 79814 80708 79220 79178 64941 79816 79435 79693 79865 81057 79484 59722 79699 79231 78509 81824 79361 79828 79319 79617 59685 79703 79830 80213 79066 79619 79705 58796 60373 79329 59397
ap 10
hp 382
 53247
ap 11
hp 161
t 8983 3022
hp 155
t 7062 7478 5807 5574
ap 12
hp 383
 57087
ap 13
hp 163
t 8578
hp 158
t 20340 19724 19748 19738 19868 19772 20198 19848 19827 20211 19744 19798
ap 14
hp 358
t 18344 33074 19120 17700 18185 56849 20419 32879 56819 19039 32846 32880 57117 33602 33760 19037 56987 57006 33784 34527 32849 56969 56976 14929 40505 57090 33084 14913 33087 56873 40557 56793 32908 14919 15016 57201 17855 19058 33623 32955 32941 32861 32864 57146 33041 32920 56919 32958 17283 56871 56926 56866 33727 32897 32899 34430 56861 57011 32940 57151 19127 33135 33015 33095 32853 56815 34376 40477 18176 57158 17912 33245 32927 33270 34544
hp 363
t 14883 15028 19971 14916 14925 17541 16995 17007 15898 17703 17556 20422 17900 17680 17520 20287 14937 17578 20306 20385 20386 20389 20384 14962 17585 17586 17681 18425 16910 7735 17562 14882 14951 17544 16992
ap 15
hp 61
t 81711 59696 58764 60381 41333 19243 23325 59623 59708 78496 59711 60819 60226 58952 58953 81223 60232 65335 57430 16462 60237 79362 78087 59898 78853 60408 38648 59473 18164 60410 22416 58971 16472 79032 59056 80310 59146 58894 58980 80995 81676 60345 79640 79470 79046 79047 58477 77944 79305 59755 78456 59247 79562 81688 64944 59847 79485 65036 64526 41836 59687 65127 60112 18038 79153 60370 81365 59691 60033 17023 60205
ap 16
hp 384
 16383
ap 17
hp 385
 73727
ap 18
hp 38
t 60248 58635 60888 58040 59189 58468 59191 57875 57365 58513 75216 58856 58815 59878 57882 58094 58945 57884 60180 59716 58824 58698 6850 58659 59680 58873 79061 81274 57900 59728 81276 59178 51699 58036 59733 57907 57397 58588 57696 59482 59185
hp 50
t 75421 58423 61314 35729 58418 51625 58596 81376 58601 59454 61326 58692 59884 60394 35574 57505 39400 33792 58614 58444 59552 58535 39835 39073 58374 81583 57954 39085 58380 34837 58552 39937 58722 57959 60172 59833 60089 58050 51250 60177 59158 59754 34594 57886 19381 60182 58484 37915 35197 59678 57558 59173 59088 81359 59089 34866 58073 38693 59775 57735 79241 78476 58417 58078
ap 19
hp 386
 40143
ap 20
hp 387
 61375
ap 21
hp 388
 32719
ap 22
hp 389
 78846
ap 23
hp 390
 73662
ap 24
hp 44
t 45758 43549 26974 27485 27401 69222 26213 26978 45508 69396 45511 45086 45851 27492 46787 69058 45512 42793 45429 43986 69062 45517 43988 43137 12793 45433 26905 69320 45520 69236 27416 45437 26908 26738 27249 69409 27079 27080 26911 26996 61847 27082 69413 69073 68903 27508 46039 27084 45529 43150 26745 27085 45445 27425 27001 27003 27088 27004 45534 45535 27090 27430 27006 61943 42309 27094 44010 42480 27095 45546 42318 27019 26934 42489 27447 27618 45723 62214 46829 43686 45473 27030 62305 26945 69105 69192 62223 26951 45566 43781 69452 26952 26953 69455 27126 47017 69202 27127 26958 27043 26703 27132 27388 46428 27473 27050 27051 26286 27393 27223 45074
ap 25
hp 81
t 52046 50856 52047 51707 49157 52048 51708 50858 52050 70242 52053 52054 49505 51545 50865 49506 49507 49508 52059 49168 49509 50869 50868 49510 50870 50871 49172 49173 52064 50874 49174 50875 49175 50876 52067 49177 52068 49517 50877 52069 49180 49182 49183 50885 51567 50888 70270 49701 52081 49191 49192 50723 52084 52085 49195 50896 49196 50898 52090 49201 52092 50562 49202 70282 50563 49203 50903 49204 50855 50908 49210 49554 49153 50920 50921 50924 50584 50925 50586 49399 50590 50761 50931 50932 50934 50765 50597 50598 50769 49412 50942 50943 50604 50607 51968 49588 70329 50780 49589 49590 50781 49591 50782 51971 51462 51463 52143 49593 51973 49594 51974 51466 51977 49597 51978 49598 51300 51471 49261 50792 50793 51985 51987 70009 51480 51989 51992 51993 52164 51995 51996 52169 52170 52000 52002 52173 52003 52004 52175 52005 52006 75807 52008 52013 50824 52014 71395 52015 51506 50827 52020 70891 52192 51512 50833 52194 50834 50835 50836 50838 52032 50844 50845 70226 50846 52036 51527 70227 52037 50847 70398 49152 50513 52043 51535 52045
ap 26
hp 391
 54076
ap 27
hp 49
t 57571 58421 74190 79843 55661 58935 75170 55365 59064 55622 59065 80698 55539 81082 78958 81679 81466 75219 58092 79427 81808 57458 77901 76244 81727 81175 81006 79689 57461 58907 81219 79860 57463 80924 55639 57382 34858 80929 79824 79612 57852 57513 81695 57640 57810 81061 79786 59091 60240 81363 57435 75456 55311 58798 78858 81452 58884 77882 81155 55529 81115 79202
hp 46
t 58251 57614 81074 81713 80992 81375 81453 81504 58258 74578 58301 81252 81423 81465 81508 81424 58346 58986 81468 81171 81894 81412 81172 81596 81087 80917 58308 58988 58990 79688 81260 79817 81008 81476 39147 79819 79692 79736 81394 58318 57765 81056 79823 57426 39067 39792 79829 57517 74562 58029 59134 81576 58121 81196 57992 81537 57994 58249 81156 57399
hp 62
t 57996 81288 58168 39129 81036 58257 58087 81378 58259 81210 57581 81891 39902 55372 55543 59112 81044 55544 81214 80960 81217 57847 80967 81053 58274 81224 80970 57510 58021 57427 79698 58363 81569 81060 57431 58366 79702 39245 39840 58201 39757 81152 39332 39079 39421 58292 81497 58293 39083 58294 81584 81159 81586 81587 39342 80993 81079 58299 81589 58129 81249 81590 81421 81336 80910 79720 57963 75303 81593 81454 81595 81426 81255 81428 81513 58309 57374 80921 58312 55508 79734 81179 58317 39107 58233 81523 81354 58319 81525 57386 79743 58239 38945 38946 81532 39884 39799 81279 58245 39885 81366 39801 58416 58247 58248 80943 81198 58165
ap 28
hp 79
t 70363 71383 70704 71215 71044 71045 70365 71385 70706 51498 70665 70240 70666 71049 70159 52057 70375 70716 70674 70379 50872 71018 70340 70471 70008 69966 70351 52034 52035 70991 52165 71377 70357 70914 52001 70362
hp 85
t 47838 31137 47285 65905 31227 31142 31525 31145 31444 47849 31106 47173 31176 73311 31407 52999 66474 73401 31539 66391 47310 66351 48077 48078 47950 53136 47399 31121 50417 31589 45147 48080 73245 31129 66362 31470 66196 49703 31555 48046 49705 47836 66197
hp 83
t 70916 70917 35813 70919 53411 52052 70839 51969 50864 52055 51970 71010 71096 71011 70246 51972 70673 50784 51975 77646 35827 71272 50703 51979 50790 70000 51980 52066 70512 35662 70006 54027 35074 54029 54030 52076 35671 52078 54204 52079 51994 70269 52080 77581 77751 52167 35168 71465 70531 71467 70702 70364 35090 53454 35690 54816 35096 70714 70377 71483 70718 70719 69956 34855 54151 35112 35113 69963 54154 52030 77361 34861 70052 77363 52033 70053 70054 70225 70565 70482 51533 35809 51705
ap 29
hp 45
t 60632 78482 60379 51965 63525 77891 78486 63527 78318 78488 60383 79339 60299 79430 64641 79006 77903 80878 79604 57504 77905 79520 79861 60396 79607 60398 79695 77910 79525 79442 79445 80721 79446 77917 79363 79533 79279 79449 58965 79450 79621 77921 79451 58883 78178 79453 79455 79627 80734 64074 79459 80567 79462 77933 80824 79637 79468 80744 79724 79469 80660 79554 65274 79301 65107 79387 78310 78031 79476 79307 60353 77863 51089 77864 58739 78716 59676 78038 77869 65375 79486 65037 79317 79487 80762 60193 59684 64870 78470 80002 78132 78219 59690 59860 79326 81027 79327 79330
hp 48
t 46946 42358 26634 62080 46017 46529 45513 26048 26389 26900 45431 43902 69317 45522 45523 62098 26995 27505 42806 69072 26658 67543 43319 27000 69247 26749 27260 27005 42307 44009 42311 42481 27309 42314 44016 43848 43594 42320 42406 42492 42327 42243 25074 69194 69195 26695 69451 42339 62314 24914 27040 42169 42087 43448 26705 26110 27047 43708 26283 26963 43624 42352 27477 69469
ap 30
hp 53
t 5806 4553 17836 6743 21556 21003 21238 6724 5069 565 20668 20881 8088 57921 20753 11785 7070 19036 21013 19632 4630 4737 6078 21082 5804 20850
ap 31
hp 392
 65422
ap 32
hp 393
 56590
ap 33
hp 362
t 56653 54283 56770 56604 56772 54401 57140 56785 33668 56682 56831 32921 56644 54667 57227 56964 57178 54326 32904 56802 32929 56607 56624 56966 57131 32909 56943 32942 54446 32951 40498 40501 56848 56619 56951 57095 56609 56610 32898 57097 33728 57248 57118 57180 34342 57300 56651
ap 34
hp 394
 24575
ap 35
hp 271
t 80776 63437 63438 80779 79420 63440 62761 63441 63102 64803 80784 63104 63105 63445 62766 63446 80787 63107 64128 63449 65489 64129 65490 63450 64130 64811 65491 63451 80792 64132 65493 64134 63115 64815 65495 63116 63455 63117 63457 63118 63458 63119 63120 64141 63122 65503 64143 63124 63464 62785 63465 63126 62786 63127 63467 63808 65168 80809 62790 63470 62791 62792 63472 63133 62793 63473 63134 64154 63475 63476 62797 63477 62798 63478 62799 62801 63141 61441 63481 63482 64162 62803 65522 63483 65523 65524 63145 65525 64166 65527 62808 62809 63150 65530 63151 64851 65532 64173 63154 62815 63835 64175 62816 65535 63836 63157 62476 63837 62818 63838 62819 63839 62820 62481 64521 62822 62482 64522 62144 63167 63168 63848 63169 62830 62152 63176 63856 63177 63857 62497 41078 63859 62499 63860 62500 63861 63863 62163 63865 63866 62506 63187 61827 63868 63869 62510 62170 62851 63871 62511 63192 62171 62173 63194 62174 62514 62855 61496 62856 62517 62859 63883 62183 62527 62868 62869 63889 62871 62872 62532 62873 62874 62194 63895 62876 63216 63896 62877 62755 62878 62538 64239 62201 63902 63224 62207 63911 63912 62552 62893 41133 64593 62894 63913 63915 63576 63238 62900 62901 63922 62562 62563 62565 64265 62906 62567 62908 64608 62911 64611 62912 63932 62572 62913 64272 62573 62574 62915 63935 64275 63256 62916 63257 64277 62918 63938 64618 65298 63939 63260 63941 64281 62923 63943 64283 65303 64626 62927 62928 64628 62929 63269 63270 62933 62934 65314 63275 62935 62936 65316 64636 77897 62938 77898 62939 63959 79602 63962 62943 64643 62945 64645 77906 62947 64987 77907 62948 64308 62949 64649 62950 65330 68731 63971 62952 64312 62953 65333 64314 77914 62955 62956 63296 64316 63297 62616 65336 65337 62617 64318 64658 64319 64660 65340 62961 63981 63302 65342 62963 63303 41203 63983 62965 62967 63308 42568 64668 63309 65349 63310 65350 62971 63311 62972 64672 63313 64673 63314 62974 65354 63315 64674 64675 64676 63317 64677 64678 64680 65360 64683 62644 62645 62648 64688 65369 62649 62650 64690 65370 77951 64352 62654 62655 63338 64698 63000 64700 64020 63002 64705 61986 64366 62667 64707 64708 64030 63351 43971 64033 61994 41935 63435 62681 62682 64723 62684 62687 64729 64395 64736 61677 62700 64741 63042 62703 62026 62028 64748 63049 80732 62712 65432 62035 63395 62715 63057 68842 62722 64423 78024 62725 63407 64768 65475 64772 62734 40975 80760 63420 65461 64783 62744 63426 64788 80769 62750 78051 63432 62752 65472 64792 62754 79415
hp 69
t 44948 20616 44801 20601 20644 41322 20645 44934 20646 20647 42919 20649 44939 20650 20629 44812 20694 20482 44813 42179 20653 20717 23015 42184
hp 229
t 58760 57401 57656 59102 57657 58762 58763 57744 59104 57745 58765 57746 57661 57832 58766 59106 58767 57748 57663 57749 57664 59109 57750 59110 58430 59113 59114 57755 57670 57501 59115 59116 58776 57756 59117 57503 57757 58096 59118 57588 57759 59119 58102 58442 58785 57681 57853 58788 57685 57686 57347 57687 57603 57691 58031 57692 57780 57781 57782 57697 57783 57785 57616 57786 57701 58467 57702 57703 57706 57452 58813 57708 57454 57370 81851 59072 57628 59076 59081 57483 57384 81526 59003 57728 59090 57730 57654 58752 57648 57734 58754 58755 57395 58756 58587 57652 58757 58759 59098 57739
hp 187
t 25867 24594 27997 25872 25788 27999 28594 25875 25790 25626 25881 25966 25882 25883 25629 25800 25716 25633 25634 25720 25126 25637 25639 25724 25810 25725 25726 25982 25812 25727 27940 25902 24628 25651 25664 25920 25921 25157 25670 25925 25330 25840 25926 25671 25161 25672 25842 25673 25674 25929 25334 25164 25930 25845 25676 25337 25677 25167 25678 27973 25847 25168 25848 25680 25850 25681 25936 25851 25682 25937 26191 25852 25938 25683 25853 25939 25856 25688 25776 25947
hp 102
t 75803 79376 80354 75849 71812 80482 71813 71984 63529 79424 80869 71818 80870 71934 79937 71990 71822 71992 71823 75801 80028 75820 75778 75821 80496 75824 75802 80457 75826 75828 75829 75830 80505 64241 80250 71964 80464 71923 80465 63508 75833 75834 79660 75835 80510 76515 67804 80595 75794 75836 75837 75838 72694 79665 75798 75842 80560 80858 79669 80010
hp 101
t 79837
hp 231
t 71256 75677 76358 71259 76530 72451 75086 77041 77042 75768 75683 76874 71348 71264 72455 71350 75771 77046 71182 77047 71268 69824 71269 76880 71270 76881 76541 71271 76882 71188 72463 76883 77053 76884 75608 77054 71189 75695 77055 71275 77056 71276 71191 71192 76888 71193 71279 76295 71195 71196 75701 72641 76892 72472 71197 76807 76978 71199 69839 76979 71200 75705 69841 77066 76983 76388 77239 77068 76389 76900 75624 71205 69845 76815 76986 69762 71207 77157 76988 71209 76394 69850 76992 71213 71214 69854 76824 71218 77000 76915 69861 72668 75049 77005 76835 76327 69868 77009 76925 69700 76331 76926 77011 69872 76927 76333 69873 72680 75571 69706 77017 70642 77018 69708 77019 76509 77020 72516 76511 72689 69885 76521 71253
hp 255
t 61651 61646
hp 270
t 62926 80774 79416 63267 79417 80777 80778 79418 63098 63100 65480 64801 62592 79421 80782 62932 62593 63274 62594 62595 80785 79425 62596 80786 79426 64807 65488 80788 63448 80789 62600 64640 80790 80791 62603 64813 80794 80796 79436 80797 65497 62608 65498 80799 62610 65499 65500 64651 62612 64823 62614 62784 79615 63466 79447 80808 62788 63468 62789 62619 80810 62621 80811 65511 62623 62964 65514 64834 62795 80815 62966 63136 64836 80817 65517 79458 80818 62629 80819 79460 80820 62800 80821 79461 63480 63142 64671 79463 80823 65014 63144 65355 80825 62636 62805 80826 63146 62806 62807 80827 64165 65526 63486 80829 62640 62810 80830 62641 80831 63322 62812 65363 63153 63664 62814 62646 63496 62647 80837 62817 63497 80839 62821 63672 63161 80842 62653 62652 62823 79379 63845 80845 62825 80846 79413 80847 62828 63849 63170 80851 62831 63172 64703 64023 63173 61984 63174 62834 80855 80857 63858 63264 63179 63434 63183 63864 62845 63867 63358 61662 62853 65406 64229 79360 63890 63892 79364 62875 63897 63898 62198 63899 79370 63900 64240 63901 63903 79374 63904 80735 79375 64245 63906 64248 63059 63228 63229 63908 64249 62890 63909 64250 63910 64251 79381 62892 62724 79384 80745 62895 63916 80747 62727 62897 63917 63748 62898 77859 62730 63919 63921 80752 62732 62902 80753 62733 63923 80754 64773 63924 62904 80755 62735 64776 63586 62907 80758 79398 80759 79570 63931 62571 80763 62743 63594 63595 80766 64786 80767 62917 80768 79408 62749 78049 68871 80773 79412 63433 63263 65474 63604
hp 326
t 23336 37766 41443 23530 23149 23043 22494 23004 23198 24177 22817 23029 22818 23137 41630 22505 18872 21826 5125
hp 169
t 472 504 685 378 410 506 686 348 1018 349 340 362 407 290
hp 302
t 79671 80883 64818 80353 79633 80589 80165 80357 80591 79636 79679 80805 80466 80727 79666 80432 79647 80157
hp 263
t 68200 64461 67188 68209 67530 68553 63114 26735 62437 67538 67539 66860 66862 68222 68564 63125 63130 63132 68574 63814 67215 63816 63817 63819 64501 67561 63824 63825 63827 63148 63829 61791 66891 63833 63156 63158 63159 63164 68951 69631 61812 68272 62161 68283 61823 63185 68286 67608 62169 62850 61831 67277 63200 68640 62865 68307 68647 68650 63210 61510 68655 61521 68193 68674 68677 68680 68341 43861 68682 64262 68343 68685 61545 68346 68686 64267 68348 68688 67330 68351 67331 67332 64273 68694 67339 63942 67342 64282 67343 67356 67017 63957 63965 67366 64311 68732 63972 63974 63975 64317 63977 62958 66703 79967 68748 63990 64332 68753 63996 62977 63997 62978 62981 62982 62983 62984 62985 62986 67069 64351 67413 62993 63673 62995 61637 67418 68098 69459 61639 67420 61640 69463 67426 63007 68787 67429 67430 64370 68110 67431 64371 67432 64372 67434 64375 67436 61656 61658 64379 63020 68800 64380 63022 63025 61666 68806 61667 68127 63029 64389 64390 61671 64391 63032 64392 61673 63033 64393 68474 68134 64394 63035 67456 64396 68136 67457 63037 63038 64398 64399 63040 67460 63041 67461 67462 68822 67463 64403 63043 63044 62024 67465 63046 67466 68826 63047 67467 67468 64408 68829 67469 67470 68150 64410 67471 68151 67472 68152 68833 68153 68834 62034 68154 68155 68835 64415 68836 67476 68837 67477 67478 64418 67479 67483 63064 67484 63065 68845 67486 63066 68846 67487 67147 68168 64429 68849 68169 64430 64431 68171 68172 64433 68173 68854 64436 67496 67497 68858 67498 68859 68179 63082 63085 63086 64446 67507 61728 61729 67510 61731 64453
hp 265
t 42441 65392 42527 43293 65394 42700 65396 42617 42532 43639 42367 42538 42540 61920 42370 42542 41352 41015 42716 41016 41358 41019 43910 43997 43912 43913 42639 65334 44000 43320 42725 44002 44004 42729 42390 44006 63471 62622 44007 42394 43925 42735 42652 42398 42655 42315 42571 65437 42658 42488 43851 62043 42324 42325 65446 43941 43856 62216 40967 43857 65448 62133 42669 42414 65450 40972 43183 42334 42504 61970 42760 65372 43867 43782 42338 62143 40979 41404 62486 65380 42516 43791 65382 65383 43198 42518 42691 65302 42439 42610 43885
hp 103
t 80861 76527 63736 63518 80864 76021 72409 63570 63519 67823 80063 80871 80192 75815 80193 80178 76029 75989 63876 71910 75777 80155 63538 64218 80156 75864 75992 75844 75866 75994 67792 80032 75995 63501 64224 80035 80037 64184 63547 80039 67802 80042 67803 76006 80046 64236 75839 79919 75840 67855 75884 75799 80134 63517 75886 72401 67812 71807
hp 78
t 49414 71644 71009 70840 49335 70926 49337 70672 50867 71098 50911 71653 70975 72846 49217 73188 71658 49219 68388 50795 49222 65925 45315 49229 50804 49231 49190 50764 72950 49193 72952 50770 50813
hp 175
t 24650 24645
hp 97
t 31229
hp 354
t 77096 74919
hp 106
t 80478 79798 80564 79715 80480 79800 79631 80481 79632 79717 80398 79801 80568 79803 80569 79635 80570 80485 80401 80571 80486 80573 80404 80531 80574 80405 80490 80491 79731 80498 80415 80392 80544 80545 80590 79784 80469 80471 79793 79624 79709 79667 79625 79626 79712 79713
hp 107
t 76186 76526 72702 76357 72449 76189 76183 76190 76360 76361 76362 76363 76534 76184 76535 76537 76368 76369 76200 76540 76370 76201 76371 76542 76372 76543 76373 76204 76289 76374 76205 76119 76375 76206 76290 76121 76122 76378 76124 76379 76125 76380 72640 76381 72642 76382 72643 72475 76134 75796 76137 76481 69852 76398 79119 76145 76147 76488 76489 76491 72666 76069 76496 76497 72672 76498 72673 71824 76413 72674 76414 76499 72675 76500 76501 72676 76502 72677 76503 72678 76504 76079 72679 76505 76506 72681 76507 72682 72513 76508 72684 76510 72687 76173 76514 76517 76518 76178 76525 76519 76520 76352 76522 76353 76523 76524 76185
hp 295
t 41420 41634 41442 41592 41422 41638 41723 42382 41555 41406 41641 41747 22456 42410 41412 41562 42732 41351 23374 42372 41692 41013 41757 41590
hp 305
t 71171 71258 71344 71260 72494 72452 72495 71349 71351 72458 72502 71354 72460 72163 72546 71356 71357 72632 72335 71274 71319 71235 71277 71108 71278 71406 71407 72470 72514 72515 72558 71241 71368 75661 71249 72525 72696 72527 71974 71422 71254 71382
hp 268
t 23148
hp 180
t 20588 20626 20481
hp 111
t 75696 76377 75081 76532 75704 76300 76384 76302 75707 76387 76303 76473 75221 75626 75223 76393 75249 75228
hp 228
t 81371 59101 81373 81374 81714 81544 58339 57490 81716 81717 58172 58300 81718 81719 57791 57410 81381 57496 81382 81383 57498 58306 81384 57499 81682 81385 81724 81386 81387 81388 59075 57632 81347 59120 81391 59122 58357 57508 81562 81393 57509 59124 58190 80975 81273 58153 57518 59133 58326 59006 59092 59135 81703 59093 39075 59094 57437 59095 58203 59096 81536 59097 59099
hp 168
t 27991 27778 27993 25783 27910 42190 25700 42108 27957 25707 25880 25923 44835 44538 26562 26605 0 27839 25931 25889 25679 25127 43574 25214 25342 25981 25644 24624 26112 27983 25901 24967 25859 28028 25903 43626 28113 28029 25864 25865
hp 166
t 27311 43547 43550 27231 42873 26559 42882 43565 42886 27248 42889 26060 27336 27252 42893 27339 43576 42897 42899 27174 43580 27346 42901 27347 42902 26242 43583 26074 26076 26248 27099 42910 27356 26252 42912 27188 42916 26511 43766 43767 42918 26258 27195 26090 26091 27452 27453 44199 27202 27205 27376 27206 26101 27377 26102 43528 27381 26107 26447 27383 27213 27215 27216 27387 42942 27302 43538 27218 43539 43540 27307 43629 43544 43545
hp 262
t 63606 67686 63946 63607 67857 63608 63609 63949 67859 63610 67690 67860 63611 63951 67691 63612 67692 67693 67694 63615 67868 63619 67871 63966 68561 63128 63639 63129 67889 67720 67890 63640 63980 67891 63811 63642 67892 67722 67724 63644 63645 63648 67729 63649 63650 67731 63651 67901 63652 62802 63653 67903 63654 63655 63656 68586 63826 63657 63658 63828 63659 63149 63660 63830 63831 63832 63663 62813 63834 71997 62988 63500 62991 63840 63841 63502 63842 63843 63503 67584 63844 63675 67585 63505 67853 67586 63846 63847 67588 67589 63850 67590 68101 63851 68102 67762 63852 63512 68103 63853 67685 68104 67765 68105 63855 67766 68106 71507 67767 68108 67768 63178 67769 67599 67600 67771 67941 67772 63692 63862 63693 67773 68113 67774 63694 64373 63695 67605 67606 64377 68118 68119 67609 67610 67611 67612 67613 67784 64384 67614 64385 67616 64387 67617 67618 67619 71530 67620 67621 67622 67793 63543 67623 67624 67795 80036 67627 67628 67629 67630 63891 67631 63893 67633 67635 63603 67649 67650 67651 67653 63745 63575 67655 63746 68167 63578 67830 63920 63580 67661 63581 67832 63582 67662 67833 63583 67834 67663 63584 67835 63585 67836 63926 63757 63587 63928 63588 67839 63589 63759 63590 63930 63591 64442 63592 67672 63593 63933 68525 63596 63937 67508 71757 67848 67849 67850 63600 67511 67680 63940 63601 67681 63602 67513 67851 67683 67514 67852 67684 63605
hp 304
t 60163 59145 6873 60254 59873 60256 58981 59874 60044 59876 59877 59157 78411 59885 60269 58867 59675 78419 60399 60401 78210 60233 60403 78339 59724 59895 60404 59683 60406 6517 60368 59901 60412 59138 60413 59652 60247
hp 274
t 65136 65477 64798 65138 65141 64802 65142 59703 64804 60384 59704 59705 65144 64806 59707 65147 79428 79429 59709 78749 65150 79431 65152 79434 78074 79437 79438 79439 78760 65501 78081 78763 78766 60407 79448 78768 65509 65169 78090 65173 65513 60414 65174 65175 65516 64837 64838 64839 64840 65520 64841 65521 65183 65184 64845 65185 64846 65186 64847 65187 64848 65528 41728 65190 65531 78454 41735 59416 78459 41739 41740 65202 59423 65203 78464 78465 65207 78468 65209 78472 65215 65216 78477 78479 65219 78481 78483 64887 65227 78489 64889 64890 78491 64892 65232 64894 65234 41774 22736 64897 78497 65237 65238 78499 65240 65241 78502 65244 65245 22748 78510 22750 78511 77831 77832 77833 78174 77834 78175 77836 78176 77837 77838 77839 64920 64921 22761 77842 78182 78184 77844 77845 78185 78526 78187 22769 77850 64931 22771 78192 77852 41813 78193 77853 77854 78194 78195 41815 22775 41816 77856 77857 77858 41818 65278 78198 78199 78200 77861 78201 78203 64945 77865 78205 62566 77866 41827 77867 41828 77868 77871 77872 77873 77874 78216 78217 77877 78218 41838 41843 78224 77885 78225 78226 64967 77887 78227 64968 78228 64969 78229 77889 64970 78230 77890 78231 41851 64972 77892 64973 77893 64974 64975 65315 78236 78237 62597 64978 65318 60218 64979 78238 78239 79600 64980 78240 64981 78241 64982 64983 65323 78243 78245 60225 79606 78246 78247 79608 78248 64648 79609 60229 78249 79610 78250 79611 41871 78251 60231 41872 79614 60234 59555 77915 78256 60236 78257 78258 78259 78260 41880 78261 78262 77922 78263 77923 64663 65345 65006 77926 78266 78267 65008 78268 78269 78270 78271 65012 78272 78273 78274 41894 65015 78275 41895 65016 78276 41897 78277 65018 78279 65020 41900 77940 65021 41901 65022 65023 65024 65025 78285 77949 65034 65035 78295 78296 59597 65038 78300 77961 78305 78306 78307 78648 78308 78649 78309 65050 78650 65051 78651 65052 78314 41934 78316 78317 65059 78319 65068 41948 65070 41270 59632 59639 41960 78006 79368 65089 65091 78011 78013 78734 65097 65099 78699 65473 79382 65108 59669 78711 65112 60352 65113 65114 78715 65115 59677 60360 64781 64782 79406 65130 79410 65133 65134 65135
hp 254
t 23247 42409 42696 42401 22831
hp 96
t 77808
hp 276
t 42559 43859 65534 62857 64739 79422 64644 64667
hp 324
t 75678 75257 77044 75684 75685 75686 75687 75604 75605 69825 75606 75691 75607 69827 69830 75610 75611 76376 75613 75697 75614 71194 75615 75616 75617 75702 75618 75703 75534 75619 75620 76301 75621 76385 76386 75622 75706 76475 69846 76391 69847 75627 76392 69848 69849 76395 75632 71212 76396 75633 76397 76994 75634 76399 75635 76996 76997 76998 75554 75556 69864 69866 77008 76924 77010 75567 77022 75584 75586
hp 84
t 76866 70959 70663 70497 74024 76959 51246 71052 70670 70713 71097 71438 71651 35825 70717 70675 51295 34848 71484 70976 71615 69958 71446 76971 71447 71404 69876 70473 70049 76849 71202 51269 76854 70990 51484 51867 70058 51273 34913 51447 71634 70530 71466 35256 70575 71085
hp 80
t 49667 49668 31649 49670 31650 31651 31141 72792 49162 47293 49504 49676 49677 30978 49679 31149 66340 31150 31490 30982 31153 31154 31494 31155 47136 49688 46628 73318 49689 31498 49519 49690 49692 31164 31167 50208 49700 31170 31510 50211 49702 31511 50213 50214 31514 31006 49707 49708 50218 66369 31179 31520 49711 31521 47162 66033 66373 45123 31522 31694 50398 31188 47169 47170 47851 50402 47172 66383 31872 31873 47175 31195 31535 30006 47177 30177 30009 49731 66221 66394 30864 66055 49904 49905 66396 49906 66397 48037 49907 66058 47361 46681 47191 31211 46683 50253 31554 47196 66407 47368 31218 31389 49409 31559 47370 31050 49410 49411 49752 31222 47543 31225 73216 47207 31058 31228 66419 31568 47209 47380 31570 73221 47381 31742 30892 49763 73223 31573 30213 49423 30214 31914 30215 73226 31067 73227 31068 30728 30729 30219 31070 31579 49431 31071 30221 31072 73232 31581 53173 30731 49432 49774 30732 30224 31584 49433 31585 49434 48075 30226 30736 50116 31587 30737 30228 73239 30739 49439 28870 31591 31082 31083 73244 31084 30744 73246 49446 31087 73247 49447 49448 31599 49450 31091 30751 31092 49452 50132 47414 31094 31604 66455 47415 31095 73256 49455 30756 73257 31608 31099 30759 31101 50141 31611 31102 50142 30762 47423 30765 48106 30767 30768 31110 28900 31112 66472 30772 31113 30773 28903 66476 48117 31458 66480 50160 30780 46081 30782 50162 30783 47953 31464 31124 30955 50166 31467 31469 47109 31133 31134 31135 49665
hp 189
t 44884 44354 44396 42102 42082 27911 20687 41726 20735 44918 42052 44327 20697 43520 45009 44372 44903
hp 260
t 23164 59636 23140
hp 171
t 960 366 452 4787 367 197 199 115 117 4623 204 120 28256 971 206 28426 291 123 28345 976 977 301 982 303 985 986 987 25809 994 146 401 149 150 151 321 322 323 155 1005 71 157 1007 158 668 159 839 669 329 330 28296 331 28297 1607 28298 844 164 335 846 1016 1017 168 83 28305 1020 255 344 599 7 178 179 182 183 268 355 526 101 356 613 273 275 533 617
hp 68
t 20744 20638 21489 28204 28182 21490 28268 28200 21492 28186 21366 44805 44552 21497 44853 21460 20631 44584 28201 44586
hp 290
t 72427 68565 68547 68585
hp 65
t 28224 28161 44577 21500 28226 28193 28195 28270 20652 28207 21493 28197 21325 968 28211
hp 177
t 43588 43546 43589 42101 44099 26932 42785 44053 43552 26892 43597 26937 43555 43117 42790 43768 44960 27029 43647 62220 43521 44925 27033 43523 43609 42461 43567 27036 43611 42761 42081 42762 42778 27038 43614 27055 43616 43531 43702 27384 27299 27214 43620 43535 27386 27345 27219 42137 43585 43628 43586 43587 43630
hp 269
t 21600 23867 22366
hp 100
t 62613 62905 62611 62638
hp 176
t 42100 43463 42274 42443 42444 42276 43466 42021 42446 42364 44066 42284 42285 42455 42030 42286 42456 42287 43651 43821 42464 43488 43492 42813 42305 42220 42306 42051 42308 43501 42312 42142 42483 42316 45036 42319 42152 42240 42072 42073 42245 42671 42246 42162 42163 42164 42251 42252 43359 42085 42256 42173 42008 42092 42432 42773 42264 42093 42094 42265 42435 42266 42267 42437 42099
hp 182
t 27226 27992 27907 25782 28248 44143 27994 27824 27995 28080 28081 44402 27828 44404 42875 27830 44405 28001 28002 27917 28003 27921 43562 28008 27923 27926 28013 28014 27929 28015 42890 27931 42891 28018 42896 26577 42898 25729 42900 26581 28031 26588 25909 26590 25740 26513 27788 42921 44456 25927 42927 28055 28227 27803 25935 44466 44126 44127 44469 44470 44390 25946 44394 27904 27905
hp 344
t 22260 22269
hp 188
t 42909 44832 44928 42911 44919 44995 45038 44913 44446 970
hp 303
t 76172 71248 72545 72651 76202 71464 75831 72346 71369 75832 72571 71252 72572 71371
hp 181
t 44804 44807 44909 44910
hp 82
t 49156 50772 50773 50775 49159 36071 36073 49164 49250 49421 50866 72966 49252 49167 50442 31572 73479 49339 72885 72970 72971 49427 52232 46708 72893 45183 71618 50794 49435 50713 52077 52418 31680 50808 49278 49279 70785 50812 50133 51663 50134 51579 50815 50561 70710 51672 50228 50909 73689 51677 49556 31707 51683 50578 73189 30945 53132 45907 73366 50418 49740 35375 49741 49232 50933 49234 49747 51617 34703 49154 50599
hp 272
t 41847 65307 41848 65478 41338 41849 41340 65482 65484 41855 23157 65153 23165 64986 65156 22656 22657 65328 64989 22659 41361 22662 64993 64995 64997 24367 41879 65170 65002 41882 22672 65003 65172 65004 22674 65005 22845 41885 41886 65007 41887 22677 22678 65009 41889 65179 22680 41891 22681 65181 22682 22684 41896 62637 22687 41899 41729 22690 23201 41731 41732 22692 41393 41733 22693 41734 65365 41905 65026 41906 41736 65367 41397 41737 41738 41399 22699 22700 41401 65032 41741 22701 65373 65201 22702 65374 41743 22703 41744 65204 41405 65205 41915 41746 65206 41748 65039 65208 41749 41410 65381 41750 41411 65210 41751 41752 22543 41753 65384 65213 41414 65385 41754 65386 41416 65388 22718 65389 41758 59779 41419 41759 65391 41933 23233 41424 65395 59275 41425 41764 41765 41766 65397 41256 41767 65398 41768 65399 41769 41600 41430 41770 65401 23241 65402 41432 65403 41772 41433 41604 41773 23244 41264 65404 23245 59626 41606 41776 41607 65405 41777 41266 23246 65407 59969 60139 41780 59291 41271 41612 22912 65242 41614 41446 41447 60149 41450 41790 41961 41791 22751 41452 41963 41457 59817 41968 60159 6442 41635 41975 22935 41466 21746 41977 65438 22938 22768 22939 41300 41810 23110 23113 22774 23115 59327 22947 22948 22778 41309 41820 65111 23120 65280 41821 22782 65283 41823 22956 22957 65457 23127 41318 65459 41829 23130 23131 41833 41834 65125 65126 22626 41837 41839 65300 65131 41840 65301 41841 41332 41842 41334 41844 41845
hp 206
t 53858 54706
hp 300
t 67687 80523 71857 71265 72456 72457 71353 67699 72459 75776 72464 72465 72466 67706 72467 72468 72469 72471 76126 72473 71965 72476 71966 72477 71967 71968 72479 71969 72481 72482 75797 72483 72143 72484 72314 72485 72486 71976 72487 71977 72488 71978 72489 71979 72490 71300 72491 72492 72493 71303 71815 71985 71986 72497 71987 72327 71988 71308 71989 71480 71820 71310 71821 71481 71991 72670 72501 71482 72671 71993 71994 72505 67660 71995 67831 72421 72507 75822 72337 72510 72511 67751 72341 67837 67838 72683 72685 76513 72688 72179 76174 76005 72350 72691 76007 72500 72526 71763 72699
hp 186
t 112 113 28 156 114 72 23 73 200 116 201 202 118 76 207 81 124 125 126 211 127 1786 176 177 92 93 94 180 95 181 96 97 352 353 184 99 354 185 269 14 270 186 187 443 104 105 106 107 363 365
hp 110
t 80446 79766 79761 79762 79753 79749 79750
hp 273
t 23146 41337 41339 22979 23151 41341 42701 23153 41343 42023 80783 42704 42024 23154 23156 22987 23158 23328 23159 42708 41008 22989 23161 42371 23162 42711 42032 23163 42373 42714 41014 22994 42375 42376 23167 42377 42038 22998 42039 42720 23143 42721 42381 42041 42042 42722 65332 42383 64994 42723 42043 42044 42724 24365 22665 42046 42726 23006 42727 42558 42560 23180 42730 42731 23182 41372 42563 42733 23524 23525 22675 42566 43926 41376 23017 41718 23529 23019 23531 41554 41384 42404 59404 42576 24386 42577 23537 42578 23028 42579 23199 42580 42581 22861 23031 42582 41392 42583 23032 42413 42584 23033 41394 42585 23035 41055 23036 42587 41398 22529 23379 42591 41403 23044 23045 23047 41408 41409 23049 41413 43965 41415 42606 23055 43966 41417 41418 59778 43800 41421 62673 41423 41595 23236 23237 42618 23238 23239 41429 41431 42622 23242 42623 41434 41435 41436 43310 23254 41615 22915 41449 41454 42477 43840 22251 41632 41633 41636 41637 41298 41639 41640 41643 41644 40965 22945 22946 41306 42496 42497 40968 41308 42499 41310 41311 23121 41312 23122 41993 23124 23125 42505 40976 41317 42507 23128 22959 41320 41321 42512 41323 23132 42513 22453 23133 42003 42515 23135 42688 23138 42519 41330 42520 42011 23141 42521 42692 22802 42523 42524 41335
hp 264
t 62628 65518 42694 65476 42612 42613 42697 65393 42614 43846 42698 42699 65479 62632 42616 61483 62634 43295 42615 42702 42619 42620 42621 42665 42707 62642 42710 62558 42712 65492 42713 43776 41396 42588 42715 42717 41021 62569 42657 41024 43787 42557 42600 62618 42601 42431 62620 63215 42561 63131 42734 42693 62626 42609 42695
hp 105
t 81799 81802 79765 79767 78919 79772 79773 79264 79093 81134 79265 79782 81142 79444 79785 79787 60411 79293 79295 79298 81168 79808 79809 79300 78111 79302 79812 79472 79303 79815 81176 81177 79308 79818 79309 79479 79310 79820 79311 79481 79821 79825 78976 79826 78977 79827 81019 79490 78981 79831 78982 79152 78983 79832 79833 79834 81025 79835 79495 81026 80688 78988 58931 79161 79841 79162 57573 79163 79503 79844 79164 79845 79846 79847 79507 81039 79000 79850 79851 79852 79853 79854 79514 81045 79855 79686 58947 81048 79691 79521 81052 79522 79524 57595 79355 79357 79020 79870 79535 79707 81067 81068 79200 81071 75291 75292 80395 79041 79212 79552 79555 81086 79727 79728 79559 81091 79561 79221 79563 79224 79226 79737 79227 79568 79739 79229 81100 79230 79744 79746 79239
hp 227
t 41822 64805 23152 23145
hp 340
t 46437 46438 46439 46440 46442 46528 45763 46869 46870 46871 45766 46872 46874 45769 46875 46876 46877 46878 45773 46879 46540 46880 46798 47818 47734 47735 46887 46889 46890 45785 46892 46893 46894 46896 46811 46556 46897 46557 46898 46899 47750 45796 46902 45117 46819 46566 46906 47760 46570 47761 46572 45807 46913 46573 46574 47765 47767 46408 47772 47092 46415 47776 46756 46757 46421 45486 47785 45490 47786 47787
hp 226
t 58660 59879 59184
hp 174
t 47026
hp 301
t 71001 72701 71002 64204 72110 67776 67777 71432 71933 67778 72369 67780 67781 67782 67783 79938 80023 79939 67785 67786 71441 67787 67788 67789 71444 67790 67791 72296 63542 80033 71703 72384 67199 72385 72387 67798 72390 72305 67801 72307 72478 72393 72394 63725 67805 72395 67806 67721 64151 63729 71890 72400 72317 72318 72319 64160 72406 72407 72408 72410 72325 71476 67821 72326 72411 67652 72158 71139 72159 71479 67654 71311 72331 80151 80153 67829 72419 72334 80154 80071 72506 72336 72422 72508 72168 72423 72509 64097 80077 70982 71153 80078 72343 72428 72429 71920 79995 72430 71751 64102 72177 71752 72178 71753 71924 71159 71754 63509 71925 71926 72351 71927 80172 71758 71929 71930 71931 71932 76012 76013 76014 72275
hp 234
t 59179
hp 113
t 79589 60252 78485 79251 58979 57577 78401 58895 58896 58939 78446 81805 78448 79597 58900 81807 79216 78451 79217 58903 60263 79601 78284 79218 79583 58905 79432 58906 58908 58780 58909 60355 59142 60313 79013 79225 79098 78545 60230 79571 79275 60235 60405 60363 60194 60323 78515 58881 78856 77879 78857 58926 78433 78859 57568 77883 58930
hp 341
t 46478 47712 47627 47033 47628 46354 47034 47623 46398 46399 46359 46912 46914 46915 46873 46917 46366 46918 46238 46920 47091 46921 47049 46922 46413 46923 47009 45820 46374 46376 46377 47100 47058 47101 47059 47102 47103 48250 47062 46849 46936 46851 46385 46937 46895 46386 47617 46387 47068 47069 47621 47070 47071 49069
hp 207
t 37378 40822 17384 40723 18173
hp 64
t 44459 44864 44886 45017 44847 42914 42192 26403 44870 44893 42922 45006 44539 44370 44540 28073
