ap 1
229
ap 2
40 42 157
ap 3
44
48
52
54
55
60
ap 5
62
ap 7
66
67
ap 8
76
78
ap 9
57
73
82
83
191
197
ap 10
70
ap 11
90 91
ap 12
84
86
ap 13
187
ap 14
208
ap 15
77
94
96
99
107
133
ap 16
236
ap 17
195 203
ap 18
45
102
104
ap 19
108
ap 20
176
178
180
ap 22
112 116
114
ap 23
118
124
ap 24
49
103
113
132
196
198
ap 25
41 119 159
ap 26
121
144
ap 27
146
ap 28
147 155
160 161
105
139
125
ap 29
79
164
166
167
ap 30
97
174
175
193
199
ap 31
115
141
162
163
165
ap 34
171
ap 35
37 39
36
38
61
117
136
137
140
