ap 1
257
ap 2
232
254
ap 3
46
50
56
58
ap 7
64
68
211
ap 8
72
74
182
215
ap 9
69
80
149
184
186
217
243
ap 10
213
223
233
245
ap 11
65
75
173
185
189
251
ap 12
88
ap 13
225
249
ap 15
59
81
98
151
188
207
224
235
247
ap 17
220
252
253
ap 18
100
106
190
192
256
ap 19
85
ap 20
234
242
ap 22
47
110
206
216
ap 23
43
120
122
123
194
222
238
ap 24
126
128
130
210
228
ap 25
71
201
221
226
227
237
ap 26
200
244
255
ap 27
51
87
148
150
218
ap 28
53
129
145
156
179
202
212
240
ap 29
231
239
241
ap 30
89
168
170
172
209
214
219
230
248
ap 31
95
131
183
204
ap 35
63
92
93
101
109
111
127
134
135
138
142
143
152
153
154
169
177
181
205
246
250
