ap 2
44
202
ap 3
48
52
178
204
229
ap 7
60
62
216
ap 8
68
74
201
218
226
ap 9
65
80
145
192
220
232
ap 10
45
213
223
ap 11
61
82
99
167
193
228
ap 12
84
88
ap 13
225
233
ap 14
208
ap 15
81
98
180
191
210
236
ap 17
189
194
234
235
ap 18
102
108
221
240
ap 20
109
170
176
177
190
ap 22
114
116
119
211
ap 23
41
124
126
127
196
222
ap 24
128
130
184
217
219
230
ap 25
67
195
238
239
243
ap 26
140
ap 27
49
87
144
227
ap 28
135
141
152
154
188
203
212
ap 29
83
117
131
215
ap 30
89
164
166
200
207
209
214
224
231
241
ap 31
75
95
115
129
198
ap 35
92
93
103
111
134
138
139
171
175
185
199
206
237
