ap 0
hp 368
 61183
ap 1
hp 369
 53048
ap 2
hp 90
t 58508 60209 58725 59873 59236 59875 39265 60897 60558 59031 60010 59884 58781 59038 59380 74682 59043 59811 59047 59005 59345 60067 60026 59346 59133 59217 59389 61430 60111 59391 59943 60115 58500 58757 59055 58545 58801 58719 59315 59230
ap 3
hp 37
t 74532 53366 75235 77704 76599 56241 71267 75455 74289 75397 75227 76183 53360 75399 75442 75358 74784 74275 74488 75466
ap 4
hp 370

ap 5
hp 83
t 21467 21374
ap 6
hp 371
 20472
ap 7
hp 372
 20158
ap 8
hp 38
t 48140 47804 73390 47806 46788 47639 31321 30472 46878 46456 48072 31327 46542 48242 48244 48245 47481 47566 46975 30570 31337 31763 48083 47744 47574 31850 47236 47577 46898 46901 47752 32116 47756 47671 46906 47931 47763 48018 45639 48360 47596 47003 31364 47007 49136 31286 47522 46758 30525 47780 32141 31377 32057 46763 47783 30698 48296 32148 31978 31809 47708 31388 31049 47032 46864
hp 36
t 47630 46866 45167 30718 46867 47888 30633 31824 47633 30634 46870 47890 47126 47891 47637 47723 47725 47385 31915 46707 48240 31411 30476 47393 45099 31414 31245 48246 45102 30482 47567 31333 47824 46719 31421 31423 47233 50124 31171 47576 31173 48003 30495 47581 31177 66366 47753 47413 47924 47926 48097 49541 31778 47588 47759 46999 46575 47766 31192 47768 31363 45134 48364 47599 47770 47771 46752 31369 48288 31459 47883 48290 73367 31972 46851 47616 47787 47192 49316 47448 48297 46852 47789 48299 31215 31980 46856 31387 47622 46858 31390 47796 46947
hp 43
t 47887 47720 29870 46871 47892 46703 47553 46874 47558 46709 47729 47900 48411 47732 47392 47054 48075 31755 46885 46716 47056 31417 48247 31418 47398 47399 46720 48251 48082 31762 47404 47745 47746 48087 47748 31768 47749 47579 47751 47582 46903 47754 47584 46905 49455 47586 50136 47587 46908 47589 47760 32460 47590 46911 66802 47764 47595 47935 47256 32127 46747 47598 47769 47430 47600 31961 45221 46754 47775 49476 46587 47778 47098 47779 48289 48291 47611 32142 47782 48122 46593 47785 47786 46938 47620 48302 47793 47795 48476 47626 46778 47799 47460 46270 31482 47803 30468 30469 46959 65832 47643 47474 30474 46965 45096 46797 30477 31158 30478 31328 46969 48329 30481 30484 48334 48335 48336 30487 30488 30490 48341 46981 66364 65856 47667 45287 48349 47501 31691 73174 46997 31871 48362 50573 49894 47011 73531 47864 30524 46676 31887 32738 46849 30699 73372 47533 46853 31383 47877 47878 46860 46690 46861
ap 9
hp 59
t 11164 9806 9978 12187 9982 9816 9647 9817 29708 9650 30051 29881 29883 30394 12884 12885 29207 12037 12206 11527 29209 9662 9832 8644 7285 12724 9666 9839 12049 12220 15622 29733 29904 12224 9848 9679 9849 29911 9683 9853 9513 9514 12065 29407 9687 12236 12237 29410 30431 10032 9523 12244 29926 4598 10888 12078 10889 29929 29931 12082 29423 12083 29935 29427 12086 29432 8693 29434 9714 11753 9546 15666 11416 10907 13458 9380 12100 9895 9726 29787 32677 9898 12108 11939 15853 9903 30134 3273 29797 8547 20449 12120 8212 15696 29807 8897 9408 9413 8734 9414 12134 11284 8736 11285 32032 9933 12146 32717 8580 9772 12151 9942 9943 11473 11983 12154 9946 8417 9947 8248 8931 12166 9957 8429 11150 11151 11324 9286 30367 9798 9968 9289 19663
hp 55
t 32755 47163 47591 47889 30635 31061 32465 32126 47129 49635 32467 31150 32510 47512 47514 47472 47727 47473 32174 31069 47559 47475 32727 47774 47646 47477 30775 49601 32475 47563 49901 30779 49988 48121 48248 49608 47485 32186 46976 47656 32145 32189 32191 47534 31130 48342 50000 47792 30750 48346 47157 49663 32155 31349 31010 47033 47502
ap 10
hp 95
t 4449 4452 23408 4539 5219 4286 5221 5306 44831 20776 19927 4372 42028 4121 4122 23502 5230 44925 4806 21468 23428 21134 5327 5160 44689 41120 4487 4147 21318 42229 21320 42655 21155 4496 5091 4497 42239 5179 4500 20480 20992 4502 4164 20485 5865 4505 44965 21165 20573 21086 5703 8168 43869 20156 44981 8007 5882 20842 20928 4183 20843 5204 5290 44816 4272 4188 21443 4360 8185
ap 11
hp 157
t 25361 25446 24766 24767 32461 27488 3006 48825 48953 2288 1863 9049 24732 27579 2290 25328 48915 25499 2294 25714 9012 27499 25971 2256 9143 9104 48672 8810 9150 25685 8983 1545 2183 9071 26963 1547 8816 2270 12174 32364 25013 9076 27479 9077 32367 25356 24591 24721 48904
hp 159
t 2834 26298 2497 48399 2668 48910 3010 27493 2162 2672 2673 2675 2506 32428 1487 3188 25635 9145 25443 8978 1836 26148 25299 8980 2523 24965 1673 2186 25308 31430 24631 1642 2191 2532 8994 25995 25316 2365 49118 25319 27530 26294 2369 1690 2713 8666 8497 32128 31448 3055 1527 1697 1359 25673 1701 8334 25674 2381 2212 3235 1875 1365 8677 3066 9020 25510 8681 3070 2901 2392 2223 1543 2734 9027 1374 9028 2567 25520 48133 8694 48474 32664 194 1382 8865 27564 25015 25526 1215 25187 8699 1558 25190 1388 1728 48312 8363 24853 48654 32675 2584 32336 9048 25198 25373 3271 2254 25102 2255 1405 32347 2257 32519 9060 24702 32522 25722 2940 25553 24706 9069 26239 25559 25390 2778 2438 25221 3290 25222 25223 25394 32703 27604 2953 24714 2103 24715 24716 2785 2276 9078 1599 25401 1940 24892 2793 2285 3305 2286 2627 25069 25070 25240 25071 1439 2630 2291 25243 1781 254 24738 9098 32388 9099 2979 27462 2640 9103 1282 25594 2132 1794 1285 2815 32228 32568 25258 25429 30702 2651 25262 24922 1633 1803 2994 2654 1804 2995 32408 25268 24929 24760 9120 24762 9123 25104 32074
hp 153
t 24776 48131 27550 49141 25680 48950 24758 24780 48464 25675 32380 48955 32381
hp 155
t 25276 3180 1990 3181 8795 9141 3191 3193 32436 2008 8982 1161 24964 8984 8985 8986 32276 1505 25648 8818 1170 8823 8824 3386 3217 8999 4071 24812 8833 48954 9005 3394 25496 48619 32470 32641 2210 8333 25334 24994 9184 25337 25678 2046 8679 9021 32651 25852 863 25344 3242 8346 9196 2565 9029 1887 32659 25350 25351 9202 2401 2572 3082 25357 9037 25527 25530 25027 8707 3266 2246 48998 25371 48491 2589 1910 9051 2251 2592 32345 8716 2594 25716 1915 9056 3276 32348 3277 8888 2258 8721 3279 25211 25552 2772 25727 9068 2607 48849 24711 231 25562 8902 2273 25225 25227 2445 24888 3297 2277 2618 2280 2623 1943 24725 3303 2794 2625 48867 2116 48871 2289 25241 2801 1952 2292 1953 3315 2295 25247 2639 48711 9953 48713 1963 2643 2644 2645 2646 8430 1971 25263 1634 32237 8609 8610 25444
ap 12
hp 134
t 40075 16631 60771 14571 40728 56718
ap 13
hp 373
 8127
ap 14
hp 374
 61374
ap 15
hp 50
t 53919 54259 54089 54344 53580 53921 54346 53752 74919 77386 53925 54266 77559 54693 53418 53590 54865 54016 53848 55038 53682 53939 70517 54027 13824 54199 54454 54369 70096 33207 56071 54287 54117 54203 54204 77751 33212 53356 32791 74867 53361 13839 53875 54045 53538 53712 77345 54481 54057 53549 53553 77355 54320 54065 56449 77703 53903 55265 54075 35718 53568 53826 70575 53491 35133 54683
hp 52
t 54260 70327 77127 77043 77128 31653 72624 34461 70416 77557 70332 77303 77388 70333 53672 71098 70079 72546 75012 71616 70938 71023 54113 70605 69756 70607 69928 71119 53693 69845 70952 34997 69677 51487 33213 69849 70443 53783 69850 72315 53274 70276 70277 53872 69939 52174 77336 70537 77423 31523 54132 77424 77463 34925 34500 34842 79977 54051 70289 70459 71395 69867 53378 77097 53382 72341 77357 70133 71408 77274 77275 77277 69797 77533 77279 69970 72605 51354 72606 53566 55012 54842 35550 77540 72612 53911 69893 53402 53575 77462 77377 77292 70323
hp 56
t 46865 31142 31143 31058 31144 31145 31230 47381 31146 31147 31149 31746 47556 31155 31070 48074 47564 29970 47484 48165 30061 30062 47913 47747 31088 47408 31089 48089 31259 31090 48175 31176 31091 47921 31093 46988 47499 31094 48348 48095 31097 47504 47165 31185 31270 31187 31102 47507 47592 31103 31188 29828 48104 31869 31105 30000 29831 31191 31111 29838 30773 31115 31116 47946 47777 31117 31542 32732 31203 32139 31205 47952 48123 31124 48124 31125 47955 31126 48126 31211 31127 47107 47531 47193 30533 47109 46769 30535 31132 31133 31134 31135 30543 32753
ap 16
hp 89
t 42869 28271 26402 28081 44227 5006 28062 44723 44702 44617 28217 42095 44602 21376 21377 44753 44648 44716 44695
ap 17
hp 375
 65535
ap 18
hp 40
t 47949 47886 46909 46848 47762 47422 48869 47084 47998 47128 30723 47872 29832 31808 50572 32149 47076 49448 49428 49619 46986 30774 47710 49899 30625 47479 50135 31415
hp 63
t 53539 29347 31706 54008 53180 53914 34536 77567 77335 54533 29661 56489
hp 51
t 31565 10656 52305 10657 28848 15078 29359 9810 18310 31570 9811 28682 31572 13553 52825 11181 53172 10503 31583 29206 53177 9829 53009 11190 53181 53011 11875 12387 29388 52848 10691 29055 30416 11205 11209 29061 15632 52352 9854 10025 10874 31615 52865 10706 15636 52528 9861 53041 10882 28733 31623 31622 9522 36384 31627 29758 10887 31628 30099 36558 9529 10722 51181 32652 35884 31634 31636 52887 31638 52377 29939 52890 31641 9542 29943 31643 30115 10905 31647 15668 10568 9890 9891 29102 10913 52392 9724 10916 34036 29276 10917 15677 10918 29278 52909 33874 36426 31667 28949 9910 10250 49689 9911 29122 36601 9744 29294 28785 30316 11447 31678 29299 31680 11282 13324 29306 9588 12309 10950 36621 11126 31698 9599 11129 52610 33912 49721 50401 50402 11133 31024 50403 53124 11136 9778 12327 36299 50407 50408 31031 53131 31033 53133 53134 28830 31040 29682 10477 53146 29348 52808 52809 52811
ap 19
hp 376
 57078
ap 20
hp 377
 57343
ap 21
hp 378
 28607
ap 22
hp 379
 73702
ap 23
hp 380
 60664
ap 24
hp 58
t 70540 71008 53542 75090 72627 53629 71101 69656 77392 77477 70253 70212 77524 53681 77185 70301 70262 69794 69752 53304 55005 76341 70391 54071 76343 69755 53311 76985 70399 77625 70656 69807 77629 70661 70916 74785
hp 65
t 36495 69815 12737 31693 49671 36245 52862 16355 31613 52905 15634 16145 31701 12067 16360 13640 52360 14663 49684 70427 36428 36217 36388 51178 36431 50753 53091 33883 36433 53008 36563 50289 13272 53010 49709 16079 13407 52719 53145 36488 36490 12349 16177 11926 54129 31054
hp 42
t 77380 75127 76360 77381 77041 77084 77466 74109 74875 76364 76151 74155 77344 33869 77475 53250 69870 34213 75140 76203 34214 76501 75482 75568 69704 70088 75103 76634 74809 76169 75787 75278 77529 77021 75619 76171 75789 77022 76172 76213 76215 35090 69843 75496 72607 76176 76603 76178 76221 72653 76521 72655 76650 76182 75887 76525 35600 53322 17878
ap 25
hp 97
t 4365 42023 4453 42534 5092 44830 5093 42196 21500 21075 21331 42199 4374 21461 20953 41567 42593 62101 41405 21303 44848 41493 44893 43831 42684 21309 44854 42602 4353 42179 42055 4230 42225 23440 4698 4699 21317 27904 4402 42356 21362 4448 42402
ap 26
hp 92
t 38280 37771 37006 60721 58002 18734 60554 60725 37011 60556 37012 60557 16614 38549 18064 37958 18749 37960 37111 16626 38558 37796 24112 18078 39753 37034 37718 24118 61093 61351 61011 58717 58462 61099 37044 61014 61227 58041 16647 61273 37053 37054 38585 18527 19208 59330 37146 37743 18620 37661 60700 18116 61044 19226 60706 60961 39884 61050 18721 18637 61136 61222 38443 18554 61223 18723 61396 37004
ap 27
hp 60
t 55778 55249 55940 54975 54730 54815 54572 55179 55171
hp 47
t 53495 77722 55835 54986 55794 56135 56178 55796 53460 55755 74967 54950 56228 54530 55763 77738 56275 54917 54875 56236 55942 56069 56072 55947 56077 53996 56251 77758 74273 54935 54807 55702 74318
hp 39
t 55620 55875 74491 56237 55834 74450 55665 74282 74431 56538 53330 55902 55627 54883 56073 54609 56181 55799 56118 56161 55779 55675 74251 74911 54681 56233
ap 28
hp 85
t 58934 60295 23236 58425 58936 22897 65056 65057 22727 59275 60300 22561 59962 60132 59286 65067 60307 57757 78329 59458 22570 58101 22573 65242 22574 64903 22745 78676 65245 59465 78338 65079 22920 59469 59640 60150 22582 23772 59982 60152 65253 22585 59304 59985 60155 59986 65255 60156 59307 59477 65258 22590 22930 65259 22931 57440 22933 59312 59313 23784 65264 57444 78696 59825 59316 59995 59317 58977 65267 59828 23280 57789 23281 65269 23283 22603 23113 58983 23114 65274 22606 59835 58646 22947 60346 22949 60348 22951 22617 22618 60017 22619 22622 22964 22969 64618 22972 22973 57571 22975 22806 60206 78400 78741 81805 81806 78748 78749 23159 59538 59879 79091 78755 78760 78762 60069 78770 57351 60071 60073 60075 58891 78785 78615 59234 59916 65188 59071 59241 78623 59583 78798 22528 22529 59248 78629 59421 41912 78633 22536 22707 22537 59427 22538 59428 57728 22539 78810 22540 22541 59940 57736 57569 22551 65050 22552 22553 57743
hp 81
t 43975 41595 43976 41596 43977 41939 42619 43983 43813 62854 42455 62856 26818 61498 43821 62863 61843 20706 62865 62867 23429 44849 62700 61515 43497 45368 44858 20719 43330 41459 42651 41972 43334 62034 43850 43851 44022 43512 41472 43852 62212 44023 43514 42494 44026 23456 61875 41476 23457 43856 41647 43858 44028 44029 23459 65280 43861 23462 62901 23463 61882 65282 43863 41484 43864 43865 42506 42508 42679 41659 41490 43191 43871 62571 42683 41494 43874 41665 62065 62235 42687 62067 41838 41839 40990 41499 62579 42690 41332 43883 65303 40995 61564 42696 62076 41507 42698 43888 43889 43892 43893 42533 43894 42365 42535 44915 42367 42368 41348 43218 43898 65487 62089 42370 43901 42543 41525 42716 62096 42548 42209 42040 62100 41533 61765 42387 41709 62110 42392 42394 62623 23525 42565 42566 42567 42738 65348 62628 43080 42570 61780 41721 42571 42572 42573 42576 41557 42410 61789 62130 42751 42581 42412 62471 43262 62132 42582 62642 41394 42584 62644 42585 43945 43266 42586 42587 42588 41399 42419 44969 61459 44800 43781 43952 61462 43953 65372 42594 41574 43955 43786 43956 43957 42597 41578 42600 62151 42603 62153 41583 42604 41584 42606 43798 43970 42611 23403 43124
hp 79
t 22555 60294 78655 65055 58086 60126 41259 65058 60298 78321 58770 65061 59451 57412 78154 41775 22567 41777 41781 22741 22572 57592 58783 22746 41786 65076 59466 65077 41788 58787 59978 22581 65081 59471 65082 23263 59983 65083 22754 78175 65085 22926 22756 41456 65087 23269 22591 23272 41462 41804 58463 22764 58974 22765 60337 60167 65268 58979 58641 65103 22780 59841 22782 58653 59333 22784 64603 22785 22786 61205 22788 22789 58828 22791 78383 22793 22624 22794 59344 60025 22626 22796 22627 58496 22797 60028 78729 22799 59009 22970 22630 60030 58840 59011 61221 58673 74654 58676 59357 22808 60038 22809 58679 60719 78740 22811 65481 59361 78743 58683 59363 60213 61404 59874 59534 78575 60047 59877 78239 59198 60729 41860 41861 60731 59032 41863 78415 79098 41868 41869 59039 65160 41871 60061 23003 60063 22834 78258 23522 60242 58713 57353 60244 62626 61438 62629 65180 59060 59229 78784 62633 65186 58558 59239 60093 22865 59415 78800 59250 22702 39192 57892 22534 78805 60107 58748 22709 60109 59429 22711 41921 22542 78642 78643 22714 22544 22715 59775 41757 22547 41758 41759 41249 22550 59441 78653 41764 22894
ap 29
hp 48
t 65905 45083 30464 66844 31400 46701 31405 69318 66173 46879 68979 30475 31325 69066 31412 66261 66772 31413 66857 66517 69324 30480 69241 69071 66605 73153 66267 66438 31334 31420 66694 68990 31336 46638 31340 66360 73416 47237 65936 68997 69338 46897 31174 46900 66195 73167 65857 67132 65858 66708 47755 69431 66625 46057 73172 73258 68158 48099 66289 66800 66290 66632 47933 69611 69272 66806 47342 65956 66296 66552 69358 65958 69615 30685 66556 66812 47265 69537 30693 65967 69028 66649 46761 30526 69627 66312 46850 31382 69123 66317 47876 73377 65983 66749 66240 66750 66241
ap 30
hp 151
t 32343 25321
hp 62
t 52899 31652 52817 33865 36502 31743 12362 10536 36504 30214 12364 52867 12493 34041 11260 33323 31666 14072 36387 33858 14669 36605 49823 17056 53053 53139 53055 31637 28834 52888 29301 12980 12982 49703 52892 36618 54382 52853 29139 53917 52813
hp 64
t 53920 54262 13610 53541 33824 34526 53884 53885 13489 70482 33720 36482 53737 69974 14043 53721 34938 69895 70065 54084 33049 34388 54257 70429 15732 69963
ap 31
hp 46
t 66288 45678 47208 69394 66250 30766 68889 47897 66512 73527 31368 65963 65794 66837 49349 66309 47313 31419 66525 49569 66271 31338 31381 73373 66019 47235 73543 66488 65893 66362 49277 49753 50003 73338 73083 49921 46692 73043 66497 66455 49498 47246
ap 32
hp 381
 39865
ap 33
hp 158
t 13666
ap 34
hp 382
 52475
ap 35
hp 299
t 64120 63524 64205 64206 64207 64123 63872 63873 63875 76547 63376 76639 63888 63548 64144 63549 76132 80724 63895 63897 63898 63899 64156 64240 64157 79882 64158 80309 64159 64160 63905 64161 63906 63907 64163 63908 63909 64165 76576 63910 64166 63911 64167 64169 64170 64171 63916 63918 63919 80836 64176 63326 64177 76588 64178 63242 64179 77950 64180 64096 63246 64099 64185 64186 80847 63337 64107 63513 64194 64195 64197 64114 64115 79927 64118
hp 257
t 34630 36071 36106 36019 34066
hp 172
t 49839 49754 49756 49842 49852 49810 49853 49854 49855 49815 49688 49603 49646 49604 49690 49606 31123 28832 31681 31682 31683 49830 49831 31684 49832 49834 49835 49836 49837 49624 49838 49625
hp 219
t 29366
hp 290
t 64756 78040 65246 63334 65250 63339 64573 64532 64595 79410 64556 63410 78797 64538 78079 64181
hp 264
t 73646 72824 70950 71561 70951
hp 283
t 61866 62122 43805 61869 43808 62168 61871 61661 62300 61879 61497 42632 61762 43190 62145 61764 43193 61851 43112 62066 43198 62069 43837 62112 43329 62071 43797 43799 62073 61520 62074 62160 62078
hp 334
t 50094 50095 73216 73046 73217 73047 73218 73048 73219 73388 73049 73220 73221 73051 73222 73392 73393 73224 73225 66424 73226 48066 73396 73227 66425 73397 73228 66426 73229 73231 73232 73402 73233 73403 73234 73235 73236 73237 48077 73238 73239 73240 50119 73241 73242 73243 73248 50127 73078 73249 73079 73250 73080 73251 73081 73252 73253 66113 73255 73085 73086 73260 73261 73262 73263 73264 66467 73278 50158 73280 73281 73282 66141 73283 73284 73285 65634 73286 73287 66146 73288 66148 73290 73120 73292 73293 73294 73464 73295 73296 73297 65647 66498 73300 73470 73301 72961 73302 73303 66502 73304 73305 65824 66504 66505 73306 65825 73307 65826 66506 73308 66507 66337 65828 73309 66508 66509 73311 66510 73312 73313 73314 66513 50024 66515 73316 65835 73317 66516 73318 65837 73319 66518 47990 73322 73323 73324 50033 73325 73326 73327 66527 73158 73669 50038 73330 50039 50040 73332 50041 73163 73335 73165 73336 72996 72997 66196 50047 50048 73680 65860 50051 65862 73343 66544 73685 66545 66546 73007 65867 73179 65870 73352 65871 65872 73694 65873 66383 66555 65876 65877 66557 65878 66558 50068 66559 73190 73191 66050 65881 50072 73365 73025 50074 73027 50076 50077 66228 73030 73375 66234 50084 73716 50085 50086 73718 50087 73040 50089 73041 50090 73042 50770 73383 50092 73384 50093
hp 226
t 54200 54115 35023 54202 54053 54028 35128
hp 68
t 49478 49480 50011 49267 49332 49645 49227 49652 49484 49485 50123 49443 49615 49658 49659 73525 49958 49661 49959 49620 49985 49434 49477
hp 295
t 67520 67524 69054 67525 61574 68970 69313 67444 61578 61579 61834 68976 61581 68978 61837 67534 69064 67535 69320 69237 68812 61587 67455 68731 68818 67462 68992 67549 66698 68994 68910 69080 61857 68999 69000 68661 68662 69002 68664 69004 69345 68665 69006 69346 68667 69007 68668 45208 69008 68669 69349 67479 68670 69010 69012 69013 61448 69014 69354 69015 68931 68933 69020 61625 69021 61456 68937 69022 68769 69024 69027 61719 68946 69032 61551 69033 62403 68949 69034 68954 62409 69125 69040 68956 69041 68957 69042 68958 69044 69045
hp 266
t 36197 36069 36198 35944 35904 36203 51821 36054 35927 51803 35934 35956 34681 36192 35920 36111
hp 84
t 22556 78657 22557 22559 78659 60129 22730 78830 60130 58091 78152 78663 78153 78664 59794 57755 65066 55549 78672 22913 78673 22914 78675 22916 22577 22917 65247 57768 22580 78681 64910 57431 65251 78172 57772 22924 22583 23265 57434 23267 65256 57776 23268 22929 57779 58800 22932 58632 57443 58635 65265 58976 65266 57447 58978 22939 57787 23279 59659 58980 78701 65270 58981 65102 58642 57452 22943 65272 57453 58644 57624 65273 58645 59664 65275 58987 65277 23118 58989 59839 58650 58651 59673 78714 78717 78719 39110 57470 57812 60365 22968 60367 59442 58672 57992 22974 58678 59360 58510 78402 59705 59535 58006 58687 59707 61409 59030 58691 41864 58016 58017 61419 78592 60233 78595 57685 78771 78601 60240 60243 57694 59567 57528 78610 57701 57702 78613 59063 57703 57533 78614 58895 78788 57707 78619 78790 78791 78621 58902 78454 78795 78628 78799 78630 60108 78639 60278 78640 78811 65043 22723 78305 58416 65046 60286 22549 58419 60121 58422 65052
hp 293
t 52048 35560 52134 36028 70157 70158 52052 52095 52053 52054 35353 52055 71096 51716 52143 50743 51594 51596 52131 51597 51937 51938 51258 51598 51599 51260 51218 71280 51262 70898 51221 51945 52158 51946 52133 51227 52034 52036 51527 52080 51018 52081 52039 52082 51955 34872 52084 70914 52085 52043 52086 52087 52088 71384 52090 51665
hp 255
t 62837 62824 64413
hp 289
t 77159 76810 77246
hp 256
t 49380
hp 265
t 68901 68934 68900
hp 277
t 71962 72621 71537 76531 72622 72643 76510 72623 71667 75874 75832 71498 76174 76196 76175 70949 76517 72652 70953 70954 72569 76522 72570 70979 71638 76527 70940 76167
hp 273
t 72878 70668 71599 71009 71010 71011 70928 70930 71568 70846 70932 70847 71102 70934 72252 71573 70936 71574 71575 70939 72129 70941 71580 70943 71584 68483 73711 71632 72865 71591 72823 71634 70783 71635 70913 72911 71552 68494 70917 70833 70919
hp 321
t 61568 61739 61569 67522 63016 61573 61575 61830 61662 61577 61494 68807 68977 61668 61583 68810 61584 61585 68981 61586 61841 61842 61673 61588 61590 67542 68732 61595 68993 68656 68996 68998 69001 68832 68663 69003 69005 68666 67478 68838 61444 61445 69011 61446 61447 61618 61620 61451 69017 61536 61452 61622 61453 61623 69019 61454 61624 68768 69023 61542 61458 68855 68770 61629 61715 61885 67497 61631 61546 68772 68773 61547 68859 68690 68691 61637 61723
hp 249
t 62864 63230 62874
hp 320
t 79393 79396 79608 64149 79397 79392 79478
hp 246
t 65192 61674 61570
hp 291
t 63917 64184 63419 64121 64112 63328 64168 64572
hp 173
t 49626 49628 30760 47209 50014 50102 30728 50026 49984 50027 47140 49986 49987 49989 49990 49991 49482 49440 49993 49442 49655 49486 49953 49996 49656 49954 49657 50168 49995 49487 50169 49999 50170 49617 49660 49618 50005 50006 50007
hp 322
t 78187 64759 78361 79593 79765 78873 78407 64585 63236 79601 78327 64514 78924 79649 78884 79310 79225 79481 79355 79059 78379 78210 63293 79233 78217 78858 78946 78224 79755 78268 78609 78186
hp 168
t 43438
hp 314
t 39389 39380 39383 39388 58210
hp 109
t 78995 81035 79165 81036 78996 79166 81037 78997 79167 81038 81205 81208 81039 78999 81209 81040 81210 81891 79002 81212 80532 79683 81213 79003 79514 81046 79688 79690 81051 79011 81052 79013 79863 79015 79695 79868 79869 79870 79021 79871 78852 79023 79706 80898 79709 79711 79033 79034 79037 79038 79039 79213 79724 79725 81769 79729 79732 79733 79734 79736 79740 79741 79742 79743 81786 81788 79671 79842 79843 79264 79777 79270 79104 79105 79787 79108 79109 79110 78993 79111 79621 79112 79113 79114 79115 78994 78945 79117 79164 78947 79118 81882 78948 79119 79120 80990 79121 79122 79123 78955 79126 81335 80996 79639 79641 79642 79813 79816 81346 79817 81007 79818 79138 79647 79819 81861 79652 79653 79825 81866 78976 79827 81868 81030 78979 81870 79661 78982 79662 79323 78983 78984 78985 78986 79157 79158 78988 81032 79159 78989 79160 79840 81029 81368 81028 78990 79162 79841 78992 79163 81881 81033 79161 81031 81034
hp 113
t 77042 76447 75767 72538 76449 77045 77046 75687 75772 75773 69824 75690 76371 75692 75694 77055 75695 80626 76461 69832 76802 76803 75104 75700 76465 76466 77062 76127 69838 75703 75533 76384 76469 76809 69840 76470 76301 75705 76385 75706 75026 75708 75709 75711 75712 77242 77157 75713 77244 76993 75039 76229 75720 76995 76145 76232 76234 76149 76406 75728 71053 75729 76154 75730 75731 76156 76836 75648 76158 77009 77010 75651 77012 77013 77014 77015 76930 69705 77016 77017 76932 69792 77018 76933 75659 77019 74894 77020 75405 77192 75069 75664 74899 75665 77113 75668 77028 76943 75669 77029 76435 75670 75755 75671 77031 76861 75672 77032 76862 75673 77203 77034 75674 75675 77036 75676 77037 77038 75593 77039
hp 176
t 29849 29868 29850 29865 29900 29827
hp 338
t 49160 50689 50180 50181 50352 50183 50353 50608 50693 50354 50609 50865 50355 50610 50356 50611 49422 50357 50358 50273 50613 73650 50614 50529 50359 49171 50786 50360 73482 73653 73483 50617 50363 49258 50874 50364 73656 73571 50620 50281 50452 50285 73662 49351 49266 49352 50287 50712 49268 50716 50718 49358 50719 49785 50720 49276 49872 49874 49365 50980 50725 51153 50728 50643 49880 50730 50645 50476 49882 50732 50478 50648 50819 50737 49888 50231 50234 50574 50659 50496 49306 49224 49479 53050 50670 50671 49397 49398 50844 50846 51187 50677 49233 49234 51700 49236 49406 49237 53067
hp 318
t 58000 58001 58937 81379 79087 57751 81809 57754 57502 81815 57506 58357 57507 81308 39744 81227 59042 57767 59129 57600 78342 59131 58283 57603 57520 57606 57521 81833 58032 57522 57777 58033 57523 57438 57524 57439 81836 57525 57526 57531 57786 81843 57532 57448 57619 57704 81590 81761 57705 57450 81762 81846 57451 57366 57706 81678 57708 81850 57709 81766 79046 57455 57711 81852 57543 81855 57799 57459 57715 57376 57377 57973 57464 57466 58062 57722 58318 57643 58238 57389 81871 81362 81277 57565 57822 57655 57656
hp 165
t 32457 32160 9188 32161 32037 32463 32123 32740 32125 31424 32041 31447 32042 31811 32449 32450 32068 8992 32452 32453 32454 32455 32073
hp 294
t 63937 63435 64175 67587 64664 79998
hp 177
t 30630 47632 30719 30465 31825 30466 31826 30467 47722 47638 47809 47810 31830 31151 31236 48323 31920 32008 31841 32182 31757 31247 30567 31928 31759 48249 30569 30485 30486 30656 30571 31425 29980 30575 31426 30492 31427 30662 48343 29983 30664 47495 48347 32028 32029 30500 32030 31861 48350 30672 31863 30503 30673 31864 30675 31186 32035 48356 29995 30506 30678 30002 31193 31903 47854 30004 31450 30005 31451 32132 32047 30518 31453 32134 30009 48284 48369 30010 30521 30690 32051 30691 30011 30012 30692 32733 30013 32055 32481 32056 31547 32737 30612 48294 32741 30193 32743 47194 32744 32150 32745 31131 32151 32746 30706 32067 30624 47115 31900 32752 30627 31393 48139 31394
hp 306
t 61418
hp 178
t 50008 47844 50096 50097 50098 50013 50100 47593 50015 47594 73398 31918 30687 50032 50034 49992 73199 50036 50122 50037 73371 50080 50081 50083 49616 49956 49957 50043 30707 50044 50002 50004 50091 49965
hp 234
t 53600 53601 53262 53517 53432 53347 53263 53688 53689 53606 53691 53609 53610 53611 53593 53680 53596 53257
hp 115
t 74235 81375 56301 81381 74071 74073 74074 74075 74076 81558 81560 74421 74422 81650 55556 55642 74515 74006 81317 55564 74692 55652 74183 55569 74525 74526 55485 55571 81412 81326 74527 55573 81588 74534 74195 74110 81506 74536 74537 74708 81423 74028 81508 74709 74030 74373 74544 74375 74545 74546 74547 74378 74208 81519 74548 74549 74380 74209 74550 74551 74382 74552 55426 74383 74553 81608 74214 55428 74554 74555 74386 56280 74981 55600 56282 74304 74219 55434 74221 74307 55436 55607 74054 55608 55438 81619 74055 55439 74056 74058 74738 74061 74062 74063 74234
hp 104
t 75596 76277 79508 79509 80193 76284 80194 76114 80365 80195 76116 80196 75437 75608 76117 80538 75440 79351 80541 76122 75445 76636 75446 75786 75277 75447 76637 76638 75448 80378 75449 76640 79529 75450 76641 75451 76642 79362 75452 76643 79532 80553 76644 80551 80554 76645 76135 76646 76647 80557 76648 76649 80559 76651 76652 76654 76655 80565 79545 76656 76657 79547 76658 76659 76660 76661 76662 76159 76671 80587 80248 80591 80596 80598 80599 80604 76702 80613 76712 79432 76544 76546 76548 76549 75360 76720 80290 75361 76721 79271 76550 80291 76551 76552 76723 76553 75363 76554 76555 80466 76556 79616 76557 75537 76217 76218 76558 76729 76559 76560 80471 75371 76561 76562 75542 76563 79454 76564 76565 79456 75545 75206 80646 76566 79627 79458 79457 80649 80650 75381 76571 76231 80651 75383 79633 76573 76575 75216 79471 80152 80662 75393 80322 76583 80323 76244 80324 75400 80330 80332 80504 76594 80335 76257 80509 76259 80510 76430 75580 80511 76601 76263 80174 79324 80684 75585 76266 76607 79329 76101 80524
hp 179
t 47207 47166 47506 47167 31060 47210 47550 47212 47171 47812 31195 30770 49639 31112 47518 47349 47820 47565 31034 47483 47950 31165 47357 31166 47912 31212 47362 47112 47113 47496 49662 47114 47159 47117 47500 30967 47119
hp 225
t 54375 53824 54336 54539 54348 54380 54286 54381 54360 54627 54542 54553 54712 54343
hp 235
t 77549 77551 53410 76872 69735 76875 77302 69737 77132 77048 77813 77049 77814 77134 77305 77815 77307 77818 77819 69745 76974 53514 69836 69751 69837 77232 76892 71200 77237 77238 53437 77749 56158 69760 77241 69763 77158 76818 77245 76906 77161 77163 77504 77505 76826 77677 69772 53452 76914 76829 69774 76830 77510 70627 77597 77088 77003 77089 77599 77514 77091 77176 76837 76838 69784 76924 76843 77186 76848 77188 76849 69795 76850 69796 76851 77191 77531 76852 77617 76853 77193 76854 69800 76855 77621 77196 77792 76857 77197 69633 76858 77794 76859 77199 69805 76863 77634
hp 247
t 61539 68771 61617 68854
hp 231
t 54005 34544 53924 33270 17036 53586 53926 53755 53588 53928 53589 14490 53845 53846 54017 53933 53934 53594 53595 54105 53597 53598 53599 34988 54284 54031 54032 53608 54033 54035 54036 53698 53699 53700 77247 53701 53617 53618 53703 54383 53619 53620 53705 53876 53621 53623 53708 53624 53709 53710 54050 53626 53711 13847 53628 53968 53969 13851 53888 35785 53804 53890 53720 53891 53551 77522 53976 53977 53979 53894 54662 54067 54068 54069 53732 54073 53904 53734 53735 53736 54076 14637 53738 53909 53994 54079 53910 53741 53912 54081 53742 53913 54167 53743 77375 53833
hp 333
t 66839 69220 69264 69606 61572 69139 68969 69055 69056 69016 69314 69357 68852 68853 69236 66855 62351 67410 69281 68856 61545 69366 69154 68943 66689 68903 45063 61767 68995 69166 68146 69038 69039 62155 68959 45968 67474 69344
hp 270
t 68508 68498 68509 66627 68501 66588 66599 68354 66260 68408 68505 68060
hp 112
t 75256 76191 75766 75769 75770 75261 75432 75348 75774 75693 75183 74760 74850 75701 75191 76128 76468 75704 75025 76300 75195 76471 76302 75198 76473 75029 75454 76475 75201 75083 75202 76477 75458 76479 73845 75211 75217 75389 75560 75392 76157 76416 75396 76417 76418 75398 76419 76420 75060 75230 76421 76422 75402 76592 76423 75232 76593 75404 75573 75403 76424 76426 75406 76596 76256 76427 76597 75152 76428 75237 76258 76598 75409 75238 75579 76260 75495 75666 76431 76261 76432 75241 73797 76262 76602 75158 76433 75582 75236 76434 76604 76605 76436 75161 76437 76267 76438 75078 75248 76439 76269 76440 75407 75250 76441 76271 75082 76443 76444 75254
hp 248
t 63239 64531 64898 64901
hp 268
t 72365 71685 72366 71686 71689 71690 71691 72032 72033 72036 72038 72380 75781 67621 72041 67622 72042 72382 72043 71702 71704 75784 72384 75785 72044 72045 72046 73066 72047 67628 72050 67631 75792 72052 75793 72053 75794 75795 72056 75797 72057 71717 75798 72058 75799 71719 72060 75801 75802 75803 75804 71724 75807 71728 72069 72070 75810 72071 75811 75812 71684 72073 71733 75813 71734 72074 75814 72075 75815 71735 75816 72077 75817 71738 71739 75820 72080 75821 75822 75823 76164 76165 72086 71747 72087 75827 76168 75828 72089 72090 76170 72091 76513 72093 72094 76514 76516 75836 72097 75837 67678 75838 75839 76520 72101 72102 72442 75843 72103 72104 79924 75845 71426 71427 72107 71768 75848 72108 71430 71432 71433 72114 75854 72115 79937 72118 72119 71440 76201 72122 79942 72123 71443 79943 71444 75865 71445 71446 71447 72127 72128 71448 71789 71790 71450 71452 67713 71453 67714 72134 71454 71455 67715 67716 67377 72817 72138 71798 72818 72139 67721 72142 72144 71464 72145 67385 72150 71811 71472 72153 71473 72154 72155 71475 71476 71478 75559 68420 72163 71823 72164 71484 71485 71486 71487 72167 71488 79990 71490 79991 79992 72173 79994 71834 79995 71155 79996 72859 71843 71504 71506 65728 71511 71514 71515 67779 71863 71527 71528 71531 80032 80035 71875 72556 67800 67802 80043 71885 80046 72568 71549 71890 67812 71893 71895 71896 71898 67821 71901 71902 71903 67823 71905 71907 71909 71910 80071 71911 80074 71914 71915 80078 76338 80079 80080 76002 71922 80084 67164 76006 80087 71590 71592 80093 80097 71937 71938 80099 71939 80100 76024 71945 76025 76026 80107 76027 71611 72292 71952 71953 67879 71960 72304 71970 71982 67905 72331 72337 72338 72339 72342 72343 70983 72003 71664 72346 72348 72349 72352 72353 72354 71675 72355 72359 71681 71682 71683 72364
hp 329
t 34753 52304 35859 34797 51712 51800 35949 35907 51758 51715 35909 35910 36080 35911 52442 36081 36082 52444 36040 35914 52445 36084 34810 36085 35877 51092 34774 36049 35923 36050 36051 36094 36052 36053 52416 51099 51779 51737 51739 34103 52464 52466 36063 51111 35387
hp 267
t 36027 35965 35947 51799 35863 35948 35928 36016 36272 36017 35936 35937 36022 36193 36108 35939 36194 36109 36110 36025 36196
hp 324
t 81801 81547 79847 81804 81807 81808 81895 81555 81726 81216 81727 81812 81217 81728 81813 58352 81814 57503 58354 81816 58356 81817 78927 81222 81818 59802 81819 57508 81310 57510 58367 81745 81746 81747 81323 81238 81835 81750 81666 81241 81242 81243 81244 81840 81670 81756 81842 81757 60251 80908 81844 81589 81845 81675 78446 57535 79042 81677 81849 81254 81596 81767 81256 81597 81258 81344 81259 81770 57629 81261 58313 81264 81350 81776 58315 57550 81267 81778 81864 81354 57468 81781 60360 58322 57642 81275 57645 81872 60366 81873 81789 81790 81791 60285 81877 81792 81793 81879 81795 81710 81371 81797 81798 81373 81799
hp 100
t 77720 80953 77724 77639 74920 77640 77641 77812 74752 75178 74753 77731 75436 74756 74842 74757 77734 75439 77820 74931 74761 77821 77057 77822 74933 81138 77823 77654 77655 74852 77658 74853 77745 79020 74855 74770 74856 74857 77152 75368 75028 74773 74858 77069 74774 77154 77665 77155 76474 74859 77156 74860 77072 74777 77668 74862 77074 77669 74779 77076 53445 74781 77162 77674 53364 77166 77592 77167 77678 74958 77083 77679 74873 77680 74790 77766 77767 77770 74880 77771 77686 69781 53375 77687 75394 77689 77774 74884 74886 77777 77692 77778 77779 77694 74124 76931 75064 77104 77614 56108 74895 75746 74896 74897 77108 54838 77110 74901 74902 76942 77709 74990 76860 74907 74909 75080 74910 74996 77719
hp 69
t 31649 29696 49844 31655 49674 49675 49676 49678 31660 31152 30217 49767 31153 30813 49682 31663 31665 29285 31581 53002 30904 30735 31671 31077 29378 6006 31676 31677 30743 29383 50380 31600 49705 30754 31604 31610 31697 31612 31700 31702 31023 53122 31535 49724 30260 30091 30857 29753 47348 31029 29755 31030 47350 50410 50411 30101 30867 30102 31719 30105 50421 53142 31046 47281 28838 31734
hp 335
t 45165 45168 66248 66249 66252 66593 45174 66253 66594 45175 66254 45176 66255 66596 45177 66597 45178 66598 45179 66600 68983 66603 66266 65929 65930 66624 45892 66633 66635 65955 66295 66636 66638 45219 66298 45220 66300 69362 66301 45222 66644 66645 66647 65968 66648 66651 66653 66654 45236 69377 69380 45241 69384 66664 66665 69388 66670 66675 66679 66680 45261 66681 69402 45265 66688 69410 45951 66691 47994 47995 66697 66699 45280 45282 45283 48004 66704 66705 45286 66706 69089 66709 66710 66711 46652 66712 48013 45293 66713 48014 66714 45295 48016 66716 66717 69438 66718 66719 66720 48021 66721 69442 66723 66726 48027 66727 69448 66728 66048 66729 66049 46670 66730 69451 69110 66051 48032 66732 66733 69454 69456 66736 48037 48039 69460 66739 69461 69462 69467 69468 69469 66069 69472 66752 66073 66753 69474 66754 66756 66757 69478 66077 66758 69479 66079 66080 66760 69481 66761 69482 66082 45343 66083 66764 66084 66085 69486 66766 69487 66768 66088 66089 69492 66091 69152 69493 66773 69494 69495 66774 69496 66095 69497 66096 69498 66098 69499 69500 66100 69501 66101 69502 66781 66102 69503 45363 66103 66783 66104 66105 46046 66106 66109 66110 66111 69512 66112 66114 69516 66116 69517 66120 66122 66803 66124 66125 66126 66128 66129 66810 66130 66131 69536 66815 45056 69538 45058 69539 66138 66139 69540 45060 66140 45061 45062 66823 66144 66145 66826 45067 66147 69209 66150 45071 66153 66154 66155 66156 66157 66158 66159 69561 69562 69563 69568 69569 69570 68890 69571 66170 45091 69572 68892 69573 66172 68893 69574 69575 66174 68895 68896 69577 69578 69580 69581 69582 69585 69587 69247 68908 69250 68911 69592 68912 69593 68913 69595 69605 69607 69608 68928 69609 68929 69612 45132 69613 69614 69616 45140 69622 68944 66224 68945 69626 68947 69628 45149 69630 45150 68950 68951 45151 45152 68952 68953 45154 68955 45155 45496 45498 45500 45161 45162 45163
hp 227
t 73601 70414 51363 70139 71095 70447 51366 71492
hp 323
t 14734 14735 33351 16865 14740 15080 34547 14741 14742 14402 17038 14743 17039 16869 17465 17212 34553 16874 17214 15091 16878 34304 33629 14760 33801 14590 32867 17058 32784 14772 14434 18176 32796 33222 17159 14782 33230 33146 33827 32809 17169 15043 7395 17171 33831 14705 17172 34342 18193 18194 14539 33241 14710 14371 18283 56703 18199 34183 33505 33591 33253 15062 14386 14387 33259 16854 33088 14729 17111 15072
hp 272
t 67126 71559 71560 68490 68586 68569 68461 68473 67134 68506 68188 68486
hp 105
t 80016 80017 63526 79678 80018 80019 63528 80020 80021 80022 80364 80024 80025 80366 63705 75776 80026 75777 80028 75778 80029 75779 80030 75780 80031 79521 79522 75782 80033 75783 79523 80034 80205 80036 80376 80546 80206 79526 80547 80037 80377 75788 80379 80038 80039 79528 80548 75790 75961 80041 80042 79533 80044 80045 79536 80047 80556 79537 80050 75800 79541 80052 79542 79543 80055 63736 75977 63566 79548 80060 79550 80061 80063 80070 80582 80584 79224 80585 80076 79566 80077 80590 80592 80595 79582 75165 80610 80281 80282 80283 75864 80456 79266 80288 80289 80292 80465 80467 80468 76219 76220 75540 80302 80303 80136 75886 80138 80311 79462 79463 80313 79464 80144 79465 80145 79466 80656 80147 79467 79469 80149 80150 80490 80661 79472 79473 80663 80154 79984 79475 79985 80668 79988 79479 80501 80671 80162 80672 79993 80164 80333 80336 80678 80679 80681 80172 80682 80173 80517 75587 80008 79499 80519 79669 80520 63518 63521 63522 63523
hp 119
t 76869 76827 76870 76873 77044 76874 77047 77050 75775 77603 77053 74928 77011 74930 76800 70639 76801 77610 53427 76846 76804 76847 76805 77591 76806 76807 76808 54258 76811 77067 76812 53352 77239 76816 76911 76817 76819 76822 76865 76867 75679
hp 169
t 46933 48272
hp 319
t 14482 14484 14400 40496 17464 15338 15172 14748 14410 14412 14413 14414 14588 14419 14759 33716 33631 33122 14762 14422 33803 33040 14594 14340 33468 14682 14768 14343 14769 14770 14516 14686 32879 33134 14433 33135 14774 33051 14690 14691 14778 14779 14694 14695 33651 14781 17162 14696 14356 14357 14358 56773 14698 14699 14700 14701 14616 33828 14447 14617 14362 14702 33150 14536 33238 14370 56785 14372 33244 14629 14375 14546 33590 56965 14636 14554 15323 33684 33260 33770 33091
hp 339
t 50774 52474 50775 51117 52393 53074 50781 53077 52992 50783 52993 53079 52994 52996 49683 30219 29625 53084 53085 53173 53088 53003 53174 53089 30225 53175 53090 53092 53007 53178 53093 50288 49694 53094 53095 51142 53097 50292 53098 50293 50294 50295 28792 53101 28877 10433 50382 28878 51148 53103 53104 50299 51151 53108 53109 53196 53111 50391 53197 53198 49713 53113 53199 49714 53114 50481 53116 53117 49717 50483 52353 49719 52354 53119 50400 49723 52358 50406 52361 50321 51175 31630 52709 52540 29591 50330 53136 51182 51183 50418 52289 52374 50420 52375 50336 52379 50342 51108 50259 50429 52384 50430
hp 297
t 33265 14395 33097 34287 34120 33441 17461 17802 17803 33443 15084 14405 18317 17468 14408 19000 33453 33455 19014 14764 14766 34151 33472 17833 33814 34154 34155 33476 17843 33144 18354 33485 17845 33487 33488 34168 17168 33489 17850 17851 34511 18191 33154 33494 16834 18367 33838 33499 33839 17689 19561 33501 18201 33842 33161 17181 17866 33171 17872 33512 33513 33855 33175 17025 34196 17877 17028 14478 17029 33180 18221 17711 18222 6664 33185 33186 17206 33527 33187 16867 17037 34208 17208 33189 33359 33530 33360 34211 33531 34212 33194 33195 18237 34558 17728 34221 17051 18242 16884 18249 33719 14509 34230 18419 17060 18252 18255 33216 33217 33218 18258 17068 33219 17919 33220 18260 33221 33223 17753 33394 6025 17415 34246 18267 6027 33228 33229 18269 18270 33400 18272 34252 18273 6714 6035 18955 17767 18278 17768 34429 34430 18281 18282 33412 17773 34264 17094 18285 34435 18286 34608 17778 18289 14720 33592 33593 17783 33423 14724 34277 34278 34448 15067 14559 18301 17791
hp 298
t 64551 63363 63365 64557 79520 64559 64900 64733 64735 63375 64736 64906 64737 64908 79360 64739 63381 64911 79363 63382 65252 63383 64742 64745 64575 79367 63387 64747 63389 79371 63391 79372 64921 80734 64583 65263 79376 77846 79380 79381 79382 65101 79383 77853 79384 79385 79386 79387 79388 79389 63408 79390 63409 79391 64600 63411 78713 63413 78034 63414 80755 78036 78037 79399 78039 79400 79401 78041 79402 78042 79403 79404 78044 79405 78045 79406 78046 78047 78048 79408 79409 78050 79411 78051 80772 78052 79412 78053 78054 78055 78056 78057 78058 78059 78060 78061 78062 78063 78064 78065 78066 77896 78067 80787 78069 78073 80794 80796 77907 79611 79273 80808 80812 80822 64513 64515 79480 63329 63330 63331 64183 63333 63336 64187 64528 64535 64536 64537 64029 76613 64543
hp 106
t 74915 56214 56215 56216 74067 56217 56218 74240 56219 56220 56221 56222 56223 56224 74247 74248 74249 74252 74256 74257 74258 56238 74259 74429 74430 74261 56070 74262 56242 74263 74093 56244 56245 74266 56247 74269 56249 56079 56250 56080 56081 56252 56082 56253 74274 74276 56255 74277 56086 74279 56259 74280 74284 74795 74287 74288 74459 56269 74290 74292 74973 74463 74974 77696 77697 77700 56109 74982 74985 74306 56115 74987 77707 74988 74308 56117 74310 74480 74481 74992 74482 74993 74483 74994 74484 74995 74485 74316 74486 74317 74487 74998 56127 74319 74489 75000 74490 74830 55624 77727 55626 55797 77729 55801 74165 74337 54789 54794 54796 56160 56162 56164 55484 54805 55486 77759 75049 74029 74711 74374 56184 54826 74381 56191 56192 56195 56196 56198 74050 56199 56202 56203 56208 56209 56210 56211 56212 56213
hp 332
t 34072 33903 33948 18947 33907 34077 33398 34631 19123 34763 17749 34807 18190 17808 33363 18957 17470 34642 17048 33369 33795 34647 17138 17690 33968 34055 34650 33970 51141 33802 17143 33846 33847 13233 34059 33933 34655 33934 33935 10476 35382 10478 18214 14730 34197
hp 101
t 54811 54812 74916 77764 77595 14780 53667 74324 53328 53323 77810 54992 54099 53334 77646 77096 54825 53424 53339 53425 53340 53426 54192 54064 77569 74892 53344 77061 53430 53685 53516 53388 53431 53603 77787 53433 53348 53264 54922 53392 53435 53350 53351 53394 77791 54246 53353 53396 56116 53354 53397 56201 53355 53398 77243 53359 53318 54806 53532 53321 77590 53407
hp 218
t 49893 49653 49475 31154 49535
hp 317
t 57660 57664 57665 57667 57710 57625 81552 57714 57672 57460 58311 57758 57717 57801 57800 57802 57719 58314 57678 58273 58316 57636 57805 58232 58275 57638 57807 57724 58276 58234 57682 58233 57683 57727 57687 57688 57646 57689 57690 57695 57700 57445
hp 307
t 39231 55829 55872 56014
hp 76
t 65139 45930 22641 22642 65396 64971 64888 62848 65059 45935 65145 64974 65230 64890 64881 64891 62853 41946 78754 62858 45350 62868 62529 62530 62622 62625 61860 22846 41889 61950 64925 41977 65181 65182 64929 41981 41982 22688 65187 22689 41729 41846 65191 61877 65193 64938 41820 62559 67576 65195 64516 41822 64772 64858 64773 65028 42504 62649 62904 64775 65200 64861 62651 64946 65202 64862 65205 45911 64866 41832 41833 41749 64698 64869 65038 61811 64871 65381 64701 65467 63171 64872 64874 22800 62239 62665 64960 66151 22718 22719 62158 62669 64880 62245 64883
hp 123
t 79424 79468 79426 79638 79427 79428 79429 79216 79430 78070 79431 79474 79643 79433 79476 79434 79477 79435 79436 79394 79437 79607 79438 79439 79609 79440 79610 79443 79613 79444 79571 79446 79361 79447 79448 79449 79407 79450 79451 79452 79453 79455 79460
hp 78
t 65394 41257 41767 41938 41428 41770 59449 22734 41945 22565 41268 41778 41780 41951 41782 41783 20704 41785 59127 41789 41790 41791 41111 65084 41796 41799 23439 45371 41975 23445 65435 41807 41978 64928 41980 41983 64934 41138 41478 64939 42501 65451 41654 41824 41485 41656 22787 41487 22790 65120 41831 23471 23472 22792 65122 65123 64783 41154 41834 22625 22795 23476 65126 41157 41593 22798 65131 22632 41842 22633 22635 65136 65476 41848 42528 65478 42529 23320 22981 41851 65482 22813 65147 41858 42204 22656 41866 22657 22827 22658 64987 41528 22659 41529 22660 22661 22662 22832 41532 22663 22833 42723 22664 22665 22835 22666 22836 22667 22837 22668 22838 23518 65168 22839 22669 22671 42732 22672 22843 22674 22844 22675 22845 22676 22677 22847 41888 22679 23529 42569 22680 23530 22681 41891 22682 22683 41384 22684 41894 65184 65185 22686 23536 22687 42238 41899 65189 22690 41730 22691 64851 65361 22693 22694 65363 22695 41566 22697 41739 41569 22700 41570 22701 41742 22703 41744 23384 41745 22535 22706 23387 65036 41577 22708 65037 41579 22710 22881 41585 22716 41756 46006 22717 65047 41761 22893
hp 296
t 79951 63896 67681 63112 64483 64154 68205 71913 75855 63883 63894
hp 171
t 46609 69560 46610 46611 45166 45506 46612 46613 45084 45085 46615 45086 45842 45087 45089 45090 46620 46621 46623 46624 46625 46626 45777 45097 46627 45266 46628 46629 46630 46634 66184 46805 46635 45106 46806 46636 46807 45276 46637 45532 45107 45873 45281 45452 66786 48002 45877 66107 66787 45453 66108 66194 66789 66790 45202 45373 48008 45203 46648 46649 45289 48009 45885 45121 46651 45462 45122 66201 45547 45123 45291 45548 45124 46824 46654 45125 48015 46655 45127 48017 45130 45810 46832 46833 45728 45304 45135 45305 45732 45307 46838 46671 45144 45059 48036 45147 45489 45320 45240 45157 45072 45158 66067 66238 45074 45329 45330 45245 45076 45416 45246 45331 45164
hp 308
t 40167 55541 39068 39016 39085 39158
hp 292
t 54150 35259 34999 70530 35080
hp 269
t 72037 72386 75809 72411 72084 72085 71748 72430 68353 71912 68357 75840 75841 72445 75846 70746 75851 68371 75852 68374 75856 71437 75859 71441 75867 68388 68391 71451 68399 71459 71801 71122 71474 68416 71136 71477 68419 75902 68422 68425 71825 68428 71489 68429 71491 68432 72172 68433 71493 68093 68434 71494 71495 71496 68437 71497 68438 67077 71499 68440 71500 68441 68443 68444 68445 71505 68446 68447 71507 71508 71509 71510 71513 72194 71516 71517 68458 71518 71519 72200 72201 63701 72202 72203 68463 68464 72204 68465 68466 68467 68468 72208 68469 71529 72209 68470 71530 72210 68471 72211 72551 72212 71532 71872 72213 71533 72214 71874 71534 68475 72215 71876 72217 72218 71538 68479 72219 72220 72221 72222 72223 72224 71884 71886 71548 72908 72909 72230 72910 72231 71551 75971 71892 72232 72233 72234 71894 75974 72235 75976 71897 75979 71900 72241 72242 71562 72243 72244 68504 75985 71906 75986 75987 68507 71908 75988 75989 71569 75990 71570 75991 71571 75992 68512 71572 75993 68513 72253 75994 68514 72254 72255 68515 68516 71916 75996 71917 68517 75997 71918 75998 71919 75999 68519 76000 68520 68521 71581 76001 68522 71582 76003 71583 68523 76004 68524 76005 68525 68526 68527 76007 76008 71588 76009 71589 76010 76011 76012 76013 71933 76014 80094 71594 76015 71935 71595 80096 76017 76019 67178 71600 76020 72280 71601 76021 72281 68202 71602 76022 71603 76023 71604 80104 80105 71605 71606 68546 68547 72287 76028 76029 76030 71950 76031 71612 71613 71614 71615 67876 80120 80121 71621 70942 72302 72303 70944 71624 80124 71625 71626 71969 68574 67213 70956 71981 71983 72328 72329 72336 68267 71668 67248 71669 71670 70990 71671 72351 71673 71674 71676 72356 71677 72357 71678 71679 72362 72024
hp 232
t 34980 54025 54201 54066 54029
hp 259
t 52091 70283 51327 51370 51371 70115 70457 70246 35227 51249 71012 51291 51250 51591 70759 70462 51252 51253 51465 51254 70210 51255 51425 51257 70937 51259 51386 51217 51600 51261 51303 51263 51433 35157 70134 51223 70519 51224 51225 51352 34864 70436 51270 51581 70141 70611 52123 70442 70145 70146 70402 36105 51321 70405 51280 52089 51367 36026
hp 98
t 79441 80525 75468 79527 80464 79615 75281 79531 79770 80345 80516 79687 79773 79539 79518 79540 75461 75441 79352 74783 75380 76464 79674
hp 279
t 43934 43935 62636 43810 43896 44025 62046 43899 43857 42583 43815 42499 62050 43818 43989 43903 43947 43820 62519 62520 62139 42505 62140 43886 43954 62059 42685 62618 43794 43964 43965 43796 43839 43967 43288 43802 43804
hp 258
t 33861 33393 34543 33353 33483 33442 33145 33231 34166 34209 34167 34083 33404 34467 34510 34468 34044 33959 33365 33833 18321 34176 33178 34137 33840 34138 33841 34267 34054 33927 32824 33888 33507 34231 33891 34529 34232 34276 34532 34150 35510 34152 33473 33390 33859
hp 315
t 55831 39066 55837 39061 39062 39084
hp 224
t 55170
hp 175
t 47673 32076 48397 32290 32164 32079 48315 32038 32464 32124 32210 48572 32466 32509 30003 31449 32172 32044 31749 32177 32730 30564 30651 31926 31758 48551 30573 32328 32448 32451 32154 48135 47839 32200 32115 32456 32626
hp 328
t 35902 36244 51713 51884 34715 51801 36077 51802 50445 36761 50275 51720 50361 36087 36855 51729 35921 50795 51135 50540 35922 51731 50626 36092 36093 35924 51732 35925 36860 36265 35926 36861 36778 51652 51143 49325 50464 35931 51825 35932 36188 51743 49278 36104 36020 51150 36107 51152 50472 50982 70194 50983 35940 36066 50984 35941 50731 52432 51667 36199 36029 35945 35946 52437 35950 35951 51760 51761 51762 50998 51679 51765 50660 51766 50661 52447 50747 51767 50663 50749 51089 51769 51090 51771 51091 51772 50668 51774 51775 36225 51184 36055 50847 51869 51699 52465 36061 51021 52467 51025 34707 50687
hp 80
t 22895 57746 60297 60127 58938 60128 58943 78325 78155 43987 65068 41612 65071 59461 59462 78334 41784 22575 59804 60144 78336 78167 78680 59980 78341 60325 78176 59136 78181 23273 59142 78184 78185 61864 60170 58982 23284 41477 60347 78373 23295 60015 78380 59340 78381 58831 22965 22967 22976 22807 78401 78742 58682 22644 22814 59024 22985 78915 22986 60384 59195 59706 22987 59196 22988 60387 23329 60292 22990 22991 22992 22993 79093 22994 60053 59203 22995 59034 41865 59036 59206 60058 78759 23511 22670 59049 22840 23520 78260 22841 22842 58881 60241 58882 23524 60414 58884 23526 58885 59056 58546 60246 23527 23528 42568 58887 58888 60247 59057 23531 59061 60250 23533 58893 78786 23028 23539 60258 41051 78792 60263 22867 60266 59080 78632 78292 60276 78808 65378 60279 60280 78641 22882 57901 60281 60282 65042 22884 78815 78304 22885 78477 60287 78819 65051 58932
