ap 0
hp 368
 61183
ap 1
hp 369
 53048
ap 2
hp 90
t 61280 60007 61410 58817 58523 59374 59926 59247 59080 59930 59208 23806 36940 58870 58573 59382 78974 58475 59725 59980 59216 61386 59389 59092 59347 59051 59349 58500 59139 58545 59225 59906 58505 59356 58719 61268 59909 58508 60634 78357 59232 59233 58682 59234 58895 59239
ap 3
hp 37
t 75518 75349 75264 74755 75477 75137 75351 75478 75182 79688 75481 75473 75484 77823 75486 77612 75275 75235 53476 75365 75280 54967 53479 74857 75283 74136 75073 76646 75457 75459 75374 75501 75502 74822 77670 75462 75464 75337 75472 75345 79766 75092 75262
ap 4
hp 370

ap 5
hp 83
t 44406 4799
ap 6
hp 371
 20472
ap 7
hp 372
 20158
ap 8
hp 36
t 46916 48363 47684 49979 30602 49814 32049 49817 46927 47863 31713 31461 47696 30867 47102 30187 30783 46934 31294 30615 47024 49659 31979 46941 47792 31472 47622 31388 31646 31817 31477 47627 49838 31307 31648 47628 31819 47849 31820 47033 47034 30801 46865 47715 31482 46866 50096 46867 30887 47633 47037 47036 46954 47038 46870 46618 46875 30980 50020 49852 49853 47644 47815 30560 50110 27501 31581 46882 49772 27587 46884 46969 49775 46970 46971 30651 48334 47655 66781 47741 50207 31252 27003 31338 31936 48257 31342 31942 47667 31263 47669 46990 49626 46991 49627 31437 49629 47846 50226 46996 49716 49632 31443 31274 30849 46915
hp 38
t 47043 47002 49637 49638 53081 47046 49766 26946 47730 46923 48359 46117 46997 49603 47777 49647 48330 31033 47822 31698 49650 24577 30995 47146 46892 47531 47743 48255 46937 47535 31941 30213 46944 27480 32750 47625 50176 49794 48477 48266 31649 30760 49843 69138 49631 49633 48273 46955 48358 46999 49677
hp 43
t 49976 31702 30937 30004 30855 66215 31025 31708 48283 31709 31030 49645 47776 47011 47014 31969 31460 31035 48291 31292 46340 30872 47617 30875 46940 30366 47026 47028 46943 47624 47711 30967 50264 31650 46951 31567 47039 46190 29786 30892 47637 30808 46957 49634 49849 29914 47045 29960 30471 50106 29961 47133 50108 47475 47816 46966 47646 30053 30821 48331 30907 48249 30060 49952 31104 28705 30919 47834 45457 47752 30923 47500 47842 30843 31355 50566 48357 30848 47678 48444
ap 9
hp 59
t 10876 10196 10538 10199 10200 11051 10201 11392 29242 10202 10203 10544 10204 11564 10206 10213 10216 10218 11069 10220 11584 11585 11416 10225 10566 11417 29267 10738 11418 15667 11419 16349 10912 3603 11934 10234 13635 10235 29276 11428 8708 9729 11942 8713 11603 14154 9735 11437 8719 9910 11611 8722 9572 11955 11958 2610 9751 9921 9752 8734 9756 9589 9590 9761 10102 29142 9424 9766 15886 10616 10107 8747 9768 10108 28809 13679 9774 8754 8755 11137 8758 11138 11140 9440 9442 29503 29164 8595 11146 8766 10807 8598 9449 11150 8260 11152 12172 12852 12173 9963 8434 12175 9795 8436 9630 9290 12861 8271 12011 9293 29185 8792 29362 9473 29405 9648 9309 9820 52830 11523 10163 29374 9514 10675 9829 9661 11872 9834 9835 9836 11536 11027 10179 10520 10181 10182 10183 11204 10184 10185 8826 10189 9849 11891 10192 9512 13594 11045
hp 55
t 30682 47854 31874 31026 47007 31282 31027 48199 47009 31455 31881 48203 32138 48205 46930 30613 31125 48381 31127 32147 48382 31468 32745 31471 31132 31473 31133 31474 31050 31306 31222 31478 29865 47800 29869 31740 47635 31828 31063 29875 48320 49767 31153 48323 47049 48324 31070 31156 31071 31837 47052 32008 31839 30648 48328 32180 48244 47054 53005 32097 48332 31248 30908 48333 30654 48335 47826 31081 47487 31082 30997 48253 48339 32020 31086 31001 48347 31007 32707 47839 31009 31521 47672 31012 31524 31525 29825 31695 31952 31018 31955 31445
ap 10
hp 95
t 21419 21420 44540 5101 44713 21083 8167 5278 5280 44720 7831 7495 44727 5287 5288 7498 21272 4102 5122 44393 4442 8013 5124 7504 20085 5125 19916 21106 5126 21277 5127 4278 4449 5129 20089 7509 5301 5131 5132 5133 20773 5134 4454 42874 7515 5475 4119 44242 4462 4297 4130 5321 21303 21304 5664 21305 5666 7877 4139 5160 4821 7541 5161 44942 7883 44434 5164 7546 4488 5679 4320 5510 4490 20812 4492 42912 5173 4494 4154 5175 7897 21328 4498 4499 5520 21331 5180 5183 5523 5184 21336 5866 20998 21338 4679 4340 21340 5700 5701 4341 4511 5703 21343 4174 5195 4347 4858 44640 4691 4863 44645 4356 4358 21360 4530 7932 4194 44994 4367 21367 4538 5218 4539 4200 5561 4543 5229 44500 44501 44843 5233 5235 5236 5237 5238 44510 5241 5243 7627 5078 4400 7970 4403 5083 7635 42146 5089 5092 5094
ap 11
hp 157
t 32487 48616 48471 25442
hp 153
t 1732 1569 1623 1752 1731 2725
hp 159
t 3035 2366 2408 2579 1856 9010 1329 2636 1351 2594 1341 2320 1342 26152 2481
hp 149
t 2860 25223
hp 155
t 1676 1485 1656 32252 48619 1743 1640 1491 3043 1365 1367 1538 2858 3029 1754 1733 1372 1459 2862 1652 3013
ap 12
hp 134
t 40583 39691 61090 38162 40416 38163 40586 33596 17277 16470 56868 40463 40655 40570 40338 14392 37237 17220 40467 16604 57001 40744 56875 40451 40663 40454 40178
ap 13
hp 373
 8127
ap 14
hp 374
 61374
ap 15
hp 50
t 54672 54673 53865 53931 54994 54675 54275 53446 54680 53447 54681 53917 53684 53495 53645 53306 53412 53265 55009 53459 53290 54289
hp 56
t 29918 29919 31620 29751 30601 31622 30603 32137 32139 29760 32140 29761 31802 29762 29763 31973 31124 31293 31974 29765 32654 31295 32146 29766 29768 29938 29769 29771 47621 31645 29776 31476 29777 32667 29780 31311 29782 31313 31484 47634 29785 31485 31826 31486 29956 29787 47639 30640 30643 29964 30644 48325 31325 30646 48326 31326 32007 48327 29799 31840 29970 30650 31841 47652 30483 30653 30655 53096 29807 31337 30998 29979 30999 46980 47660 46981 31002 47663 32703 46984 48345 30666 31347 46988 46989 31520 31010 47671 48352 46993 29824 46994 30165 47674 31015 30166 48354 48356 29827 47676 48187 31869 47679 29830 31020 31871 32042 31023 32043 31875 31707 29839 47859 30009 31711 29844 30864 29846 30696 30868 31038 31889 48210 31040 29851 31041 30701 31042 29854 47025 31049 31224 31054 31055 31226 31227 29867 31737 47717 29189 31061 31232 31062 29873 47723 29874 31575 29877 30219 31410 31411 31413 31924 29885 31245 29716 29887 31247 29717 31757 31077 30228 30229 29719 30231 29721 32101 29213 30576 29899 32109 30582 31092 31949 29910 29740 29741 29232 31272 29742 29913 31441 31614 49804 31105
hp 52
t 70631 76326 53462 70038 70718 70635 35020 76331 77691 76416 75228 33154 74889 70215 76335 70301 53471 70387 70218 70727 51434 54069 77021 72602 70392 75152 76853 70393 53649 77025 75495 77196 70907 70823 74904 77539 77030 70485 54167 75078 77033 76353 77035 72703 77380 34202 76364 76365 53586 70589 77050 75350 74246 72548 75183 70423 70764 75100 72380 53596 77056 53682 35152 70343 69918 70513 75105 72557 74853 70179 77234 34565 74939 70350 71116 70182 75197 71628 77322 33803 77154 73333 71635 71041 69767 69938 53363 69853 71553 70535 53366 70536 70453 70454 35434 69945 53370 76320 76831 53456 69947 76832 76322 69949 70630
ap 16
hp 89
t 44729 44432 44562 44605 42884 28222 25949 44671 21423 21405 44695 44546 21342 28186 26402 818 28081 27678 27849 44403 44043 44595 44574 44575 21414
ap 17
hp 375
 65535
ap 18
hp 40
t 31701 49807 49977 47173 49812 49642 49813 31697 27460 29756 30862 50243 9784 49821 47018 30784 47019 47192 30873 31638 47109 30874 31639 47110 31556 47114 31644 30795 31560 50177 30884 30885 49670 29950 31651 30803 31058 30634 31145 47212 49678 31659 49850 49936 50194 30984 49941 30901 29882 50197 50198 49773 50201 47736 47144 47147 30828 66022 30833 30918 66025 66365 47496 30921 49792 48267 49712 31523 49628 49798 30929 46910 49800 47167 49717 49718 49805
hp 63
t 35951 52272 52273 54661 35878 34519 35881 36562 14037 13357 54329 54670 55011 54333 36656 52807 52808 52469 53915 55021 52813 52900 54686 53411 57322 77724 54519 53754 54691 54947 33785 54272 54530 36170 36596 54277 74252 36427 54448 54535 77571 54707 52668 54283 54709 54539 36605 70520 54371 54457 36437 53863 52929 52930 34062 52254 54296 12391 52852 54638 36196 54387 55241 36458 54904 57030
hp 51
t 10960 10706 10961 10707 10963 29494 10795 10966 12837 11052 10627 13349 10121 13351 10803 12843 10549 10384 13359 10813 10394 10737 12864 10828 12868 10659 13381 13383 11003 11004 11007 13389 11010 10957 10672 10248 12800 10250 12801 10422 10958 12803 12890 12805 11021 12807 11109 10684 10515 13320 10941 12898 12899 10944 12900 12901 12986 10522 10778 10949 10952 10618 13758 12911 10701 10873 13678 10789
ap 19
hp 376
 57078
ap 20
hp 377
 57343
ap 21
hp 378
 28607
ap 22
hp 379
 73702
ap 23
hp 380
 60664
ap 24
hp 42
t 18186 53249 76412 76540 71228 76414 72610 75139 19082 76542 70637 72613 76376 33812 76462 71363 70088 76592 17879 76594 69944 24089 69968 72582 76260 77663
hp 65
t 12320 15551 36334 36336 14746 10752 15173 33279 52574 53041 33577 36467 14027 12327 12499 12414 13859 12542 13819 14032 33882 12972 7363 32779 14122 13782 18372 13443 49695 12806 36519 36479 12720 15656 49762 36526 33169 52678 33086 36446 52980 33898 12691 13626 11374 76443 52899 15499 14309 10825 33647 29951 29571 12826 36753 12358 52991 52949 11002 33613
hp 58
t 75136 70633 75394 70721 69957 75227 75142 71062 75483 53299 76419 73955 70726 76338 74896 70308 75238 76259 74899 75155 77026 76261 75411 75157 75158 77198 75331 75161 76267 76438 70744 76355 76442 76357 71853 75172 77046 74753 75603 53418 75181 75267 74758 75353 75355 75270 75356 70087 76294 70347 70178 75364 70010 76385 69925 75111 74856 75367 70268 76645 75460 75375 69937 69852 75463 75380 75295 76317 74961 75388 75389 75475 54225
ap 25
hp 97
t 4500 4502 44708 43603 44879 5099 21250 44456 21251 44457 4678 21253 43354 44714 4681 4855 21264 4519 5200 21351 44386 4860 21267 5203 4694 44389 21354 21356 5206 7501 4526 27988 42949 21275 44396 44144 20770 44742 27317 42872 21453 44830 44405 44660 44235 4372 4456 44835 4802 4123 4379 5320 20961 5661 42127 27168 5324 43065 21306 20966 4733 20802 4483 43583 20975 5167 20642 21496 4497 5095 44705
ap 26
hp 92
t 37567 61283 61369 61029 61030 61285 61032 37487 61033 6548 61289 61290 19218 61295 57896 18712 61043 60532 58411 18716 18717 39798 58584 58586 18721 61053 60714 18809 61055 61395 19405 37001 58592 18727 17368 60548 6575 18562 37008 57748 19244 37519 18734 61407 60557 60728 58093 19419 36930 58605 18741 58012 37358 18744 58101 18577 57932 19343 61418 18153 18920 61335 37281 61336 58022 57938 18753 61339 57940 18756 61256 18076 61257 17908 61427 61342 24282 18759 18079 19442 37038 61008 18934 61095 18765 19276 19277 19448 61099 37555 37131 37387 60677 18857 37558 61274 18690 61190 61275 57876 57877 61194 61364
ap 27
hp 60
t 75775 54993 54865 55589 74249 56315 74422 54873 55596 54875 56193 56151 54792 56195 53646 56155 55816 54542 56160 56178 77711 53486 14176 53276 54637 55104 13455 55233 55786 54385 53280 15540 56212 56128 54642 54897 15500 55832 56217 74326 53289
hp 47
t 53652 56138 53502 55609 54910 74418 54911 56314 75141 53487 74399 56253 74423 56254 73785 73786 56170 53281 58253 54898 56216 54650 54901 74388 56304 56219 56156 56135 54734 74348 56158
hp 39
t 54907 56310 74223 56140 56311 74416 53311 55592 55783 56295 53321 74380 39104 55595 55023 74425 55555 74406 56046 55578 74344 75151 55431 74408 55581 54902 74391
ap 28
hp 79
t 22778 59160 77860 22783 22784 22787 43870 22790 22791 22792 60193 22793 22795 43876 78216 43877 22798 79580 22801 58503 58504 77885 59526 78226 77887 64968 59530 60558 59200 43901 59543 60224 59548 58869 60232 78254 60236 41876 59220 60243 60245 23525 60246 58886 78266 59907 60247 58887 60248 23529 78270 58890 60251 60252 60255 60256 61276 59236 42578 58899 57543 62645 59245 61286 58907 22530 60272 60273 22535 78637 42597 62660 65041 60282 65044 78645 65045 22546 60286 65046 41590 65052 23232 22553 22554 22895 59617 41599 59619 65062 59624 57926 41607 43988 59629 59631 43992 65074 22914 41616 65076 41617 60317 60318 78340 78341 41622 44005 22585 23265 65086 22586 22587 22928 22929 60330 23270 22930 22931 23272 22934 59995 22936 23278 22939 22600 23281 60342 57622 60343 22604 60346 62733 22613 60013 58994 58654 22615 59676 40977 59678 22618 22958 22619 59000 59002 57983 22624 22625 59006 22966 22627 41667 22967 22968 59348 22630 78731 59691 40991 41672 22632 59353 58333 78734 22635 59696 22638 41680 41682 78746 42707 59708 42368 41689 65149 41690 42370 42711 41351 42372 42032 22653 41353 41693 41354 41015 42716 41356 61416 41697 59036 42037 41358 41018 42378 41019 42719 62099 59039 59040 59041 42041 41022 59044 42044 60405 59385 60406 60408 59049 58709 57350 60410 41711 22672 59052 22673 41713 22676 57696 22677 22678 42738 22679 65181 65183 59063 57365 57366 57372 59072 22693 62817 60100 41740 60101 62823 22704 58405 57387 22710 57733 22715 65215 59097 22718 58081 58421 57742 59103 60124 59445 59447 58427 58088 64888 22728 59448 78148 57749 60134 22740 59121 22742 58103 59123 65244 60144 77828 22750 22752 59472 22756 22757 59137 22759 77840 22761 22768 62548 61188 43849 60171 22771 61191 22774 57455
hp 81
t 42836 43856 62217 43178 44880 43862 43522 44884 44885 44206 43526 44887 43528 61891 43872 62232 44893 43194 43536 44217 61898 43539 62239 42522 61903 42863 43546 61907 43547 21447 61908 62248 42188 61909 43892 43893 44913 61914 44914 44915 42876 62256 44917 43898 41519 61920 43560 61921 43221 61581 43903 61924 61925 43565 43225 61926 43567 44927 62268 61929 43570 43231 61932 62272 61933 62273 61937 42897 41538 43580 43582 41544 43586 42907 43588 62288 43589 61949 43250 43593 43595 44956 42917 42918 62298 42919 43601 41562 44962 42923 42924 42925 43605 43265 43606 44967 44968 41230 43610 44970 43611 44971 43612 42592 43613 43273 42935 43615 43616 62316 42938 43278 43279 42941 43623 43283 42944 62324 42945 41585 62325 43626 42946 42265 42947 43627 43286 62326 43969 42950 43970 44992 42954 27995 43975 42955 43976 62335 44996 43637 44998 43979 44999 43980 45000 43981 43641 43982 43643 45005 43305 43646 62346 43307 62348 43990 43991 45012 43993 43313 43994 44335 45015 42296 42297 42978 41281 43321 44002 45022 43322 45023 45027 42989 42990 43671 45031 43672 45033 44014 44354 44015 43675 26677 62379 62380 44023 45044 44026 62047 44707 43348 43692 40972 45053 43694 44035 45055 43696 40976 43700 43021 41321 44382 43702 40982 43362 62064 43364 21265 43706 43027 43708 42691 43032 44392 43375 43717 43377 43718 44399 44400 61740 41681 44402 62082 43723 43384 43385 61748 62091 43393 43734 62094 43737 43397 62098 43740 61761 43402 41025 62105 62108 61769 43409 61770 62111 43072 43073 42394 43076 62117 61777 43758 61778 62119 61779 62120 62121 61781 62123 62124 62125 62129 42752 62132 42412 62133 42072 42074 42755 43775 42757 42077 62138 42758 42759 42761 42762 42083 42765 43785 42087 42768 42769 43449 42770 42771 42772 61812 42774 61816 42097 61819 42781 42106 42788 42111 44152 21375 42797 42799 43140 42120 43481 42121 43142 44163 43143 42124 27167 43148 43150 42815 42818 27179 61859 42142 42829 27869 43850 27190 44191 42491 43852 27195
hp 85
t 78706 65279 22779 78713 78714 78374 23295 57805 78379 41832 22794 41834 78385 60366 79070 59529 78401 78742 64802 64974 64805 62595 65148 64809 78750 65150 65151 59541 62601 60221 64642 64813 62773 22655 78755 62606 22828 78760 78761 65273 57685 78425 78768 78772 65514 59904 64835 65177 78781 78783 60253 78785 78786 65187 59237 78788 59918 64849 59238 65020 78791 60261 65021 64855 78797 78798 64859 59420 59421 22531 59422 64863 59423 78806 59428 78808 59429 62830 60280 59431 78811 78641 59432 59262 59433 78643 59434 78304 59435 65216 65218 59608 78819 59609 65220 59440 22550 65221 65222 59442 57572 59443 65223 64885 57575 65227 65228 64890 22731 64891 65232 64722 65234 65235 22736 59626 78666 78668 64899 59630 59461 65241 22572 22743 65243 59635 22576 59467 65247 22577 22748 65078 22579 65079 78679 64910 22581 22582 23263 65083 78684 22925 23266 22926 23267 78687 22927 23269 60329 64922 22762 65264 59147 23277 65268 64928 23279 65270 64930 65271 64931 64933 65272 60002 41302 78705
ap 29
hp 48
t 66380 47171 47214 66721 47554 47513 47175 66682 47813 30982 47346 47135 69490 69491 66602 66390 47564 66563 47143 47357 66823 69501 47359 47870 46722 69549 68912 47832 66830 31004 66662 30963 69086 69598 31305 69470 30753 66583 47204 30927 47545 30930 61445 47165 47123 68884 47847 66717 47508 47126
ap 30
hp 62
t 17251 52526 12321 33147 13853 12324 14705 12751 13774 13944 13775 13693 17434 7406 36222 53137 18629 13785 12595 13786 52971 36481 36312 5968 36483 34783 17190 12431 36148 15323 36574 14559 36320 52811 52982 36322 36491 52984 36324 52814 33435 12866 52901 12356 52988 52989 52649 15334 12360 17375 12617 36333 13893 33104 12364 36506 11261 13898 36423 12369 36509 12455 29030 36426 36597 54702 36598 13988 36599 30224 36344 10674 36345 14075 13311 52922 12462 36687 36348 29294 36520 36521 36436 13656 10342 28788 36524 13235 29300 33891 12557 12472 33552 7287 13833 53018 52849 33130 36445 52936 36447 52683 12903 52939 12905 57020 14181 36622 52857 36792 13928 12908 17159 12739 52860 13675 36456 52947 52862 53118 14615 36630 52525
hp 64
t 13999 14170 13809 33233 13791 16490 36465 54380 13941 33131 32770 33174 33749 33197 77165 35812 14159 53663 54895 15501 33649 13760 13763
ap 31
hp 46
t 49806 49636 28897 30938 49980 30941 47773 31623 49815 30265 49816 31628 47779 30949 49651 66653 66315 47106 30956 47107 30788 47112 31642 30793 47113 49834 30796 50346 31647 50178 30799 47119 30970 30971 50351 66672 30973 47124 65994 49675 47127 50017 47128 49848 47129 49680 29792 50193 47984 66685 49686 47138 49688 49180 47481 47141 49691 65841 68905 30832 30836 47497 50560 49202 66034 50565 49715 47506 47166 47507 50227 50908 66038 49889 50229 47510 50230 30852 47344 50406 66386 47857 47518 50578 30349 47180 66389 47521 66391 50922 47353 47524 66394 53135 47526 53136 47527 47530 31721 47532 67081 49924 50265 47550 30890 49761 49764 50104 53166 69322 29714 47566 47396 30912 49953 30913 47405 30917 47239 30922 66454 49796 66457 30928 30250 30932 31612 49802 66463 49974 30935
ap 32
hp 381
 39865
ap 33
hp 158
t 15538 15541
ap 34
hp 382
 52475
ap 35
hp 247
t 55128 55107 40168 56320 55151 56324 56325 56719 55149
hp 231
t 70588 34931 50699 70463 70166 70210 70422 70168 70465 51383 70509 70467 70170 70510 70171 70511 50154 70300 70427 73234 70429 52112 51390 51436 70434 50034 70180 50120 49992 70309 50166 70440 51698 70272 51318 70145 70273 70401 51363 70191 70149 51705 70407 70408 70154 70452 50139 70455 51416 70116 51374 70499 50142 70118 70416
hp 320
t 39181 39352 55737 55652 57841 39142 57801 81582 55529 58250 55297 55300 57810 55580 57812 39177 55308 58177
hp 246
t 55808 55835 55857 55810 38399 39482 38813
hp 264
t 63576 63747 63577 63748 63578 63579 63580 63581 63582 71913 63583 63584 63756 63927 80078 63588 63589 63760 63590 63761 63591 63592 63593 63764 63934 63594 63765 63595 63596 63597 63598 68190 63600 76011 63601 63772 63602 63603 63943 63604 63944 63605 76017 64120 63951 63611 63612 63613 63614 63615 67702 63965 63628 67376 63810 63645 63647 64159 63819 64160 63654 64165 63656 63489 63829 63659 63490 68420 63491 63833 63834 68254 63494 63664 63835 63665 63496 63666 63837 63667 63668 63499 63670 63501 63504 67245 63675 68096 63507 63509 63510 63850 63681 63512 63852 63513 63514 63854 63515 63855 63743 63686 63688 64199 63860 63690 63691 63866 68116 63696 63697 63915 63698 63699 63530 63700 63871 63701 63872 63532 63702 63533 68123 63534 63703 63704 63535 63705 67785 63706 63707 63708 63709 63711 67792 67793 67795 63716 67797 63888 63717 67798 67799 63719 63891 63721 63892 63552 63722 63553 67803 63554 63894 63724 63555 63725 63556 67805 63726 63557 63896 63727 63558 63559 63729 63900 63560 63730 63561 64071 63562 63732 63563 63733 63564 63735 64415 67815 67816 63567 67817 63568 63738 63569 67819 63570 63740 63571 64591 63741 63572 63742 63573 64423 63574 63575 63745
hp 259
t 61516 61528 67478 61880 61551 61448 61853 61461
hp 290
t 53737 54075 54067 51428 54043 54054 35810
hp 279
t 35017 70043 49303 35025 54078 70059 35040 35041 35042 35043 35045 35050 70081 70082 70084 70085 70090 70099 70101 70102 70105 70110 54130 70111 70113 54134 70114 70115 54139 70120 70123 70124 70127 70128 70129 70131 72512 70135 54157 72517 54158 70139 54159 72519 70144 72525 70148 70150 72530 70151 72534 35136 70156 35144 49426 49429 72551 54194 49436 72556 70177 49437 49438 49439 49448 70189 70190 49453 70209 70211 70212 70214 70216 70217 70219 77359 49481 70223 70224 70225 70226 70227 70228 70230 77371 77373 70256 70257 70258 70260 34900 70262 70266 70269 70270 70271 70274 70276 77422 72328 72330 70293 34933 70295 70296 70297 72337 70299 72339 72340 72341 70302 70303 70304 70306 34950 70315 72698 70319 72364 72366 34969 34975 70335 51297 51300 72381 51302 72382 72383 70344 51304 51307 70348 70355 51320 69683 51327 51329 51330 35010 69690 51331 51332 71336 51334 51337 51338 70722 70384 71404 70724 70385 70725 51345 70386 51346 70388 70389 49989 70390 70391 49991 51351 51352 51354 70735 51355 49996 70396 51356 70397 51357 70398 51358 70399 51359 70400 51701 70402 51362 70404 71424 70405 71085 51365 70406 70409 51710 71431 71432 52052 70413 70753 71433 71434 70414 70754 70415 51373 52054 71096 70417 71437 71097 51377 71098 70419 71099 70420 71100 52063 51384 70765 70425 51385 70766 70767 70430 51391 70432 70433 51393 70435 70438 70441 70444 70445 70446 51406 70447 51407 70448 70449 70451 70791 70793 51414 70457 51417 51418 51419 69780 70460 51420 70461 70462 71484 51424 51425 70466 71486 51427 70468 71488 70469 71489 71490 70471 51431 70472 36472 70473 70474 71494 71495 70476 71496 71497 51437 71498 70478 71499 70479 70480 71500 71501 70481 71504 70484 71505 70486 71506 71508 70488 70489 73549 71509 71511 70492 71172 71513 70494 71515 70496 70497 71517 51457 70498 71518 51458 71519 50099 70500 70840 51460 70501 51461 70502 70503 51463 70504 51464 70505 51465 71526 70506 70507 71527 70508 51468 52148 51469 51470 36513 51474 70515 71535 70518 51478 50121 51481 71543 51483 65763 70526 71550 71551 71552 51832 71212 70533 50136 70537 70538 71561 70542 72922 70544 71565 70546 72929 51510 52193 70554 70556 51516 70557 51517 70558 51518 70559 51519 50160 52200 70564 70566 36227 70568 35548 50169 70569 70570 36570 50170 70571 36230 70912 70913 70914 70915 50175 70576 70916 70577 70578 71598 51538 70579 51539 70580 70581 51541 51542 70582 51543 71603 70583 73644 70585 70925 70586 71606 70926 70587 51547 70927 51887 51548 70591 51552 51553 51554 51555 70936 51557 71617 51558 70938 51559 69920 70940 70600 69921 51560 51562 51563 70944 69924 71624 51565 70945 70605 70946 70606 71285 70947 71627 51566 70948 69928 71286 70949 70609 70950 70951 70611 69931 71632 69932 70612 71633 70953 70614 71634 70955 70956 71636 70616 70957 71637 70958 71638 70959 69939 70620 71641 71642 71302 71643 70623 71303 71645 71308 69954 70975 70977 70978 70979 69959 36300 71321 70642 70645 70646 70647 71668 71328 71669 71670 70990 71671 70652 71673 71674 70654 71675 69975 71676 70656 69976 69977 70657 71677 71678 70658 69978 71679 70660 71000 70661 71001 69981 70662 70663 70666 70667 70668 71008 70669 71009 71010 70670 71011 70671 71012 71013 70673 70678 70679 51640 70680 70000 51641 71021 70681 70682 71022 70002 70683 71023 51642 70684 51643 70685 54025 70686 70688 71369 70690 70692 70693 70694 54034 70695 70696 70697 70698 70699 70700 70701 71381 70702 71382 70703 71383 51665 71388 51668 70033
hp 277
t 73404 72904 73202 50114 72893 50000 50171 73186 50144 73188 50112 50122 50165 50080 71649
hp 339
t 69526 69441 69527 69187 66723 69530 69531 69532 69447 69533 66728 69534 69535 66562 69624 69455 66650 69626 69458 69546 66572 69548 69463 66743 69550 69551 66066 66747 69553 69554 66664 69555 69385 69556 66666 66752 66667 69558 66668 69559 66754 66755 66757 69479 66675 66676 69567 66677 69483 69484 69485 69400 69486 66767 66768 69575 69578 69241 69581 69411 66776 66778 66099 69500 69502 69503 69504 66784 69423 69509 69510 69425 45201 69513 66624 66794 66796 66714 69521 66716 66718 69524 69525
hp 266
t 72926 73267 72927 73100 50151 67153 65623 72935 71576 72936 71578 49478 72768 71579 71580 65630 72941 72942 49483 65803 72945 71585 72946 72947 72948 72778 71589 72950 71591 67172 71597 72957 68538 71599 72959 67180 67181 65651 50013 67013 67023 72804 50032 50036 50037 73328 50039 67382 50043 73334 72823 73335 73337 73338 73339 70965 65697 70970 70973 66383 66044 67237 50069 65711 67074 50074 67076 50077 67077 67078 50083 67085 50085 50086 66408 65728 50089 50092 50093 65904 66419 67100 73224 70165 67277 73227 73231 67111 65752 65753 50113 66435 73235 50115 72896 71538 67118 72899 49440 72901 68482 65762 68483 68486 50128 50129 65769 72740 50130 72741 68491 65771 72742 50132 50133 72745 50135 65775 72916 50137 66628 73257 50138 66459 50140 50141 72921 71562 50143 72245
hp 324
t 64108 77837 63387 64217 64111 64176 63369 64008 64182 63375 77890 63379 64017 63401 64103 63402 64061
hp 227
t 14446 32806 34337 33658 34338 14449 34339 33659 33150 14619 32810 32811 34341 14452 32812 34342 34513 34343 14454 34348 32819 33160 32820 34350 33161 34351 15314 34526 34528 33170 32830 32831 35721 33172 33004 34365 33005 32836 34538 33008 35729 14481 35732 33183 14652 34373 35733 32843 35734 14486 34546 14487 34377 14491 34552 53762 33193 34383 33195 33025 34556 33027 33707 34387 33538 33029 33200 32860 33030 33201 32861 33202 34392 33203 33543 34393 33033 32865 34395 32866 33206 33036 33207 32867 32868 33038 35760 53951 32871 35761 32872 53782 32874 33214 14515 54465 57016 32876 33217 54468 33730 32882 35772 32883 35773 32884 33225 32885 33226 33566 33227 33058 33738 33060 33571 33572 14533 33574 33744 33745 34426 33237 33747 33067 33238 33240 33070 33241 53811 33242 33411 33584 33585 32905 33079 33590 33420 33591 33593 32915 32916 33088 14730 32921 33094 14396 33777 33268 33099 33271 33781 35822 33102 32933 33103 33274 54523 33275 33787 33107 33108 32768 32939 33109 53849 33110 33111 33623 32944 34474 32774 32945 32947 32777 34308 32949 32950 32780 33122 32953 33123 14594 32954 33124 32784 34314 34315 32957 33127 33128 33129 32789 34320 32791 33642 34322 33132 54383 32793 33134 32794 33135 14435 33475 33136 32795 32796 33137 32797 34326 33139 32799 32800 32801 14782 32804 32805
hp 269
t 66679 66829 66746 69595 66758 65592 66740 69514
hp 331
t 50827 52358 52359 50831 50577 50832 51767 50662 50833 50834 50664 51260 50665 50836 52365 50666 50837 52366 52537 50838 52538 52028 50668 50582 50669 51944 50670 52030 51010 52541 30442 36051 36052 52033 50673 52034 50674 50675 50506 35886 51612 52037 50678 49234 52039 52295 51105 49236 52126 49237 50683 51534 51704 50685 51706 50686 49243 52477 50353 51970 51121 50696 52056 50867 51972 52654 52059 51975 49340 52146 50533 50873 52064 52065 50707 50878 50708 52069 51985 52070 52156 50628 50203 52074 36094 50630 51992 52078 52079 49365 52001 50983 50986 50816 50647 50818 50649 50819 50650 50820 49291 50652 50822 50653 52014
hp 289
t 43803 23271
hp 193
t 40371 40796 38332 40883 16405 16660 17257 40802 37233 16662 40634 40382 40893 40639 40554 40386 16589 38094 16421 17954 16594 40566 56377 57058 56378 16428 56380 16430 16602 17963 16688 16691 40831 17967 16692 14568 40324 17374 38115 40369 40668 37271 17381 40587 40334 19340 17385 16622 16452 40678 40340 40341 17987 40342 40344 16459 56750 40345 17395 40855 37286 16716 40346 38051 17314 40349 16635 40350 16725 18001 40614 40105 40361 40616 40871 40362 40363 40618 17329 16568 40620 16396 40368 16483 56434 57029 40370
hp 315
t 57498 79133 57500 81853 57501 57502 81899 57503 57507 81393 57508 78546 57509 57467 81184 57511 81185 57512 57513 81909 57514 81230 81188 57515 57516 81190 57433 57518 81915 57520 57436 57521 81195 57522 57523 57526 81200 81201 81203 81671 57531 57448 81673 81844 57449 80910 81888 57492 81719 57495 81678 57497
hp 317
t 15348 15306 15321 14494 33142 14613 33250 14476 14519
hp 268
t 50156 71588 73237 71516 66405 50002 50163 71541 71616
hp 101
t 56180 53461 54821 77687 53293 53463 53294 53295 53465 54826 53467 53300 53301 53303 54833 54834 53308 56202 53313 54844 53824 54845 53316 56205 54846 53318 53319 53493 53324 54854 53325 53326 53327 54943 53498 53501 77812 53503 54863 53337 53847 53339 53254 54784 53681 54871 54872 54787 53259 54874 54960 54790 53942 54962 53264 53860 54795 53266 54881 56241 54883 56159 53270 54800 54801 53272 54887 56162 53273 54803 53274 56249 53277 77675 53283 54813 53285 74876 53287 77767 53457 54818 54819
hp 308
t 27048 27282 27314 27097 27316 27284 42892 27232 27266 27277 27119 27109
hp 176
t 53056 53015 52994 53121 52995 53017 53080 28898 53102 28899 53103 52934 53168 52721 53021 52723 53128 53023 53129 53172 53173 53088 53177 53092 53008 53179 53094 53013
hp 109
t 81000 81001 79132 79728 79729 79816 79817 79732 79733 81008 79819 79735 79736 81011 81182 79142 78548 79824 81014 79825 79826 79741 81016 79827 79828 78978 81019 79830 79831 81191 79152 79153 79833 79834 81194 79836 79837 81027 79158 79839 78989 79160 79840 79161 79841 79163 79843 79846 81037 79848 81208 81889 79849 79850 79851 79852 79853 81894 79855 79776 80967 81054 81056 79787 81064 81065 60241 81067 81068 78348 81075 80990 81335 81084 79810
hp 226
t 53887 33662 57297 57298 14459 56626 54076 57309 56976 56807 56979 56810 33181 54432 57323 54433 54435 57329 14490 54440 53760 53761 57333 54273 54443 53936 53938 53940 57340 53941 54281 54621 54622 33031 53943 57343 54623 54454 33205 54455 54287 54628 54458 54459 33039 53950 53780 32870 54460 53781 54292 54630 53783 53784 54464 32875 53786 54466 53787 53789 53790 54981 33050 53791 53792 54304 33735 53796 33057 53798 54478 35779 54310 53800 33062 53802 53804 54484 33064 53805 32896 33066 53806 53807 33748 57208 33068 35790 33581 34948 54671 54331 33253 54334 53825 53826 34957 53827 35128 53828 32919 54001 35811 54683 54343 33773 54684 17283 35815 54516 32927 54517 54518 33778 53839 35819 33100 54351 33611 54011 12532 32932 33272 33273 12535 54696 33106 33277 57248 54528 53848 53850 57251 54532 54533 33624 54364 54365 54366 54368 54369 54370 54710 53861 54372 54541 53862 54373 33121 54374 54376 53866 54377 53867 53868 53871 54384 54390 33650 54391 54392 54393
hp 104
t 80406 80576 80407 80408 80409 80410 80411 73952 80412 80582 76673 80413 76672 76674 80414 80415 76675 76676 76677 76678 76679 80589 76680 80420 80590 76681 75321 76682 80592 76683 80423 80424 75326 80596 80256 79747 80597 79748 80428 80598 80429 80259 76690 76691 79751 80601 79752 80261 80602 79753 80262 80603 81114 80432 80433 79755 79754 80605 80434 80436 80266 80437 80606 80607 80267 79756 79928 80438 80439 80269 79760 79761 79762 79763 80443 79764 80444 81124 81125 80445 81126 80446 80447 79767 80448 79768 80451 81133 76544 81135 80624 80625 76545 76546 80626 76547 80287 75358 76548 76379 76549 76720 75360 79781 75361 80291 76551 76721 75362 75363 76553 76724 76725 76555 80466 75366 76726 76727 76557 76728 80468 76558 76729 76731 80471 76732 75372 80472 75373 80473 76733 76734 80474 76224 79792 76735 76225 79796 76736 76226 80478 76738 76739 79799 76401 76571 80482 76403 76404 79804 80484 80485 79805 76235 80486 76406 79806 79807 80487 76408 76409 80489 76239 80490 76411 79641 80492 76752 80493 75393 80494 80324 76415 80495 76755 80496 76586 76247 80498 75399 80499 76249 76251 80502 75402 80672 76253 76085 80507 76597 76088 76089 76091 76771 76601 76263 76264 76266 76785 76451 75440 76461 75271 80542 75272 75273 75274 80546 75276 75447 80547 75277 75448 80548 75278 75279 76639 76640 75451 80551 75281 76641 76643 80554 80384 80385 80216 80386 80387 76647 80388 80559 80389 80390 80391 80392 75972 80393 80394 80395 80397 80399 80400 80401 79721 80402 80403 80404 80405
hp 68
t 31574 47810 31533 31576 49724 31664 30859 31114 30988 31668 31626 31627 30780 31120 30993 31632 31633 30996 31634 31635 31126 30786 31595 47831 31555 30790 31045 31598 49406 47495 50258 31559 47157 47158 47159 31562 31565 47163 31142 31652 31696 31572
hp 307
t 43176 43177 62218 43179 62220 43352 43523 43014 43184 62395 43185 62056 43186 43697 43187 43529 43190 43530 43701 43531 43191 43703 43193 43705 43535 43196 43707 43197 43537 62068 62069 43710 43541 43372 43542 43884 43719 43720 42191 43383 43727 42877 43730 43392 43053 61923 43394 43564 43735 61927 43398 42889 61768 42898 62109 42899 43579 43410 43751 42901 42903 62115 43757 43594 43426 43427 43088 43089 43091 43093 43264 43095 43096 43607 43098 43439 43099 42929 42760 43100 62310 42930 42932 42763 42764 43104 43275 43106 42767 43617 43109 43110 43111 43282 61813 42773 43113 61814 42942 43284 43115 61815 43624 43114 42775 43285 43116 43287 42778 43118 42779 43289 42780 61820 43461 42782 42952 61823 43293 42784 43295 42786 42787 42789 42790 42791 43642 42793 42794 42795 42796 43136 43309 43141 43312 43144 43316 43656 43147 43149 43319 42812 42813 43323 43155 43326 43327 43329 42480 26501 43331 43502 43163 42487 43168 44019 62210 26511 43171 42831 42152 43174 43344 26515 43685
hp 257
t 64257 61877 64258 64260 64262 68007 68347 64267 61550 67341 64283 64286 64291 64294 64296 63617 64299 63623 64304 62944 63626 64308 64314 64316 64328 63989 64330 64331 63992 63993 64336 64337 64339 64342 64344 64345 64346 67410 67411 67071 67412 67413 63053 67420 68101 67421 67422 68102 67423 64365 64366 68107 67428 63008 63009 63010 63011 67432 67433 68113 67434 68114 63014 61655 61656 68118 61658 63019 61660 68121 61661 61662 61663 63024 68125 61665 63025 61666 63026 68807 63027 64388 61668 63028 64389 68809 61669 68810 63029 61670 64391 63030 63031 61671 63032 61672 63033 61673 67454 63034 61674 68135 61675 63035 64396 61676 64397 63037 67458 68818 68138 64399 61679 68820 68140 67460 68141 67461 61680 68142 67462 61681 68143 68823 61682 68824 67464 61683 68145 68825 61685 68826 68146 61686 68827 68147 67467 67468 68828 63047 68829 61688 63049 68830 67470 63050 68831 67471 61691 68832 68152 67472 67473 68153 61692 68154 67474 63052 67475 68835 68155 68156 67476 63054 67477 68157 63055 68838 67479 68159 68160 68840 67481 68161 68841 67482 61693 68843 68163 67484 68844 68164 68845 67485 67487 68171 68851 67496 67500 68184 67506 68186 67507 67508 67512 67855 64456 64457 67518 63778 67519 68205 67526 63106 64473 64474 64475 63116 63117 63804 64487 63807 64493 64494 64495 61440 61441 63822 61443 61447 64508 61449 66889 61451 61455 61456 61459 61460 61463 63168 61468 61469 63171 61472 61473 61474 61475 61476 61477 61478 61479 61480 61481 61482 61483 63184 61484 63185 61485 61486 63186 61487 62848 63188 62849 63189 62850 63190 62851 61491 63191 62852 63192 62853 62513 61493 62854 62514 63194 62855 62515 62856 62176 63196 62177 62857 61836 62858 62516 63197 62859 63198 63199 62860 62519 62520 62861 62521 63201 62862 62522 61842 62863 61843 61503 62864 63204 62524 67625 62865 61505 62525 63205 61506 63206 61507 63207 67628 62868 61508 62869 63208 61509 62870 63209 63210 62871 67970 62872 67972 63212 62873 63213 63214 62875 63215 63216 63217 67977 63218 61518 67978 61519 63219 68320 63220 67980 63221 68322 63222 67643 63223 68324 63224 63225 67985 62886 68326 61526 63226 63227 63228 63229 63230 63231 62892 68332 62894 62895
hp 273
t 75817 72421 72083 72423 72087 72428 72429 72430 72090 72431 68352 72092 68353 72433 68354 72434 72094 68355 68356 72436 68357 68358 72438 68359 68360 68361 68362 68363 72103 68364 72444 68365 72105 68366 72106 68367 72447 68368 68369 68370 68371 68372 68373 68374 68375 68376 68377 68379 68383 67707 72137 67381 67722 72822 72824 67388 67048 67052 72154 67736 67737 68423 67744 67745 67746 67747 68428 67748 67749 67750 71833 67757 67758 68439 67759 67079 67082 67083 72864 68446 67086 72527 71507 72867 68448 68449 68450 68451 67091 68452 72192 68453 68454 67094 68455 72195 67095 68456 68457 72197 72877 68458 72198 68459 72199 72200 68460 68461 72201 68462 72202 68463 72203 72204 68467 72208 72209 72210 72211 72212 72213 72214 72215 72216 71536 71537 72897 72218 72219 71539 72220 68480 65760 72221 68481 71540 72222 67120 71542 72223 67122 67123 72903 65764 67124 72225 71545 71546 65766 71547 68489 72229 71549 72231 63731 67131 72232 72233 72234 71554 72235 67135 71555 68496 72236 71556 68497 72237 71557 72238 68498 71558 68499 72919 71559 68500 72240 71560 68501 72241 68502 71902 72242 68503 72243 71563 72244 68506 72246 72247 68507 68508 72248 68509 71569 68510 72250 71570 68511 72251 72930 72252 71571 72931 72253 71572 71573 72254 72933 71574 72255 71575 68517 71577 72938 68519 68520 72261 68521 71581 68522 71582 71583 72943 68524 67164 68525 68526 71587 68528 68529 67849 72949 68530 71590 68531 68532 71592 68533 71593 67173 68534 71594 72275 71595 67175 68536 71596 68537 68539 68540 68541 71601 71602 68543 71604 71605 68547 71607 71610 71611 71613 71614 71615 71619 71621 71622 71623 71626 71629 71631 70954 72317 67900 71640 71982 67222 67915 71666 67256 67257 67258 71680 72363 72027 71693 71020 71701 72045 67966 72047 72390 72391 72393 72394 72395 71715 72396 72400 72060 72401 71721 72402 72403 71723 72404 72405 72406 72407 72408 72410 72411 72412 72413 71734 72415
hp 249
t 62072 62480 62527 61884 61875 61854 62481
hp 208
t 38414 39789 39912 39883
hp 234
t 78366 77856 78877 79218 77858 78879 79219 77859 79220 79731 78371 79393 77863 77867 79569 78210 78550 78211 79742 77872 78212 78214 77874 78555 77875 78215 78556 78896 79235 78897 77876 79236 78898 78558 78899 78559 79239 78900 78560 78220 78901 78561 77881 78562 78902 79581 78223 78563 79582 78904 78564 77882 78905 77883 79583 78906 79244 77884 78907 79585 79586 78568 78908 79246 78569 79080 79587 78910 79588 79589 78571 78911 78230 79251 79252 78573 79593 79425 78235 79596 79257 79088 78578 79259 78410 78580 79431 79603 79094 79434 79264 79436 78416 79097 79268 79099 78589 79105 79615 79106 79107 79109 79789 79279 79112 79113 79453 79114 79115 81835 79553 79117 78947 79287 79288 79289 79120 79290 79121 79291 79292 79123 79125 79466 79127 79129 79130 57541 79135 79136 79138 79478 79140 78460 79141 79143 79484 78873 57557 57558 79658 78980 79156 60287 57567 79167 57580 79171 57581 57583 79685 79516 79858 79689 79862 79012 79863 79866 79526 79697 78848 57597 79698 79019 79531 78852 79192 78853 78855 78856 78857 78534 78858 79198 79708 78859 79709 78860 79200 77841 78861 79201 77842 57444 79205 78865 77845 78866 79207 78867 77847 78528 78188 78358 78529 78870 77850 79720 78531 79212 79213 79214
hp 78
t 41476 23459 43860 62560 43863 43866 62226 44886 41826 41827 62234 62235 62237 43878 62580 42180 42183 22803 62246 42189 42190 23491 44912 44237 65317 22821 64986 62609 64989 61594 62275 62616 62617 61939 41880 62621 23522 62623 23523 65004 41884 23524 41545 65008 42569 23531 23535 41556 44957 41218 42579 44960 41900 42581 62642 42583 41564 44964 41565 44966 62647 41567 22528 42588 42589 62650 42593 42594 42596 42598 41578 41240 43961 41921 41922 41584 41586 41588 41589 41591 59612 41593 59614 41595 65055 41596 41598 62680 41600 42621 41601 42622 41602 41603 45004 41605 41945 41606 41608 44328 41610 41612 42633 41613 45016 62697 57937 41959 41620 44000 41621 41623 41624 65084 42644 65085 42645 41626 42382 41627 41289 41631 44011 42383 41632 41636 45036 62718 41638 45038 41639 41640 62721 41642 41643 41305 41645 41646 41647 62729 41310 62730 45052 41317 42677 42679 62740 40981 42682 41323 41664 41666 65128 41669 41671 41673 41335 42696 41676 41337 41677 42697 41338 62554 42699 41679 22643 64804 42704 42705 22645 41346 22646 41687 41347 41348 62768 42709 41349 42369 41691 41692 65492 42713 42373 42714 41694 64815 41695 62775 41696 41016 41357 65497 41698 41359 42039 41700 42380 42040 41701 65501 42381 65502 41362 41702 41703 42723 42042 42724 65504 41704 42725 41365 41705 41706 41366 41027 41707 41708 41368 65169 41709 42389 42730 41030 41370 41371 65510 42732 65513 42733 41373 41374 42735 22675 62455 41716 65517 41717 41377 41378 65178 64841 41381 22681 22682 41383 65523 41386 22689 62809 42749 42750 42071 44453 64854 42414 22695 43776 41396 42043 23380 62820 41401 65201 41746 41406 65207 41408 22708 43788 41409 43789 41410 65210 22712 41415 58415 41756 41757 41758 41419 23400 41423 41765 41766 41768 41429 41769 59449 41430 41771 64892 41433 44834 41435 23415 41442 41443 43826 41446 41447 41448 42128 41450 22751 41112 22753 41454 43854 41459 41462 41464 41465 22765 44528 44529 41471 44874
hp 272
t 75814 75816 75818 75819 76160 75820 72080 76161 75821 71741 75822 72081 72082 75823 76502 75824 76505 76165 72085 76166 72086 75825 75827 76167 75826 75828 76169 75829 76509 75830 76171 75831 75833 76514 76174 66995 75835 75836 76516 76517 75838 71758 75839 75840 72101 75842 75844 76524 65644 75845 75846 75847 76527 75848 75849 75850 75852 75853 79934 75855 76535 72120 67704 68386 67706 71449 67032 67714 67715 67716 67717 67718 67719 71808 71809 71810 71811 71812 71813 71814 71815 72073 71817 71818 71821 71823 71824 67751 68431 71832 71835 67756 71842 71843 72524 72865 71854 71855 67776 67777 67778 67779 67780 67781 67782 67783 67786 67787 67788 67789 72549 63710 67790 67791 63712 63713 63714 67794 63715 63718 63720 67800 67801 63723 67804 71886 71548 67808 67809 67810 67811 67812 67813 67814 67818 67820 71900 67821 67822 67823 71904 75984 71905 76325 75985 75986 75987 71907 75988 71908 75989 75990 71910 75991 71912 72932 75993 71914 75994 71915 75996 75997 75999 71920 76000 76001 71921 76002 76003 71923 76004 76005 71926 71586 76006 76007 80088 71928 72608 71929 76008 76010 71931 76012 76013 76015 80096 80097 80098 71938 76018 80099 76019 80100 76020 80101 76021 80102 76023 80105 76026 80107 76028 80109 76029 80110 76030 80111 76031 71951 71959 71960 71620 68563 71968 72650 67898 71981 75815 71992 71995 71996 67236 72002 72683 72003 71681 71682 66922 71684 71685 66926 66934 72036 71700 71702 71703 71707 71708 71709 71711 75792 75793 72053 72055 75796 75797 75799 75800 75801 75802 75804 75805 75806 75807 75810 71730 75813 75812 72072 71732 71733 72074 71735
hp 179
t 32040 32129 32044 32725 48196 32045 48197 32132 31792 32133 31794 32134 48200 31795 32135 32730 31796 32136 48202 31797 32732 32052 32733 31799 32141 32056 48207 32142 32482 32143 32229 31804 32144 32145 31805 48380 31806 32740 32232 31807 32233 32148 32743 32150 32151 48131 32748 48474 32155 48392 29863 32753 32159 48225 32755 48310 48311 29868 32759 48314 48487 29959 48237 29793 48408 29915 31836 32176 48158 32178 48161 48247 48162 48164 48250 48165 48166 32187 48168 29808 48169 29896 32191 29897 29812 32107 32022 29898 32023 32024 29815 48175 32110 48176 32027 48179 31774 32029 31945 29821 29822 32542 29823 48188 8409 31784 32039 31785
hp 318
t 39192 39184 39195 39174 39720 58272 39168 39190
hp 84
t 57796 65276 78707 65277 65278 60184 78204 58830 58831 60197 59688 59689 59690 59520 59521 78392 59522 59523 59524 59525 78736 78737 59697 59527 59698 78738 78739 59699 59700 78740 78741 58511 59532 78743 59703 59533 59535 59706 78748 78749 78751 59711 78752 78754 60226 78757 78759 58361 78762 78763 58023 22834 57346 59726 78256 57347 60407 59897 58028 78769 60239 78770 78771 57351 59562 78773 78263 57694 60415 78265 78608 78609 60249 64840 78610 58889 78611 78782 78612 65185 57367 57368 78789 78621 65022 78622 78623 57714 78624 57716 57717 78799 78629 60270 57382 60102 78633 60104 57385 58745 58406 77957 57388 78638 57389 78299 57390 59430 78640 78300 22881 57732 60113 57734 59094 22545 57737 78647 57738 78649 78650 57401 59102 78652 65224 78654 65225 78145 78655 65226 58766 65056 65058 65059 78320 57751 78151 78321 78662 65233 59113 78323 58434 59114 78326 65067 57758 57759 78329 78331 78169 22919 77831 60323 59983 57434 59135 77836 57777 22591 57782 65095 78696 22597 78697 65097 65098 78699 65100 57791 77851 65101 65102 57453 65274 78704 59665
hp 113
t 76496 76497 75649 72589 76499 76330 76329 75650 77009 76332 75653 76163 75657 76168 75659 75660 75661 75069 75665 76345 74901 75837 76348 74903 56203 76349 76350 77710 76436 76352 76182 74908 77034 74909 74824 77037 76360 72621 74832 76363 74920 75006 74922 76368 76369 76370 76371 76372 76373 76375 76291 76377 76378 71874 76465 76550 76383 75703 75794 76391 75711 75798 76393 74864 76480 74865 74952 74867 76398 74868 76399 74955 76655 76402 76488 76319 76575 76491 74877 74963 74878 77769 76324
hp 267
t 50146 73266 67146 66978 69529 67320 66640 65621 66472 66641 66473 66474 50155 66645 66476 73276 66477 65627 66478 65799 66991 50162 72771 66482 66651 65632 66993 65634 49661 66670 68542 66337 66338 66170 66002 47302 50024 47477 66351 65845 66015 50035 73330 50040 50041 50044 50045 50047 30840 66372 66373 65864 65865 66037 66378 65869 66039 66379 66041 66042 66043 50064 66384 66045 66046 66388 65541 50072 66223 66395 66396 65887 66737 66397 66398 50079 65550 67080 65721 66741 50082 50084 65725 50087 50090 50091 73382 67264 50094 67265 65565 50095 66246 67266 67096 66418 65911 73223 73225 65916 67105 73226 65918 65919 67313 65581 73232 65583 73233 66944 67285 73236 67287 67288 66948 65928 73238 66949 67289 66439 66950 65930 65589 67292 66612 66443 67294 73244 67295 73245 73247 66958 67298 66448 66959 67299 66449 66792 66452 50134 67305 66966 49457 73429 67139 66460 65953 66803 65954 67315
hp 293
t 75664 76836 75655 76879
hp 332
t 50826 49213 52360 52023 52363 50919 51089 50835 49389 50749 49390 51090 50326 52963 52029 50841 50501 50671 52031 50843 50504 53225 50505 51101 51696 51104 50511 51107 30255 50684 52384 52471 51112 36238 52473 51113 51115 51031 35903 52478 51034 50525 51122 50442 36163 51123 50529 51124 50615 50190 51976 50871 51126 51979 51044 36424 50876 52151 51046 50877 50367 50623 36088 50879 35919 50539 51135 51986 49181 51136 51051 51987 50627 50457 36178 50995 50715 51056 50548 52337 49192 51062 52338 28709 52340 52255 28711 51067 52343 52344 51154 52430 52007 52347 50817 52348 51158 50309 52434 51076 50824 50655 50825
hp 322
t 57540 57456 57542 57797 57968 57457 57798 57458 57546 57462 57463 57974 57803 57549 57381 57551 57466 58232 57552 57556 57811 39708 57560 78387 57562 57563 57989 57652 39893 81800 58000 57577 39217 57408 39218 57409 39219 57411 58176 58007 58008 81809 81811 57587 81814 39909 57505 58018 57424 78929 81820 39747 58192 78423 57344 58364 57345 57431 58026 57771 57601 57687 57432 57602 57348 58198 57690 58031 57438 57693 57441 57697 57612 57443 57358 57698 57784 57785 57700 57445 57446 57787 57702 57703 81758 81418 57795 57706 57536 81847 57452 57537 57708 57538 57624 57539 81850 57625
hp 319
t 55894 55911 56034 55897 56036 56047 56009
hp 258
t 64004 64168 63413 63328 63371 63414 63329 64009 63415 64010 64181 64096 63245 63246 64097 64012 64183 64098 64013 79418 64185 64186 64101 64187 64104 64105 64191
hp 112
t 76240 75391 75392 76246 76250 75656 56192 75063 76593 75233 76595 75406 75153 75154 75156 75667 75159 76605 76606 75162 75673 76439 76269 75164 75165 76441 75167 76445 76446 76447 76449 76450 75175 76452 81127 75348 74840 76456 76289 76290 76292 75188 75359 76380 76381 76296 76467 76297 75704 76299 75619 76386 75706 76556 76642 79617 76388 75708 76303 75709 76389 75199 76730 75370 76560 75456 76392 75032 75458 76563 76394 76479 76310 74866 76737 75377 75378 74954 76400 76315 75471 76410
hp 119
t 77814 77644 77010 76883 77054 76926 75652 77012 77055 77013 75654 77015 74890 76336 77018 77104 77105 77020 76341 75662 76342 75068 75663 77023 77790 76346 77027 77028 77029 77796 77031 76351 76309 76906 77036 77039 76873 77001 77811
hp 169
t 8697
hp 295
t 64021 64058 64005 64016 64062 64059 64006 63370 63350 64063 64053
hp 105
t 80067 76498 80071 76501 80072 75992 76162 80073 80074 76504 80075 75995 76506 80077 76507 80080 80081 80082 80083 80084 80085 80086 76176 80087 76177 76178 80089 76179 80090 76180 80091 75841 80092 80093 76183 80094 75843 76184 80095 76014 76185 76356 76186 76187 76358 80270 76361 75851 81122 80103 80104 80106 75856 75857 80108 75858 75859 75860 75861 80112 75862 80113 76374 80114 75864 80115 76205 75865 80285 76206 75866 76207 75867 75871 76552 80126 80296 80127 76218 76559 76220 76221 71802 76222 76223 75884 75885 75886 76227 79967 75887 76228 76229 76230 75892 76405 75895 76407 76238 75900 75901 75902 75903 79984 76245 76248 79988 79989 79990 79991 76252 79993 76084 79994 79996 76256 79997 79998 76769 79999 80510 76262 76265 76437 63520 63521 76444 76448 80021 80192 80022 76453 64213 80023 76454 76455 80195 75776 80026 76457 75777 76458 75778 76459 75779 75780 76460 64220 75781 63541 80201 75782 80032 76463 75783 80203 75784 80544 75785 75786 80036 75787 80037 80039 80041 80043 80044 75795 64235 71885 80557 80218 64238 75968 75969 75970 76481 75971 76482 75803 76483 75973 64244 75974 75975 76486 75976 75977 75978 76489 75979 76490 76492 80064 80065
hp 306
t 44027 42160 42672 44882 42162 42673 43182 43864 42164 42165 43865 43867 42678 62059 42680 43360 42683 42684 43874 42689 43880 43373 42694 42695 43886 43888 43889 42700 43896 43557 43897 44918 43558 43899 62259 62260 44920 62261 44921 62262 44922 44923 62263 62264 62266 61928 42891 42896 61943 42396 42399 43934 62128 43939 62131 44961 43942 43773 42753 44963 62134 42754 43944 62135 43945 62136 61966 43777 62137 43947 43778 43779 62139 43780 43781 42591 43953 42254 44974 43786 42089 43791 42091 42601 42776 42096 42777 42099 43459 42102 42612 42104 42105 42107 42617 42112 42623 45006 43987 42118 43822 42298 45018 42155 45020 43151 45021 43324 45025 45026 42140 43841 42141 43842 43843 42143 43673 43844 42144 45034 42145 43845 42654 43846 42147 43847 43848 62209 42150 43851 42153 42154 43855 44025
hp 192
t 39776 38589 39864 39865 38505 38507 38424 38256 38512 38513 38514 38260 38515 38346 38261 38516 38262 38517 38348 38263 38518 38349 38264 38519 38350 38265 38520 38266 38606 38521 38607 38267 38522 38268 38523 38524 38271 38631 38548 38298 38557 38559 38305 38560 38306 38307 38563 38479 38311 38313 38568 38484 38315 38317 38236 39683 38578 38493 37898 38579 38494 38580 38582 38413
hp 338
t 66211 66296 66297 66298 66299 66300 46666 66301 66302 66303 66643 66219 66648 65544 66649 65546 66295 66568 65549 66655 65982 66240 66244 66584 65989 66245 65566 66586 65991 66588 66248 65955 66249 66674 66250 66251 69566 66761 65996 66167 65912 65997 66252 66592 66253 66169 66593 65999 65913 66594 66254 66171 65914 66255 66172 65915 66256 66173 66596 66257 66174 66597 66684 66598 66258 66599 66259 66260 66261 66601 66262 66603 66604 66605 66606 66607 66267 66269 66100 66271 65591 67293 65593 45280 67297 66626 66627 66288 66289 66290 66120 66291 65952 66292 66293 66294 66975
hp 100
t 74967 53464 74459 74970 74119 75482 77696 74891 77700 77702 74302 56199 56201 77707 75242 74817 54843 74989 74819 74990 75160 74992 74823 75163 74825 74826 74827 75507 77038 75003 75344 75004 75005 75346 75007 75519 75265 75180 75266 75352 75268 74759 75354 75269 74761 74763 76295 76466 75617 75618 76384 74261 75196 75707 76473 76474 76304 75286 74862 76395 75461 76396 77758 74274 75465 75466 75383 74962 74282 74964 74965
hp 171
t 30598 48364 29836 47856 29837 48367 47858 30773 31454 31284 31456 30012 31883 31968 30609 47695 47866 31972 47868 31549 47869 30700 47871 32741 31299 31470 47620 30621 47707 31134 30029 30544 30547 31143 31483 47719 31060 47636 48321 31321 31322 47814 29968 48329 48246 46887 30652 31843 31845 47656 48336 48252 29977 31933 47658 29978 32104 31255 30150 46983 47494 48344 47836 47837 46987 31858 47838 47668 48353 29994 30590 48355 29995 31356 47677 29828 31444
hp 235
t 53631 53801 53716 33487 53888 53889 13856 53892 53893 53639 53894 54659 35789 53895 54660 53642 53897 53302 54663 53898 53728 53899 53304 53729 53900 53644 53730 53901 54070 53731 53902 54665 53732 54666 53307 53733 53904 54667 53734 53905 54328 53735 53906 14466 53309 53907 55010 53310 53908 54330 55012 53909 77283 55014 53910 53740 54678 35808 53743 34959 53662 54512 54428 53919 54005 54430 53713 53305 54520 53672 55008 57328 53758 54664 53763 12539 53256 53937 53683 53258 53687 53267 53693 54668 53695 54717 54669 53869 14429 53870 53785 53617 53618 53704 53619 53620 53875 53621 53707 53623 53970 53625 53987 53712 53797 53628 53629 53630 53885
hp 123
t 81043 80534 76687 80322 81046 79775 80370 80689 79797 79778 76314 80842 80396 81059 79148 81061 76684 75303 80213
hp 321
t 58263 58265 58266 58267 58268 58261 58269 57802 57464 58273 58274 58275 57553 57724 58276 58277 57725 57726 57727 58279 57600 58282 58240 58284 57692 57695 58247 58249 58251 57701 57451 81422 57709 58262
hp 329
t 78876 78878 78538 78880 78881 78882 78883 78884 78885 81181 78886 78887 78888 78889 78209 78890 79146 78551 78891 78892 78552 78553 78893 78384 78894 78554 78895 78874 78557 78984 78985 78986 79157 78875 79159 78565 78566 79162 79164 78994 79165 78995 78570 79166 79847 78572 79083 81803 78574 78575 78915 78576 81042 78577 78579 79090 78411 78412 78582 78923 78584 78585 78586 78246 78587 78418 78588 81904 81905 81906 81908 78253 78849 81910 78850 78255 78851 78854 79029 78944 79030 78945 79116 79031 78946 78863 79033 78948 78864 79204 78949 79034 79035 78950 79036 79037 78868 80998 79038 78869 79039 78871 78872 78957 78958 78959 81085
hp 80
t 41474 41477 78198 41649 23629 78539 58992 41484 41824 78375 77865 22785 78376 22786 77866 78377 65118 78378 22788 59679 78208 22789 77869 58658 22621 78381 22622 41662 44892 41663 78382 78383 78724 60364 60194 59004 44895 41495 59686 41496 41668 78728 41498 22799 78363 59181 60373 78395 41505 41506 58506 60207 78227 65139 22640 58680 79081 41683 65313 41684 78233 43894 41685 41516 23328 65318 41518 59710 22990 79091 64983 58473 64984 78756 59206 59037 64987 22827 59038 64988 58474 60229 23509 60230 61930 62101 60231 23511 78421 23512 23513 78424 60234 23514 60235 23516 78767 78427 41537 59217 59048 23518 41539 60240 41540 60411 60242 59053 41714 41376 59064 65006 22846 59057 23527 41718 78267 58888 65009 59060 23530 60250 41721 65182 23532 23533 22684 78613 23534 41553 41724 41555 41726 78615 60085 41727 22856 41557 60257 42407 60258 57369 60260 41560 78620 57371 65191 65192 57712 59413 60263 23204 60264 23544 23035 41566 78626 22697 78444 59079 62140 41741 79481 78631 59082 41572 65203 43783 59084 60274 22705 59325 60275 41575 41915 41576 41577 22877 78639 41580 41581 41582 78302 41583 60284 22544 57564 60285 78646 22717 78144 41425 22896 41597 65057 23237 59788 22897 58937 78150 42792 57922 60133 22902 78663 22905 23246 22737 58946 78157 22738 59628 78328 41609 78669 22741 41611 78842 22573 57933 22746 58787 65077 43318 41619 78170 77830 77832 78343 22754 41455 58795 57778 41629 57951 77843 78186 78356 77848 60338 58979 78190 23280 78360 44022 60173 78362 59323 60174 60175 65105
hp 217
t 9786
hp 297
t 50741 50743 49298 52103 49301 73357 52113 52116 52015 52117 52118 73538 52119 73539 73625 52121 52122 52123 52124 52125 52127 51619 36234 51875 51537 52132 34623 51708 49244 51540 52135 70155 52140 52141 51037 52057 52143 52144 36590 51551 49597 52147 49342 49259 50874 50025 49431 73657 49432 49347 51645 49265 49266 51647 52072 52000 51917 51579 49456 49372 49374 70200 51671 70203 49379
hp 314
t 81344 81515 81345 81686 81347 81350 81351 81355 81186 81360 81701 81702 81873 81363 81364 81704 81365 81705 81536 81366 81537 81196 81367 81538 81368 81539 81369 81370 81371 81712 81713 81718 79000 81552 81554 81556 81557 81558 81388 81559 81560 81390 81221 81561 81562 81223 81563 81564 81225 81565 81226 81227 81567 81228 81231 81405 81406 81580 81667 81584 81585 81586 81331 81588 81589 81590 81505 80995 81592 81593 81595
hp 69
t 52867 30087 29748 11048 30089 29409 29197 52701 30092 28732 53042 30093 29921 53000 29924 11224 30095 53045 53003 53046 29289 53047 29718 29804 29805 53052 29720 53053 29764 53012 29722 53055 52887 29131 52718 28962 53019 32577 30112 52892 29391 30328 52558 29141 28801 28844 52687 28973 52903 29699 29234 52992
hp 98
t 75467 79829 75504 81057 80442 79757
hp 76
t 62726 62557 62728 41309 64769 62899 62561 43861 62904 62565 62566 41318 62568 62739 62569 62570 43361 43871 62571 62573 62233 62574 62745 62747 62749 43882 41674 62244 64797 64798 41339 62591 62592 41344 42025 64806 64808 62598 64810 61751 64811 62776 65496 62096 63458 61589 64820 62780 61590 63461 65500 62611 43912 62612 63464 62784 62614 41874 61765 61936 62618 65509 41369 62619 41710 63470 62279 65511 63471 64661 64832 65512 62622 64833 64834 62454 64836 64837 62289 41380 65521 64842 61782 64843 64844 62806 62466 64847 61787 64848 62724 64850 62470 64852 64853 62474 61794 62644 64856 62646 64857 41397 64858 62819 62649 62651 41402 41403 62653 62314 62655 62486 61807 62831 42432 41412 43797 62667 41587 41420 43800 43971 64884 43974 62506 64887 43977 63358 62679 65231 41432 64893 64895 43816 43137 61841 43995 42637 41451 44004 44006 44008 41290 62711 62545 62546 62722 62553 61704
hp 165
t 8733 8290
hp 255
t 33486 18358 34170 33491 33832 14453 33833 33493 34175 33495 34685 33496 33497 33498 33500 33840 18200 33841 18201 33842 33843 18203 33844 33845 33510 33851 33852 33513 34193 33514 33515 33855 33175 14477 34197 18218 14479 33520 18220 33521 34204 33185 34715 34207 33314 17210 33191 33145 34212 34214 33364 34215 34725 33196 5999 18241 33373 33374 34735 34227 17739 34230 18420 18253 34233 34234 34575 33218 33220 34070 6021 6022 6023 17753 18265 34245 18095 33397 18268 34589 33399 14359 17419 34081 15041 33402 34253 34593 6714 7394 34084 34595 7395 33405 14365 33235 17086 17425 33407 34089 18280 17091 18282 34773 34093 34605 18287 14720 14722 17103 33254 33425 33426 17446 18299 33429 14732 35472 33432 14393 33434 18305 34115 14397 6068 34630 34631 18311 33441 14744 34635 33444 15085 34636 33446 34806 34637 34127 33447 35487 19000 18321 34643 33453 19004 18324 34646 18326 19686 18327 34647 34649 18332 33463 14423 34145 33810 34662 14432 33472 34663 18343 18176 17667 15968 33479 34160 14781 34161 18352 33822 34163 15974 18355 34165
hp 172
t 43574 27873 43549 43587 43566 27185
hp 330
t 35441 34082 34762 34083 34680 34766 35361 34681 34087 35362 34173 34769 34600 34770 36045 35963 34094 34095 34181 34776 35371 34182 34096 34098 34185 34696 33508 33937 34790 34111 33942 34282 34624 34114 34625 34795 35390 52475 34627 34712 12614 34290 34120 34800 51120 34292 34462 33357 35993 14743 35354 33870 34296 34211 35571 34721 34126 35486 35355 34384 34724 34640 51045 34810 36001 34726 36002 19003 34219 34814 51050 34562 34732 34563 34648 35328 34650 35330 34651 34141 52416 34653 34228 35334 35335 36015 35505 35336 34674 34741 34232 35337 34742 34573 35339 34574 34064 35340 35510 34661 35512 33983 34578 35343 35344 35429 34580 35515 34750 34666 16815 34668 51753 34584 34076 34162 34673 35438 34249 14699
hp 270
t 36185 36165 51638 36173 51707 36643 51369 35476 51586 51629 34225 36181 36224 52055 35437 36204 34293
hp 291
t 33400 34166 34507 34424 34425 34171 14539 34515 33155 34431 34346 34432 34178 34264 34179 34435 14377 35457 33503 77451 34612 14382 32828 34529 34444 34191 14727 15070 34792 15328 33519 34285 5980 17031 14651 33523 33440 34375 18312 33187 33442 34463 34974 14403 34210 34466 32937 34553 33535 33371 34987 34477 14417 34478 34904 34479 14419 14759 14761 14592 33805 34231 14426 33808 33554 34914 32790 34236 34237 34238 33473 34327 34498 34329 32798 14779 18179 33820 34246 34416 33482 6029 33485
hp 299
t 61706 61876 69357 69017 61878 68678 69018 69019 69020 61540 69021 69022 68685 68856 68686 68687 68860 61720 69030 61552 69032 69033 61724 69034 61725 69035 69036 61727 69037 61558 62409 61560 61561 62241 68702 69043 68880 68885 61575 62426 68887 68888 68889 68890 61750 43220 67361 68892 67362 68893 62433 68894 68895 62435 68727 69238 69068 62439 61760 66860 66691 68902 68903 68904 69244 69075 69586 67375 68906 67547 68907 68908 68909 69589 69590 61602 68913 69594 68914 61604 68915 69596 61946 69599 68919 61609 67560 61611 61783 68923 69605 61786 69606 61789 69609 68929 68930 61620 68931 69612 61792 66722 69613 61622 68932 68934 61795 68766 61628 69619 68939 67409 61631 69622 69112 67414 68945 61806 68946 68948 61808 67418 69118 68950 68951 68781 68952 68953 68954 68955 68956 68957 68958 68959 68625 68968 68629 68970 68972 68973 68974 68977 68978 68979 68980 68640 68643 68988 68650 68651 69339 61522 61864 61696 61697 61698 61699 68671 61702 69015
hp 224
t 10959 52817
hp 298
t 63492 63875 63917 63897 63599 63918 64195 63390 63497 63880 64158 63734 63288 64439 64163 63505 63488 63550 63826 63932 64081 63953 63997 64082 63954 64169
hp 178
t 8240 32126 8752 8242 8753 9434 8585 9949 9950 9441 8762 8592 8763 9443 8253 8254 8255 12167 8257 8258 8259 9960 9961 8602 8688 8603 9285 8860 9456 8861 8862 8693 8694 8695 9970 8696 9971 8526 9462 9972 8527 9038 9973 8699 9974 8277 8872 8278 8193 8194 8705 8280 8195 8791 9640 8196 8281 8621 8282 32083 9558 8283 8880 8796 8797 8798 8883 8203 8799 8462 8208 8805 8465 8550 8806 8807 8808 8723 2603 8213 8298 8809 8469 9319 8810 8300 8811 8216 8302 8217 8474 8729 8814 8815 8476 8817 8732 8818 8563 8819 8480 8225 8821 8481 8226 8651 8822 8228 8485 8995 8230 8486 32116 8911 8487 8997 8998 8744 8490 8236 8662 8237 8238 8749 8239
hp 296
t 77515 77368 35032 51429 35051 35005
hp 168
t 48204 46339 48289 47040
hp 175
t 46576 47596 46577 47597 46918 47598 46579 47599 46581 46921 46926 46928 46592 46593 46935 31296 46938 47618 48298 47619 46601 46946 46947 46948 46949 47629 46950 47632 46956 46959 46960 31320 69407 27592 46973 47661 69434 45295 46913 46656 45297 46661 46662 47682 47004 47008 47690 46674 46676 46677 47017 47698 46680 46681 47703 46684 46685 46686 47027 47933 47708 47709 47030 47710 47031 47032 48052 47712 47713 47934 47714 47035 46696 46697 47935 46698 47718 46360 47720 47041 47721 48061 46702 47722 26983 46704 47724 46705 47725 46706 46707 47728 47729 45690 47731 46713 46714 46715 46717 47738 46720 46721 46723 46724 47744 46725 47745 46726 47746 46727 47747 46728 47748 46729 47749 46730 47750 46731 47751 46732 46733 46734 47754 46735 47755 46736 47756 46737 47757 46738 46739 47759 47760 46741 47761 46742 47762 46743 47763 47764 46745 47765 46746 47766 46747 47767 46748 47768 47769 46750 47770 46751 47771 45732 47774 45734 47775 47096 46757 46758 46759 45739 46760 47780 46761 47781 46762 47442 47782 46763 47443 45743 46764 47783 47784 47105 47785 31467 47787 47788 46769 47789 46770 47790 46771 47791 46772 47794 46775 47795 47796 47797 47798 45078 47799 45760 47801 47122 46782 47802 47803 45763 46784 47804 47805 47806 47807 47808 46789 46791 47812 45773 45774 46798 47479 46461 45781 47821 47482 45442 46462 45443 47483 45783 47484 45784 47825 45785 47488 47828 45449 46811 47493 47156 47499 67564 47509 47850 47851 45474 47516 47517 47519 47520 47522 47525 46848 47528 47529 46849 46850 46853 47533 46854 47534 46855 45835 46856 46857 46858 46859 46860 47880 46861 46862 46863 46864 26807 46868 46528 45508 46869 47889 47890 46871 47551 46872 47552 47553 46873 46874 47555 47556 46876 46877 47557 47558 46878 47559 46879 46880 47562 46883 47903 47565 46885 45525 46886 45185 47567 46888 48248 46549 46889 46890 46891 47572 47573 46893 47574 31254 46554 47575 46894 47914 47576 46897 47577 46898 47578 47579 47580 46900 47920 47582 46903 46563 47584 46904 47585 47586 46906 47587 46907 47927 47588 46908 47928 46909 46569 47589 47590 47929 47930 47591 46911 47931 46912 47932 47593 47594 47595
hp 225
t 29151 52866 29491 52696 53036 52697 52698 52699 52700 53127 52702 53043 52703 53044 30264 29160 30266 53133 28993 52709 28995 52710 29506 52711 29507 52712 29508 53139 52714 52885 29170 52715 29171 53141 52716 29006 53147 52722 52893 53148 52809 29520 53235 29690 52896 29522 52897 29182 52898 29524 29525 29526 28931 29527 52863 52732 52904 52906 52907 29533 29448 52993 29449 29535 52910 52826 53169 10415 52916 52831 31582 29543 53174 53175 28952 29038 28953 52924 29634 53010 52672 52673 52844 52675 52676 52677 29473 28963 52850 52681 52853 52684 29054 52854 52600 29140 52689 52859 28974 52690 53031 53032 28723 52694 53204 52695 29490 52865
hp 232
t 74456 74244 74330 74457 56224 56227 53466 56187 56232 74465 74424 74339 74254 56233 77698 74341 74343 77701 77703 74432 77705 54968 54798 77706 54969 74988 56246 56161 53484 53485 56248 74991 56163 56251 56166 74316 55488 53492 74449 74323 74325 53458 56179 81510
hp 106
t 74200 56182 56183 56184 56270 56185 56189 77704 55437 74396 74400 55615 74401 74148 74405 74320 74321 74322 74324 74410 74156 74327 74412 74413 74158 74329 74332 74333 74419 74334 74420 74335 74336 74337 74338 74340 56235 74427 74342 74429 74345 56240 74346 74347 56157 74433 56243 74434 74435 74436 74437 74352 74438 74353 74439 74354 55569 74355 55570 74441 74356 74442 74357 74443 74358 56168 74359 74444 56169 74445 74446 56171 74362 74447 74364 74365 74366 56176 74367 74112 56177 74369 74115
hp 328
t 79046 60176 78536 78369 79049 57459 78370 57460 79051 57631 78372 81772 81773 81774 57465 78547 79058 79059 79060 79061 57471 79062 79063 79064 81785 79065 60195 79066 79067 79068 79071 81792 79072 79073 81793 81794 79074 81795 79075 57655 81796 79076 81797 79077 79078 81798 81799 79079 78400 81801 81802 79082 78402 78403 79084 78404 81804 78405 79085 81805 78406 79086 78407 81807 79087 81808 78409 79089 81810 78581 81812 79092 81813 79093 78583 78413 58353 57504 81815 78415 60225 81816 79096 78414 81817 81818 79098 60228 81819 57510 79101 78422 79103 81823 81824 81827 60237 81828 60238 81831 81834 60244 81665 81836 57525 81837 81838 81839 81840 81842 81845 81675 81846 81336 81848 81849 81851 81681 81852 81854 81855 57550 81861 81691 78971 78462 81693 60276 81871 57561 60281 81879 81881 78991 81882 79842 81884 57574 81885 81886 81890 81891 81892 57582 81893 81384 81895 81725 81898 81900 81901 81902 81903 81907 57429 81739 60320 60321 81743 81748 78349 78523 81078 79043 81760 79040 79041 81761 78361 79042 81763 81255
hp 294
t 64054 64023 65246 64194 78787 78831 65269
hp 323
t 14532 33232 33573 33148 17255 33575 33660 15304 32900 33410 17177 14457 33412 14458 14543 15311 15737 15312 14469 33255 40736 15322 33258 33259 32834 14644 14475 33260 14645 33092 14647 14650 34371 14482 33143 15332 14653 14654 14655 17207 18397 14493 15344 35744 15345 19682 18408 15350 15181 15182 15352 14588 34140 53775 14421 33632 14507 33717 33718 34229 15359 33719 19695 14596 14597 14513 14599 14514 14600 16045 14516 14601 14602 14603 14433 33388 16048 18428 14689 33389 14604 15965 14606 14776 14607 33138 14524 14610 14525 14440 14611 14526 14612 14527 14443
hp 256
t 63236 63916 63237 63238 63239 63919 63240 63241 64261 63242 63243 63244 63247 63248 63249 63250 63930 63251 63252 63253 63933 63254 63255 64275 63935 63256 63936 63257 64277 63937 63258 63259 63939 63260 63940 63261 63262 63942 64253 63263 64285 63945 63946 64287 63948 63269 63949 63270 63271 63272 63952 62932 63273 63274 62934 63275 63955 63276 64297 63277 62937 63278 63957 62938 63958 63959 63619 63280 62940 63960 63281 62941 63961 63282 63962 62942 63283 62943 63963 63284 63964 63285 64305 63286 64306 62946 63287 63967 63968 62948 63289 64309 62949 63290 64310 63970 63291 64311 62950 63292 63971 62951 63293 64313 62952 63294 63972 62953 63295 64315 63973 62954 63974 62955 63975 63976 63978 63979 62960 62961 63981 62962 63982 63983 62963 62964 63985 62965 62966 63986 63988 62968 62969 62971 62972 62975 63995 62976 63998 62979 63999 63322 62982 63324 62984 62985 62986 64347 62987 63330 63331 63332 63333 62993 63334 64014 63335 63336 63337 68098 62998 63339 63000 64020 63341 64022 63343 63003 67424 63345 61652 63353 61653 63016 61664 64386 61667 64392 63373 61677 64398 63038 64400 64401 64402 64403 68144 64404 61684 64405 64064 63045 67466 64407 64067 63048 68149 61689 68150 64070 64412 64072 64073 64074 64416 68158 64080 64421 64422 64083 63064 64084 64085 64426 67486 64086 64087 64088 64089 64090 64091 64092 64093 64094 64095 63416 63419 64102 67504 64445 64446 63766 64106 64107 64448 64109 63770 64112 64113 63773 63434 64115 64116 64117 64118 64119 63780 64121 63781 64122 64123 64124 64125 64126 64127 64128 64129 64130 63791 63111 64132 64133 64134 64135 64136 64137 63118 64138 63119 64139 64140 64141 64142 64143 64144 64145 64146 64147 63808 64148 63809 64149 64150 64151 63812 64152 64153 64154 63814 64155 64156 63816 64157 63821 63823 64164 63824 64506 61446 64167 63827 63830 61450 64170 63831 64171 64172 63832 63493 64174 63154 63495 64175 63836 64177 63498 64178 64179 64180 63503 64184 63166 61467 63847 64189 64190 64192 64193 64196 64197 63858 64200 64201 63861 64202 64203 63863 64204 63864 64205 64207 63187 64208 80868 64210 64214 64215 64216 64219 61504 63889 63890 64231 63893 63895 67975 61517 63898 63899 61520 62881 63901 63903 62885 63905 61525 63906 63234 64247 63907 61527 63908 61529 63909 61531 63911 63235 64252 63232 63233 63914 64255
hp 115
t 74201 81346 81601 55593 81603 74039 81349 81604 81265 74041 74721 74042 81352 74723 81353 81268 81354 81269 74725 74045 81270 74046 81356 81271 55602 81867 81357 81273 55604 81189 81274 55605 55434 81615 81361 81276 55607 55436 81277 74221 81278 81279 55610 74397 55612 81197 74398 81624 81633 74409 81634 81635 74411 81297 74157 74159 74417 73992 81220 81646 81222 81224 74002 55557 81312 74003 81313 81314 81315 81571 81316 81317 81233 81318 81404 81319 81235 81153 74013 81323 81324 81581 81326 81327 74360 55575 74361 55576 81332 74363 81249 55582
hp 173
t 27270 27303 27293 27240 27294 27305 27308 46914
hp 333
t 35910 36080 35911 36081 35912 36082 35913 52318 35871 35914 35915 52447 35916 36086 36087 35875 34645 35920 36090 36092 36093 34733 35925 51055 36095 35927 35932 35892 35893 52468 52342 52470 52345 36195 35898 52262 52474 34756 52267 35904 35905 35906
hp 283
t 43728 43644 43602 43732 43647 43733 43649 43756 43628 43374 43544 43290 43716 43738 43292 43314 43657 42850 43659 43725 42814
hp 177
t 31149 31021 31064 30130 29833 31534 31577 29834 31535 29794 31069 31621 31706 29840 30013 30057 30015 28911 31079 31080 30275 31594 31044 31557 31047 31602 30414 31053 31522 31225 31056 31610 29996 31573
hp 265
t 66976 66977 67998 68001 63922 68005 63585 68008 68349 68011 67331 67672 67333 67673 67334 67674 68015 67337 67338 67339 67340 68020 68021 68022 68023 68024 68025 68026 67686 63606 67347 68027 67687 68028 63608 68029 67689 67009 68030 67350 67690 68031 67691 67692 67355 67357 67358 63618 67359 67699 68380 63620 67020 68381 67021 63621 67022 67703 67705 67369 67377 63977 63298 67038 67379 68400 68401 67041 68402 67042 68403 67384 68404 68064 67385 68065 68405 67386 68406 68066 67387 68407 68067 68068 68408 67046 68069 68409 67389 68070 68410 67390 68071 68411 67391 68412 67050 67051 68413 68073 67733 68414 68074 67394 68415 68075 67054 67734 67056 67738 68079 67059 67062 67403 67065 67408 67070 63672 67072 63673 67073 67754 67415 67755 68097 68099 68100 68103 68104 68105 67425 68106 67426 67767 68108 67768 68109 67769 63689 68110 67770 68111 67431 67771 68112 67435 67439 68119 68120 68122 68124 64385 68126 68127 64387 68130 68136 67116 68139 67121 68822 67802 71544 68487 68148 68833 68495 68162 67483 67143 63746 67149 68170 64431 63755 63762 68183 67505 67846 67847 67168 67848 67509 67510 67850 68192 67852 68193 67853 68194 67854 68195 67515 63775 68196 67516 68197 67517 68198 68199 68200 66840 68201 68202 68203 68204 68206 68207 64472 67195 63799 66862 67203 68224 67204 68225 67205 68226 67206 67207 68228 67208 68229 67209 68230 67210 68231 67211 68232 67212 68233 68234 67214 68235 68236 67216 68237 67217 68238 67218 63818 68239 68240 68241 67221 67901 68242 67902 68243 68244 67224 68245 68246 67227 66888 67229 67910 68251 67231 68252 68253 67913 68255 66899 67920 67921 63502 67242 67922 66903 67923 67244 67924 67925 67926 67246 67588 67250 68272 67932 67252 68273 67253 67933 68274 67934 68275 67255 68276 67936 68277 67937 68278 65558 67598 68279 67938 67939 68280 68281 68282 67942 68283 67943 67263 68284 67944 68286 67946 68287 67953 66933 67954 67956 66937 67278 61838 66938 66939 67279 67282 66943 67624 67964 67965 67626 68307 67629 67976 67983 67986 67987 67651 72075
