ap 0
hp 376
 52991
ap 1
hp 377
 44859
ap 2
hp 93
t 29582 28881 50229 13202 52739 52846 28791 29590 53148
ap 3
hp 36
t 27777 66815 43610 27077 27205 26717 69475 27803 45294 45125 25811 43004 69524 26324 42283 48063 26686 26751 42838 27286 27201 27796
ap 4
hp 378

ap 5
hp 379
 48864
ap 6
hp 380
 20431
ap 7
hp 381
 20479
ap 8
hp 47
t 26248 25611 42994 44821 27312 26547 42824 26462 42996 44864 44994 26379 27230 27273 27274 44997 27318 26383 42279 44404 26384 27448 26471 42112 42113 26388 27111 27748 27409 44664 26475 27410 26473 27284 27751 26179 43520 27115 26649 20656 27287 44882 27163 27420 26529 27720 44805 27298 42258 25726 44469 26322 44894 27853 27174 26409 26538 27305 26541 27732 27690 44053 42268
hp 39
t 42098 42100 44906 42101 44223 42181 43548 42103 42189 27739 42105 42106 42107 42108 43554 44914 44915 42111 44832 27663 47638 42183 26474 42286 28007 27923 27754 44415 26481 27248 42974 42295 44845 44846 44949 42144 42145 42825 42826 42998 44953 42149 44956 44957 44958 42068 27110 44111 42157 26092 44965 44884 26524 44970 44971 43527 44887 42933 26530 27721 44977 44979 42260 26450 42178 42180 44901 44987 44903
hp 43
t 44478 27054 43630 27310 43631 26546 26208 27316 26466 28081 27317 26468 27234 26469 27320 26470 43556 27151 27322 26472 27238 27408 27240 44070 27666 27412 26138 43564 25714 27075 27249 27844 26484 27250 27251 27846 27252 26323 27263 27095 27776 27441 26256 27276 27447 42836 27451 27114 26010 27116 27712 27117 27288 27289 43524 27292 42848 27294 43529 43530 27211 25937 43532 26532 27212 26533 43533 42939 43534 27300 42856 26537 27217 26368 27218 26373 27219 42859 27220 26371 26712 27393 27308
ap 9
hp 59
t 79712 79520 60034 79458 80396 79334 65181 79801 79802 60401 80483 37814 80994 80422 80486 80572 60216 80574 79746 65211 22754 79428 22756 80389 59756
hp 55
t 26119 27479 27480 25951 26121 26209 26210 26125 26126 27401 26212 26381 26297 26213 26127 27658 26214 27404 27575 1565 27578 26304 26219 26220 26306 26392 26223 25968 26478 25969 26139 26394 25973 27418 27845 25977 26318 26490 25981 26066 26237 26407 26067 25983 26154 27429 26069 26070 26071 26158 26078 26421 27104 26004 26429 26005 26090 46918 27455 26115 25672 25928 26183 26098 26184 26099 26015 26185 27886 27121 44038 26019 26105 26021 25682 26023 25683 25939 46934 26110 26026 26197 26028 26198 26029 46938 46939 26030 26031 26540 26455 26201 26116 26202 27477 26203
ap 10
hp 382
 53247
ap 11
hp 156
t 2133 48824 25522 1888
hp 161
t 2934 2701 1894 3382 24633 1895 24654 3192 9036 24677 48669 2557 9018 8658 25105 2942 2921 1901 24662 32377 1886 1589 2164 25348 8709 25093 2399 2102 2952 3018 2700
ap 12
hp 383
 57087
ap 13
hp 163
t 2446 8377 8290 8601
ap 14
hp 384
 57343
ap 15
hp 61
t 60032 59165 78270 64542 59698 80652 78867 78230 59720 59891 79463 64759 80741 77872 59194 59692 59195 77834 79455 59582 59369 79600 59583 79430 60411 59179 59882 79517 59712 77861 59735
ap 16
hp 385
 16383
ap 17
hp 386
 73727
ap 18
hp 50
t 58674 59101 59187 57402 59868 57914 58849 73980 59193 58428 59874 60044 57921 60047 38460 59541 58096 78922 58522 57930 58695 57933 38469 59379 57679 57765 60400 57427 39833 37368 58703 59383 34223 39834 59895 39835 59725 58876 37285 39919 6859 38140 58540 57693 6864 57356 59652 37382 6868 58804 17920 60336 57872 57362 74022 59745 38496 57962 57368 59154 19205 39860 58815 57882 57712 19292 59072 38588 55418 59840 59075 39867 39868 39783 58654 57889 59163 57805 58400 39785 58827 57469 57470 17945 61296 58663 57900 57902 57903 57394 81368
hp 38
t 6866 58760 58719 38443 39808 58551 58636 58383 39813 58725 35479 34926 58642 58430 38456 58686 58389 58049 57880 38458 37692 58688 58519 78240 58393 57799 60562 58734 61328 81558 38423 58398 59887 57890 57934 57892 58104 57935 57893 58658 61421 59381 58872 58064 57895 58065 79061 59171 58109 58875 39412 59727 73923 59728 57859 58411 58625 58072 38436 34996 58712 58715
ap 19
hp 387
 40143
ap 20
hp 388
 61375
ap 21
hp 389
 32719
ap 22
hp 390
 78846
ap 23
hp 391
 73662
ap 24
hp 44
t 26122 26295 27231 45167 26722 45253 69308 27835 43561 66171 69402 27413 43565 27415 43566 43543 27419 27335 27336 46633 27423 27340 27256 27257 42303 27346 27261 42306 69251 27262 27347 27348 27349 27350 43585 48006 43586 69512 69514 43589 43590 27016 69516 27781 27357 69518 27783 69521 27446 43766 43597 26087 43767 66208 66805 69270 27113 43607 27373 43608 27374 27375 27716 27376 27717 42932 27209 68944 42256 42767 27384 27386 27301 69376 46682 27388 69378 26624 27391 43541 27733 26628 42863
ap 25
hp 81
t 49154 52045 51535 50686 52046 51536 52047 49157 51708 52218 49159 50691 50692 51542 51543 52054 51544 49164 50695 49165 51545 49505 49166 52057 51546 49507 52058 49167 51548 52059 51547 49168 52061 50702 49172 50872 51552 49173 51384 50873 49174 51213 70425 50875 49175 51556 51216 49177 51557 50877 51558 49179 51559 34899 49180 50879 49181 51562 49182 51564 50715 50884 50885 51565 50716 51566 50886 50887 51567 51228 50888 50889 50890 50891 50892 49192 50724 50895 50896 50901 52094 52097 50909 50910 50911 70462 34939 50753 50929 50930 50931 50593 51275 67090 50774 50944 51456 51457 51287 51458 51968 51459 51969 51460 49152 49592 49423 51632 49593 70333 50784 51974 50785 51884 51973 50786 49594 51976 50787 51977 51978 51469 50789 51979 51470 51638 51640 51471 52152 51642 51643 51303 51984 52155 51985 50796 50625 51986 50797 51307 50798 51308 50799 49268 51989 51480 51990 51481 50805 50635 50806 50809 49279 50810 51491 52004 50644 35345 50817 50647 50818 51499 51502 51503 50823 52015 50657 51677 50658 50660 50831 51852 50662 51002 51003 50835 51346 50668 51688 54069 51520 52030 51521 50670 52031 51522 52032 51523 51524 52034 51525 51526 52036 51527 51528 51698 50850 51530 51531 51701 51532 52213 51703
ap 26
hp 392
 54076
ap 27
hp 46
t 81199 74570 81710 58079 57405 74748 74750 74156 81551 75434 57414 57670 73821 39141 39906 81217 57758 57675 57761 58356 76887 81054 81224 57764 57680 57682 74684 74685 57601 57686 74686 81233 81406 81236 81237 81238 81239 57779 75206 57781 74696 81242 81243 55489 81588 57534 57704 79210 57706 81169 81255 74115 75221 73861 58051 57711 58392 81258 57798 74204 81259 57800 57631 58140 57716 81347 74632 81179 81350 58402 55513 57724 57726 57727 58409 57390 81363 81278 57651 81366 57652
hp 62
t 55529 80944 57994 39210 57995 58251 39891 74741 39297 57828 38958 39299 38959 55451 74577 74749 17544 38964 55456 39306 57667 18398 57838 39903 39394 57671 57927 58097 55380 74591 74592 58187 58102 74593 74678 74679 57993 39320 74511 57766 58107 39918 58108 58363 57769 57685 74601 58281 81232 74603 39752 57688 57692 55398 39333 57694 39252 39933 55488 39763 39934 81244 55490 57957 39342 81248 78868 80909 80995 39856 55496 55497 74537 81252 38925 57713 57714 58141 57632 57802 57717 74717 55509 57636 81352 58147 39618 57639 74639 55429 58404 39028 55519 55434 55349 74560 56029 57985 39881 57646 57816 58242 57647 39796 57817 39798 55693 74564 58245 57991 57992 57397
hp 49
t 81539 57400 74571 79333 74148 81289 79677 81377 57664 81550 79513 81216 57590 58101 73996 57762 74677 76717 79523 58358 79524 74681 74512 74682 57854 57684 57855 74600 74602 74518 57689 81153 77840 81241 81073 57698 74446 77847 74107 81251 74706 77854 81172 79303 58394 55420 81262 81263 57804 79564 79312 55512 57722 79568 79399 81355 57725 57811 57471 74217 58067 58153 74133 79319 74729 58155 79322 79325
ap 28
hp 83
t 77460 77291 53406 77462 77295 69816 54687 70158 77467 77468 54943 77469 34884 77725 53588 73648 53335 53250 54697 53337 76883 77478 51554 77225 53254 77652 69917 53938 73149 53344 71025 53940 53345 77656 71026 77658 51478 51479 77659 53349 53435 53350 53776 49271 77746 77747 35758 71033 53951 53782 53271 74267 49364 53275 77672 56082 51494 69939 53279 51495 77675 70705 71046 77677 52092 77592 70707 77425 53456 51501 77682 53457 77512 77514 53462 71313 77265 54655 77439 54660 53896 77441 71067 71322 49224 53304 77444 54325 77446 34946 53902 71327 55092 53392 53904 35714 71329 71075 55010 77281 53566 53311 77451 35122 54076 69888 53908 54078 77284 51529 55780 77455 77456 69722
hp 79
t 52129 73719 71085 69897 69728 69815 69730 69731 76872 69732 69818 69733 76958 69819 51204 69735 77045 51462 51463 51378 51464 69740 51466 51381 51467 51382 34892 53338 51553 51389 51390 51305 70516 51391 51306 76893 69926 51482 51483 71289 52080 71208 51234 71040 71042 70620 52091 71302 69688 70369 51500 77510 71052 70372 70032 70374 70463 69701 69702 70383 51344 71406 71068 69879 69712 51353 71414 69718 71333 69723
hp 85
t 31218 47284 31219 31134 31050 65986 30796 65987 31222 50093 65651 65993 65910 67103 49765 49680 66002 66598 73400 31072 31075 49266 66438 31079 31084 50124 47235 47324 47325 66365 28880 31091 31007 47242 66113 66284 66286 50052 66287 47502 66034 66289 49715 31101 66463 50399 49893 73184 30769 31535 66046 65876 50408 31538 73276 31118 31631 65887 72943 50163 31123 50419 31125 50422
ap 29
hp 48
t 42778 47624 42273 27229 42869 68879 42275 69477 47632 42959 26387 43558 42284 27306 43562 27157 43563 42798 42885 42123 65923 25975 27253 43575 42301 42131 42899 45280 42818 42309 69170 42140 42141 27181 43587 48007 42822 42908 69598 42317 42827 42999 42489 42830 43596 43598 27788 43599 43769 43770 48276 42837 27368 42243 47258 42754 42842 69617 43523 42843 27290 42931 27381 69457 42853 42854 27214 42940 43535 46597 43623 42263 42858 42775 26626 42861 42776 42862 42777
hp 45
t 64921 80392 80732 77844 79544 80565 80480 77846 79504 65012 79590 79335 80568 59489 59787 79339 65314 59662 78064 65527 79342 35440 77855 59878 79556 80281 79474 79518 41821 78499 79477 59460 65198 34089 64987 79522 80374 58785 79483 65119 77912 58874 60234 79572 80678 79276 79404 79235 64744 79534 62620 79450 79578 79664 80386 59902 65172 79452 41840
ap 30
hp 53
t 21019 5294 21190 5295 19661 20936 7167 21193 21703 24340 19837 5473 7089 21029 21116 6751 21032 21628 21034 21630 5650 6756 5737 7012 21123 19679 7014 6761 6592 21042 6933 7019 4640 5747 21047 6938 21048 7023 5239 21049 20964 5324 17990 21051 19606 21731 6433 18334 21056 21057 7288 61008 5249 19784 7119 6694 6950 5250 19786 21061 6781 19872 24462 18601 6958 5768 19879 6194 19964 18011 21072 39687 5292 21073 19628 21159 19884 60968 21076 5437 21078 5693 7053 21504 59074 19719 7056 21082 21083 7314 18364 18365 7062 18963 6043 14884 6642 18628 6644 7154 6729 6049 19054 7410 7071 7157 24328 18973 24329 6990 24331 19656 6907 6908
hp 153
t 8266 2439 8884
ap 31
hp 393
 65422
ap 32
hp 394
 56590
ap 33
hp 395
 20463
ap 34
hp 396
 24575
ap 35
hp 305
t 72358 71934 71765 71935 63691 63523 80184 72366 67777 72454 63529 67780 71945 67781 80363 71863 67785 63705 71355 71356 71952 71358 67789 72464 67791 67793 72468 72128 72384 80715 72131 80886 80717 71792 67712 72132 71793 67714 72389 71880 71795 67715 72390 71796 72476 67716 71797 72477 80047 72398 72313 71890 71805 71806 67726 71807 71384 76739 72150 72065 72151 80566 72152 71387 71931 72153 72068 72409 72155 72496 67736 72411 67737 72497 67738 72498 63573 67739 72159 71736 72502 72077 72418 63833 67744 72164 72078 72505 72165 63579 72079 72507 80584 67750 72170 71746 72172 72173 80333 72428 72429 71920 71921 67756 67757 71923 71753 71924 67759 72179 71925 71926 63511 71927 72353 63853 72354 72355 71761 71932 71933 71763
hp 110
t 76673 80435 80415 75273 79736 75275 79822 75319 76680 79803 81015 76681 79783 76682 79806 75324 79786 75325 80446 75326 75327 75266
hp 324
t 74210 56279 56290 55438
hp 226
t 20954 20914 20574 20956 21296 20492 21299 21196 21303 20969 20970 20929 20931 20952 21166 4761
hp 69
t 44948 44528 44996 44529 44488 44531 44829 44489 20607 20611 27327 44412 42075 44967 44414 44499 44840 20615 44926 44841 44542 44883 44543 20617 20745 44843 44844 20619 41574 44847 44933 44848 20623 44510 20625 44511 44853 20589 44902
hp 315
t 47507 47617 66435 47714 66043 47630 66458 47620 47631 47619 47716 47622
hp 174
t 44436 26375 25823 44439 27698 27656 44062 44063 28084 27107 27278 28085 44405 28088 27708 26050 27710 27689 44072 26393 26479 27414 44459 27674 25806 27677 27847 27678 44082 27295 25978 27722 27849 27680 26075 27850 26531 44042 27851 44086 27725 26534 227 44050 26370 27688 27772 44093 26372 44434 44477 44095
hp 270
t 43799 62247 42697 62334 62249 62419 62250 62335 62252 62254 62255 62085 62256 42621 62259 43985 62261 43987 61923 43989 62264 62094 62265 43990 62266 43312 62267 61928 43483 62273 62274 43149 43150 62276 61936 43151 62277 62278 44004 62280 44006 62281 62282 62283 44010 44011 43671 62287 62373 62374 62290 62291 62462 62294 62301 43856 42582 43857 43858 43859 62220 43861 42588 62308 43863 42589 43952 42678 43868 42680 42595 62230 62405 43876 62407 62236 62237 62408 43878 62409 62410 62242
hp 235
t 77034 76865 77035 77801 77036 72616 76867 75676 71174 72619 75679 75680 76360 77041 77042 76873 75683 69905 75685 75686 72542 76963 69738 75690 76881 76966 75691 71187 77052 75692 76372 76968 76289 77054 76290 76970 77055 76375 75698 75700 75701 71197 76298 71198 71199 76894 75704 76895 75705 76301 75706 76386 76897 75707 76303 71203 76388 77068 75708 75709 71204 75201 75711 76391 72569 76396 76822 69854 75209 71216 69856 77762 76913 69858 71219 76914 75640 77000 69860 69861 76916 71220 77001 69862 71222 77003 69863 76919 69865 76920 69866 69867 71227 72672 77008 69868 69869 76924 77009 75649 77010 69870 71230 71231 69871 69700 77012 75650 75654 77014 77015 72595 75657 75659 72514 77020 77105 77021 77022 77023 75666 75667 75669 77029 77030 77032 77033
hp 106
t 76696 80395 80481 76699 80400 80404 80405 80447 80406 80407 80408 80409 80410 80494 80452 80411 79773 80412 80413 80414 76675 76718 76678 76679 80424 80594 80384 80428 80429 80430 80390 80391
hp 272
t 23047 22625 23051 22452 23079
hp 323
t 55284 55285 55280 55291 55286 55107 55252
hp 203
t 38784 56719 38019 40655 40315 38787 14401 33275 40926 38035 38038 38804 40167 38043 40850 38811 40341 38049 40940 38815 17225 40685 40686 38138 40944 40437 17232 40268 38824 40354 38064 40955 38065 40871 38151 40192 38152 40787 40790 40111 40282 40880 40710 40542 40712 40204 40799 40802 37997 38082 40804 40379 40295 38000 40551 14372 14373 40808 40641 40386 40813 17270 17356 38011 40816 14383 38016 40227
hp 314
t 47401 66367 47943 47393 47394 47395 47905 47948 47439 47907 47950 47940 47951 47378 66312
hp 276
t 41676 23149 41679 23150 22640 22641 22642 22643 41343 22644 41344 22645 41345 22646 41346 22647 41347 22649 41349 41350 22650 22652 64983 22653 22654 22655 41355 41016 41357 41017 64988 42038 41698 22659 42719 41700 42721 41873 42043 41874 41364 41876 41367 41368 41879 41369 41709 41710 41711 41371 41882 41374 65345 65005 65006 41376 62627 41378 41889 22680 22682 41382 41383 59405 65186 41389 41390 41391 22692 24563 22693 65194 22694 41735 41395 41736 22697 22699 22700 23040 64861 22702 60613 22703 60615 41745 23046 41917 41747 41918 23048 41919 23050 24410 64531 23052 23056 41416 61989 22720 21700 22721 23061 23232 22722 23062 22723 65394 23063 22724 23064 22725 22726 60126 22727 65398 23067 41768 41939 59448 22729 21709 24429 22730 22731 41771 60132 41943 59452 22733 41432 23074 22735 41776 22736 23248 41438 60138 41779 23250 41780 23251 22742 23082 23254 22744 23085 23256 23086 22747 23087 23260 41790 23261 41791 23263 41456 59476 41457 60497 60498 41458 41459 22419 41460 41461 60502 23104 23106 60507 23108 22428 41299 41809 23109 22429 22600 22601 41811 41303 22433 23113 41644 23285 23286 23116 23117 22608 23118 22609 22610 22611 23292 23293 22614 23294 23295 22617 22618 22449 41320 24321 22621 24322 22623 22455 41666 41667 22967 22458 41669 22970 22460 41331 22632 22462
hp 182
t 27096 27035 27014 42888 27315 43593 26848 27361 26425 68925 45997 42937 45998 27385 27364 27365 27344 27345 43537 43771 26709 43772 27351
hp 264
t 23272 23252 23147 23041 23084 24552 23107 23128 23065 23066 23045 23280 23068 23111 23282 59791 23114 23071 23073 60134 60135 59838 23289 60136 22927 23290 60137 23270
hp 295
t 65957 66242 65943
hp 186
t 26374 280 27651 26377 26378 288 44064 27664 44494 26389 44495 297 977 25798 27669 44075 27672 27673 44080 44081 44423 27679 26489 27764 44085 27681 27682 27683 27854 27686 44092 44432 27859 27691 25822 325 27696 27697 27699 28040 27700 26424 27701 1012 27279 27706 1016 27112 28048 27709 28050 27711 1023 28063 27724 26448 44045 27895 27726 25686 27727 27898 27900 27902
hp 80
t 30794 50174 65985 30795 66495 50175 49494 30967 50007 47288 65990 30800 30971 30801 30972 49503 47124 30975 66336 30806 49506 65998 66339 47131 66343 50023 31153 31155 47137 31158 73319 31160 49691 49521 49522 47142 47315 50036 50037 49698 47151 50042 47152 50043 47153 66024 50044 28795 50046 49706 50047 66368 31180 47161 66372 66032 65862 66374 47506 66037 50228 65868 31529 66040 31530 66381 31531 66382 47171 66383 66384 66385 66386 47176 66388 49729 31539 47350 47351 66392 49902 47182 66394 47355 47185 66397 66398 50080 31210 50081 31553 50084 45494 50085 50086 50087 49408 49409 49410 47370 31220 49411 47371 49412 47372 49413 49414 67094 50095 66416 31058 31059 65909 66420 49421 65912 73224 73225 73226 47216 73227 30728 47218 31069 49429 31070 47220 49431 49432 30222 49433 73233 49434 73234 49435 72725 49436 31076 30736 73236 47229 50120 49441 50121 50122 49443 50123 49613 73245 66446 49447 49448 49449 30239 49450 50130 66451 49451 47241 49452 66452 50132 30753 47243 30755 66455 66456 49456 66457 31268 30760 50172 73265 73267 73268 66469 66471 30771 30772 66473 50153 66475 66477 49478 73279 47269 30780 50161 47271 49992 49484 66484 49486 73286 49996 50167 49488 47278 50169 47279 30790 50170 30960 50171 50001 31132 50002
hp 68
t 449 4574 21278 964 668 5344 21282 20859 5091 20860 5092 673 44407 20737 20738 637 28348 20740 20826 20741 28307 20743 5103 8079 44463 20749 20920 20665 21134 271 20631 21185 20973 44859
hp 261
t 66664 68704 67005 66666 69046 68876 68877 68878 68710 69051 68881 68712 68715 66679 66680 67530 66682 66683 66684 66685 69237 69408 69241 68905 68908 68910 68911 68914 68747 68754 66714 68927 68759 62300 66720 68930 66721 68931 68762 66723 68764 69104 66726 66727 66728 66730 69284 66739 66909 68949 66740 66741 66911 68951 66912 66743 66573 68784 66914 66745 66915 66746 66916 66917 68958 66918 68959 68790 68619 68960 66751 66921 68792 68961 68963 68794 66754 68964 68795 68965 68966 66757 69478 68798 68968 66759 66929 66760 66761 66931 68971 68802 66762 66763 68803 69313 68804 69314 66765 68975 66767 69488 66769 69319 68980 69491 67451 69321 67452 66771 68982 68981 68985 69325 69326 68987 69327 66780 68991 66831 66960 69008 66972 66973 69013 69015 66635 69017 69018 69019 66810 69020 66640 69021 66641 67492 69022 69023 66644 69027 66818 66821 69032 66992 67503 69033 66993 66653 69034 66825 66823 66995 69546 69036 66656 66657 69037 66828 66998 66829 69039 66830 69040 68871 69041 66832 69042 69043
hp 326
t 77640 77108 77087 77714 75638
hp 290
t 69734 77065 69904 69894 77066 69895 77208 69919 77506 77538 69908 69899 77210 69910 77507
hp 180
t 42190 43380 42877 42879 42711 41705 42071 42752 42753 42796 42755 42416 42077 42079 42761 44801 42763 44974 42426 42768 42771 42773 43460 42271 42952 43462 44993 42784 42955 44995 43464 42788 42789 42790 42962 42963 42793 45004 42964 42114 42965 42115 42116 45007 42967 42117 45008 42288 44328 45009 43478 42119 43649 42797 42972 42973 42293 45014 42294 42124 42975 42125 42976 45016 42296 45017 43657 42127 42126 42297 42298 42299 45019 42977 45020 43659 42982 42302 42983 42984 42985 42986 42136 42987 42137 43669 42819 43670 42821 42312 42481 42482 43673 42313 42483 42314 45033 43675 42315 42995 42486 42997 45037 42147 45038 45039 43000 42150 42490 42491 42832 42493 42833 45044 42834 43005 45045 42835 43346 41986 43006 43007 42495 42326 42155 41988 42327 42158 42156 42839 42159 42840 42841 43352 43692 43693 42333 42334 45054 45055 43357 42342 42852 42343 42855 42346 42347 43708 42860 43711
hp 102
t 71849 72614 80605 76525 80860 71851 71852 71853 71854 80354 71855 79676 76701 79679 71775 80445 79343 80279 76114 80875 80450 75267 71784 80880 80628 80458 72554 71878 71794 80466 80637 80638 71798 79621 80471 71802 71803 79624 80644 71808 63563 71809 71810 71811 76146 75806 71812 63567 71813 79633 75808 79634 71814 71815 80148 80489 80490 71821 80236 75816 71822 80492 71823 72673 71824 76160 72675 80495 76161 75824 75825 71831 71832 76167 71833 75828 71834 75829 71835 75830 80590 71836 76170 75831 76172 72687 80423 76173 76513 75834 76174 71840 76175 80510 75835 76515 80511 71842 79491 75836 71843 71844 71845 71846 63516 71847
hp 84
t 35044 77374 77548 71343 77209 77549 77550 77211 77551 77466 35053 77470 53248 34889 77221 35062 69913 77480 76971 77481 77482 77229 76890 77230 77231 77146 71372 77238 53438 53269 76900 76985 76987 76902 77073 54209 77159 69937 77077 69853 76824 76912 76829 76915 70625 71221 77171 71307 77428 70628 70629 54140 72160 77201 77431 72162 71061 77436 69872 69873 74974 77184 53471 77186 69877 77187 35028 77445 35031 71328 35034 77280 77536 69887 69717 77540 76860 77200 77541 70400 77627 77542 71337 71083
hp 181
t 43629 27224 26544 27225 27226 43546 26632 27227 27228 44058 43549 26465 26380 27232 26552 26382 27233 26554 27235 26555 26641 27237 26643 27239 27241 27242 27243 27244 27074 27247 27337 27168 42897 27175 42902 27009 27010 27012 43588 27354 43592 27867 27018 27359 27019 43768 26430 27026 43774 27200 43606 44032 43522 27034 43609 42844 42930 43525 42846 27377 42847 27378 27208 27380 27210 43531 27382 27383 43618 43704 43620 26535 42941 27387 42942 44047 26543 27389 27304 27390 27221 26627 27222 27223
hp 269
t 65306 62248 42359 62590 43891 43892 63443 26894 43895 65486 62257 62087 65318 42368 62088 42369 43389 42030 61921 41351 43902 61922 62092 42373 65324 41694 65326 69066 61927 41187 42039 43230 61930 62101 42552 41702 41703 45954 42044 43576 45956 42386 42046 41366 42389 41370 41373 42395 65347 62289 42577 41387 42408 62132 43095 62135 42756 42757 42417 42418 42419 43779 43780 43101 42762 42422 62143 42594 43104 68945 43105 62656 41406 42427 43107 43109 43280 43960 42430 42769 62320 43111 43791 42602 42604 42094 62496 42779 62333 43974 42276 42787 43981 43984 42795 43986 43648 43310 43651 43822 43995 43996 65418 43320 44001 44003 43664 42304 43665 41115 42816 43667 43371 42817 44008 42308 42478 42311 43501 42316 43847 42318 42488 43679 44023 41984 42325 62218 41989 42329 41309 41991 44031 65452 42332 41993 22783 62224 42335 43695 43866 40978 42849 43360 43361 42004 43366 42006 68866 42007 63427 43369 69379 43710 62239 42011 65301 43882
hp 300
t 63519 68587 67735
hp 231
t 59397 59494 59613 23042 59401 59604 59615 59392 59414 59404
hp 97
t 31073 31532 31085
hp 330
t 23017 22848 22892 23148 23620 23323 22857 22985 20649 41177 22860 21332 21802 22865 22909 23036 22867 22910 22994 20573 23591 23038 22869 22997 22276 22999 22830 22448 23002 41661 23003 60999 22368 22285 22286 22456 21947 23222 22457 23137 23009 23180 23350 23181 22331 24542 23012 21951 23226 23015
hp 260
t 67004 66919 62330 66920 62331 61909 66924 67265 66928 68969 67440 67015 67442 69312 67443 67018 66933 67444 66934 67445 67020 66935 67446 67021 66936 67447 67022 69317 66937 67023 67278 66938 67449 66939 67534 65921 69322 65922 69153 69323 67453 65924 67455 67030 66944 66945 66946 66948 66949 66950 69331 66951 65933 66274 65934 66954 65935 61686 66955 66275 66616 66956 66957 66617 66958 62453 66618 62369 66959 66619 69341 67305 66965 66966 65946 66967 65947 66968 67054 67309 67310 66970 66971 67311 67397 67483 68843 67484 66974 67488 67403 67489 67236 66982 67493 67494 69364 67495 66984 66985 67496 69026 66986 66987 67498 66988 66903 69028 67499 66989 67500 66990 67245 67501 69030 67331 69375 66910 67421 61726 66996 66997 66913 66999 67003
hp 175
t 620 707 708 623 581 582 73 116 4026 201 4792 1264 713 416 1265 1266 119 587 82 125 592 168 4630 4716 1062 4675 766 4676 4634 88 555 28478 132 176 177 135 602 93 263 94 604 180 138 606 182 692 4644 5367 141 99 143 526 695 186 188 189 104 4611 4654 193
hp 78
t 73209 70914 52130 71595 70915 52131 67092 71087 73128 49243 65734 71089 65735 71091 73046 71006 71433 70923 70159 73137 71012 72372 71013 72373 72799 73139 71014 71015 66256 72971 72802 71016 71017 65918 72973 70935 65666 70255 70936 72976 72721 70937 71021 71022 70938 71023 71024 70939 66350 70940 71621 72897 71027 70942 71622 71625 72985 71626 67122 72902 71627 71543 73074 72734 50125 71034 71037 71632 70952 71548 70953 70019 52085 72911 70957 71637 71638 68494 71554 67135 72745 72749 71305 65781 72751 71646 71647 65699 73519 71394 72756 65618 65959 71487 71063 73105 70980 71065 71066 50072 70982 66139 71069 71070 71071 72942 49312 71667 67078 71584 71671 71078 71079 71080 71081 70912 71082 70913
hp 187
t 366 282 283 44402 44403 28423 290 294 295 28430 28175 3015 44496 27668 44498 299 300 131 28011 301 28096 302 133 303 134 25803 136 137 28188 139 989 140 309 991 312 144 145 316 147 317 148 318 319 320 44775 322 44522 323 326 44446 44532 28044 1014 27705 28470 25838 1019 28474 256 342 257 28477 344 259 261 262 178 264 44040 265 266 267 44467 353 268 354 440 356 273 28579 274 190 359 275 44052
hp 271
t 69299 69300 62332 69216 69217 69133 69304 69221 43639 69224 69056 69227 69058 69483 69060 69061 46621 69062 62262 69063 69064 45944 69065 69069 69070 69071 69072 68988 45360 69416 69077 69417 69250 69081 62370 45967 62376 69266 62297 46062 62298 69268 69269 69186 69101 69102 69272 69103 69106 69276 68936 69278 69282 69371 69287 69118 62412 69290 69292 69124 62325 69295 69296 69468
hp 82
t 50090 50005 73210 49156 50856 52217 50857 65648 49837 49583 52219 50860 50011 49420 49250 49251 49338 49424 72885 73310 49170 49171 70934 66432 73063 49178 50878 50033 49608 50119 49695 49525 51991 49526 47317 51311 66443 50803 51994 51996 50807 51997 52168 51489 51999 66450 52042 50216 51493 50643 49879 72999 50050 49880 49881 49713 52008 52179 52009 49884 49886 49718 50400 53120 49551 50403 73269 31195 50406 50236 50070 30265 50411 66221 73278 49308 50415 49226 49907 52033 49993 50844 49995 73117 49572 49233 73206 52041 51702 50088
hp 234
t 58761 58512 61403 58769 58429 58515 58685 58690 58521 78496 58691 58692 58866 58868 58698 58529 58530 59382 59386 58624 58368 58539 58369 58372 78943 58628 58629 58374 58631 58634 6869 58635 58465 58381 58637 58807 58722 58638 58808 58721 58723 58554 58724 58639 58810 58640 58555 58811 58812 58727 58558 58388 58644 58814 58645 58390 58646 58731 58648 58732 58649 58733 58650 58651 58735 58655 58656 59168 58661 58668 58670
hp 100
t 63440
hp 304
t 72617 72448 72618 71175 72450 67776 72452 67778 72453 72624 72455 71180 72625 71181 71266 72457 67782 71267 72627 71182 71352 72459 67783 71183 72460 72544 72630 72461 71354 72545 72462 67787 72632 72463 72547 72633 67788 72549 72634 72465 63539 72635 67706 72466 71191 72467 67707 72552 67708 72469 67795 72470 72471 72641 76127 72642 72644 72645 67803 72478 72564 72479 72566 72652 72312 72653 75373 71209 72570 72655 67727 72149 76148 72154 72664 71304 71984 72665 72156 72157 72158 72499 71820 72500 72501 71992 72503 76159 72674 71996 72167 72508 72168 72169 67749 76164 76165 72511 72171 67751 72684 76510 72685 72431 72686 76512 75832 67758 71838 75833 76514 76516 76518 76520 76521 76523
hp 101
t 79799 79805
hp 265
t 24295 23054 24285
hp 298
t 59492 59686 59899 59889 60208 59751 59893 60039 59191 59733 59872 59894
hp 273
t 21805 24550 21713
hp 268
t 62244 42354 42014 62245 42695 42610 42441 42696 42612 42358 42698 42021 62082 42363 42704 42364 42365 42705 42451 42622 42367 42707 42623 62431 42033 42036 43992 43652 64990 41360 61931 41701 42725 64825 42726 44002 42387 62279 42560 42390 41797 42052 41372 42733 62284 42394 42480 41715 44012 61947 43502 41802 41463 65349 42400 62460 62461 42402 42404 41300 42405 41385 42321 42406 42578 41388 42579 43685 42580 42581 42411 41308 42413 65364 41990 41310 42415 42586 43776 43862 43865 42591 43867 42593 41148 43956 41237 43957 42598 62658 41748 42344 43877 42772 42688 62238 62324 43879 42690 42691 62326 42692
hp 111
t 75376 75440 75635 75379 75443 75168 76295 75381 75425 75171 75681 75384 75427 75215 75385 75470 75429 75387 75432 75369 75435 75162
hp 331
t 23224 23139 23608 22287 37815 23227
hp 254
t 65261 63307 64242 62714 80820 61824 62207 62505 64971 43934 80781 64844 64546 64717 61828 64591 62552 62765 63276 64551 63362 62469 64042 62556 65447 64045 65448 62855 62686 62558 64556 63367 64047 63072 62179 64051 64578 64775 59420 62566 41872 61975 62953 80846 62954 63253 62191 62192 62490 64573 64956 62194 62708 62963 64706 62709 43880 59394 62540 64963
hp 64
t 44521 26416 44437 42993 44060 44400 44061 44435 26477 44073 44456 44541 27670 44500 27842 27843 27293 27719 44506 307 44422 44083 44424 44084 44425 44426 44087 27685 44090 44094 26369 44433 27774 27435
hp 164
t 5286 7156 6646 7000
hp 277
t 42694 22636 41677 41678 43889 42699 41339 42023 41348 41688 42709 42710 43901 42371 42712 42372 42032 42713 22993 22992 42714 41014 42715 42035 22995 41696 41356 22996 41697 42037 41358 41018 41699 41359 23170 42720 42040 42380 42381 42041 41020 42722 42382 42042 42383 42723 42724 41704 41365 41707 21987 22329 22840 23182 42732 23013 65344 21994 42734 21995 42735 22167 41380 23020 65011 41381 23021 23022 22853 62634 41384 22856 41386 22858 22688 43944 41566 22696 41737 22868 41739 22870 23039 41740 22701 22872 62141 22873 23043 41744 22875 41405 41746 22707 64867 41408 41579 41409 41749 22880 59429 22881 22540 41751 22711 22882 22712 22883 41412 22542 22884 20843 22714 22543 22206 41756 41417 43968 41759 22890 41592 20682 22893 41593 22894 22895 41595 43978 41769 43980 41940 41430 41431 22732 41433 41434 41436 41777 41437 41778 22739 60139 41783 41617 41448 21899 41789 41449 41450 41451 21904 41454 21905 21906 41627 21910 41632 41462 42655 41635 41640 41641 41645 64936 23291 22612 22782 41142 22443 22785 41656 22786 22787 22788 22789 22620 21940 21941 22791 22622 43871 22453 22624 41665 22965 43875 22796 22627 22797 22968 22628 22798 42689 22629 22799 22633 22631 42012 42013
hp 65
t 1129 365 452 367 453 454 370 458 459 374 289 460 21115 462 292 463 293 466 21121 382 808 298 130 28435 20786 474 22236 476 44761 21135 21306 567 44088 21308 21143 150 660 321 4656 661 1008 5088 669 329 331 672 1013 419 27707 677 678 28473 679 170 510 341 681 258 174 5104 432 347 687 610 270 358 613 20845 191
hp 185
t 438 980 28351 44427 324 357 44826 457 1010 44509
hp 301
t 69533 66813 69554 66729 69109 69619 69577 66776 69074 66801 69606 66994 66633 65954 66826 69461 66167 69588 68909 69568 66722 66808 66255 68954 66213 69550 69509 66768 66812 69511
hp 248
t 66747
hp 344
t 47964 46691 46606 48053 47968 47883 47969 48055 47970 47715 48057 47972 45252 48058 47973 47888 48059 47974 47039 47889 47975 47890 47891 47978 47979 47980 47981 47896 47982 47983 47898 46799 47908 46467 47914 46728 46729 46732 47922 47924 47925 46737 47758 47932 47933 47934 47935 47937 47938 47939 46667 48028 48121 46506 46593 46510 47956 47872 47873 47959 47874 47960 47875 47961 47876 47962 47963
hp 345
t 46944 46179 47030 46094 46945 47625 46435 46520 46521 46947 46862 47033 46948 47032 47034 46949 47629 47035 46950 47036 46951 47037 47717 46784 46955 46956 45766 46957 46872 46958 45768 46959 46874 46536 46537 46800 46887 46888 46548 46889 46890 45445 46892 46894 46811 46559 47031 46985 46816 45116 46818 46566 46993 46994 46571 46915 46831 46577 46578 46409 46579 46846 46850 46936 46851 46937 47024 46941 47027
hp 171
t 26629 26969 26970 26630 26631 26376 26633 26634 27569 27485 28080 43552 26640 44065 27321 28086 43730 27070 26732 27328 27498 27329 26734 43734 27840 26735 27841 27332 27417 26057 26996 27167 26064 27001 27341 25982 27002 27003 27173 26068 27855 27856 43582 27602 27857 42903 27858 43584 26245 27860 43755 27011 27861 26076 26247 27352 27097 27437 27268 27438 27182 27353 27862 27013 27355 27440 43760 27017 43594 27444 27445 27023 27024 27449 27025 27027 43603 27029 27030 27880 28051 27033 27203 25929 25930 25931 43526 44465 25936 27892 25938 26108 26109 25940 43536 25942 26708 42943 26625 26711 26966 26713 26968 27903
hp 354
t 37976 37988 57916 37102 57912 37061
hp 335
t 22841 41648 22238 22634 23502 22371 42102
hp 299
t 41758 41589 41419 41590 41633 22635 41379 22637 41637 41638 41340 41770 42028 42029 41692 22695 41652 22615 42421 22532 5064 42423 22790 28405 42008 41413 23011 42051 61942 41414 59776 41757 41631
hp 188
t 26204 24632 24974 25314 113 114 26339 26342 24644 26217 25112 26305 26135 25115 26178 26307 26222 26137 26309 24609 26352 26310 24822 26353 25971 26354 24655 26356 24614 26357 26315 26358 26359 26189 26360 26190 26361 26148 26022 26149 26150 26364 26151 26025 25132 24624 2949 26113 26156 26159
hp 255
t 63922 63890 68576 67697 63490 63926 68570 63588 62665 63888
hp 165
t 25109 25147 26336 47007
hp 341
t 69298 69129 46604 69130 69131 69386 69132 69303 69218 69558 69219 69135 69305 69220 69391 69306 69307 69222 46019 69394 69564 69395 69310 69225 69396 69057 69398 68888 69059 69399 69400 69401 69404 69406 69067 69407 69068 45270 43232 69073 45955 69075 69415 69418 69248 69079 69080 69420 69506 69082 45282 45283 69083 69084 69425 69085 69086 69087 45287 45373 62288 69175 69430 69176 45291 45207 69178 62379 69180 62295 69181 69182 69097 69438 69440 69271 69442 69273 69274 69105 45221 69107 45987 69277 69108 66218 69279 46755 69281 45227 45999 69460 62321 69122 69377 69293 46684 69294 69125 69381 69127 69382 69297 69128 69383
hp 107
t 76692 76694 75293 76695 76697 76698 76700 76703 76735 80620 75268 75269 80496 76672 75270 75271 76674 76716 75272 73955 80432 75274 76677 80502 75360 75276 76636 75361 75277 75362 76722 75278 75363 75448 75279 75364 76724 75449 75365 76725 75280 75366 76557 76640 76727 76558 76641 76728 76559 76643 76729 76688 76730 76689 76646 76731 76690 76732 76691 76733 76683 76734 75375
hp 339
t 66753 69462 69513 69548
hp 340
t 43458 43798 43459 42440 42355 42356 42357 43463 43378 43803 42274 42783 42785 43465 42786 43381 43466 43467 43383 42352 42025 42366 42026 43472 43388 43305 42285 42353 42370 43390 43391 43988 62093 42799 42374 43650 43820 42375 43991 43480 43481 42378 43656 42806 43658 43999 42384 42385 43321 42812 43323 43492 42814 43666 42391 44007 42392 43668 42393 44009 42310 42820 42396 43672 43842 42397 42823 42398 43843 43674 42484 42485 42487 42319 43849 42320 42829 42831 42322 44022 42492 42407 42323 43002 43513 42324 42494 42409 44025 42410 43347 42412 43348 44028 42073 44029 42414 42074 43860 42331 43266 43351 43268 43694 42759 42760 43356 42336 42337 42693 43359 42340 43275 42001 42428 42345 43365 42431 43792 42348 43709 42774 42010 42351 43456 43457
hp 202
t 56762 55274 54594 56508 56466 56509 57315 55235 56510 54556 56468 55237 54599 54558 54559 55281 55283 54562 54776 56477 56435 54566 54568 56438 54569 55290 54570 54571 55295 56488 54409 56450 55261 55262 56452 56496 56455 56584 56499 56585 56500 55268 55269 56629 54590 54548 55271 55272 56462 56463
hp 177
t 69076 62456 42758 26651 27171 69342 62377 69156 27008 68976 43553
hp 105
t 79762 79765 79177 79772 79349 79774 79776 79777 79778 79779 81056 79784 79700 79785 79616 79701 79617 79787 79618 79703 79704 79705 79707 79708 79623 79793 79709 79794 79710 79795 79711 79797 79628 79714 79716 79717 79632 79719 80569 79804 79720 80570 79721 80571 79722 79723 79808 79725 79302 79812 79728 79729 79814 79730 79220 79731 79221 79816 79732 81092 79733 79734 79735 81095 79821 79737 79823 79739 79740 79315 81100 79741 81016 79742 79743 81019 79830
hp 176
t 62329 43873 43884 42597 42592
hp 113
t 79584 78905 79585 79586 79589 78231 78912 79592 79593 78913 79594 79595 78235 78915 79597 79599 59715 79266 78502 79268 79269 78932 78933 6853 78935 78936 78851 78937 78938 78859 78947 78866 77934 78869 78530 78956 79552 78872 78958 77852 78873 78874 79554 78875 78876 79558 78964 79219 79563 77864 79569 79229 79573 77873 79574 77874 79575 78556 78563 77877 78898 79580 78900 77880 78901 77883
hp 274
t 79415 65475 79416 65476 65477 65478 65479 80780 64120 64800 78061 64121 64802 78063 64803 62083 80784 64124 65484 64805 80787 62767 63448 65488 62768 64809 65489 62769 65490 80789 62089 64811 65491 65492 80792 65493 79434 62774 78052 65495 62775 64815 65496 64816 62777 65497 62778 65499 64819 65500 63461 65501 62781 64822 65503 62783 63464 80804 62786 65506 62787 80808 65508 80809 65509 64830 63471 62791 65512 80812 61773 62818 63475 80816 64836 65517 80817 63478 65518 64838 80818 80819 65520 80821 61441 63141 79462 80822 65522 64843 80823 65523 61784 65524 80824 65525 65526 61447 80828 65528 63828 80829 65529 61449 61790 61448 61450 62471 80831 80832 65532 62472 63493 62473 65533 62474 80834 65534 63495 61796 64516 62476 61797 62816 80837 62817 62477 80838 61458 62819 80839 63500 62479 62478 63501 61459 80841 61461 80840 62822 63503 80843 64863 61804 62483 61463 61805 65205 65206 61806 61807 61467 61468 63168 80848 61469 80849 63169 61470 63171 64192 61472 61473 80854 61474 64875 61475 80856 64196 61476 64877 80857 61477 80858 64878 61478 80859 64198 62840 61481 61482 61483 64203 63184 64544 63185 61487 64207 63188 63189 64209 61489 61490 62850 64550 61831 63191 62851 62852 63193 64893 61493 61834 62854 64894 64213 64554 62853 63873 63195 61495 61837 62856 80877 62177 62857 62178 62858 63198 80879 63199 61499 63200 61500 62859 63201 62861 64222 62522 61843 63202 62863 61844 63883 62523 63204 63885 63205 64226 63206 62526 62867 64567 63207 62868 63208 80836 62869 63209 63550 63211 62871 63212 62872 69333 62873 63894 64574 62874 61855 64234 62876 62197 63217 62877 79539 62879 63899 63219 63221 61862 63222 63903 63223 64583 63224 68663 62543 63225 64926 64246 64927 62887 64247 64248 63227 64588 63909 63230 63911 62892 62893 62894 61876 61536 63916 62896 62897 62557 62898 61538 62753 63919 61880 62560 61881 62901 62561 62902 63242 65283 61883 62563 61884 62564 62905 61886 64606 61887 63927 62907 64947 62908 62909 63930 62910 61551 63933 64953 63599 62920 62921 62582 63944 62585 62586 63267 62588 62589 65310 42533 65313 62593 61914 62594 62595 64635 64977 62598 64979 62599 64980 64981 64641 62601 77902 64982 61924 65327 62608 64648 62609 62610 62611 62612 62613 62614 64654 62615 62616 62617 63297 62618 62619 62621 64662 62623 62624 62625 65346 62626 64667 62628 62629 62631 65013 65356 62636 65357 62637 62638 62640 65361 62641 64681 62642 80773 65363 62643 77944 62644 62645 65366 62646 65367 62647 62648 62649 65370 62650 62651 62652 65373 62653 62654 62655 62660 64701 65384 63008 62328 63011 65393 63014 62675 43976 63016 64037 65399 64719 65400 65401 61661 64041 65402 61662 65404 65407 64049 61673 64734 64056 64737 64739 80721 80722 80724 64066 79367 64747 61688 63048 64896 61690 61691 80733 64073 63054 80735 80736 78017 64757 68838 62718 63060 65441 65442 80743 62727 80747 62728 78029 64769 78030 65450 62730 62731 80752 62732 65112 62733 80753 62734 64774 62735 80756 80757 62737 80758 80759 78040 61720 78041 80763 80764 80765 78046 64786 62747 78048 79408 63428 65129 62749 80769 80770 62750 78051 65472 79413
hp 103
t 63518 63689 63690 63521 63607 63524 80864 63695 63525 63696 63527 80188 67779 63614 63530 63531 63702 63532 80023 63533 63534 63535 63536 63707 80115 77906 80289 63544 80036 64227 67798 71879 67799 63039 67800 67801 71882 67717 67802 63552 71883 63553 67804 71799 63554 67805 63555 67806 71801 63556 67807 80133 71804 71889 63559 63985 63730 63560 71891 63561 63732 63562 63564 63736 63568 63569 67820 71901 67822 63572 71903 63574 63489 67825 63576 67827 63577 80153 71994 63836 72676 71912 63757 75827 63929 71922 63848 71754 63509 63680 63681 71841 80087 63512 63683 63513 63684 63514 80174 80855 63686 63687 63517 63688
hp 96
t 77282
