ap 0
hp 368
 61183
ap 1
hp 369
 53048
ap 2
hp 90
t 59031 60010 59884 58781 59038 59380 74682 59043 59811 60067 59047 59345 59005 59217 60026 59346 59389 60111 61430 59133 59391 59943 60115 58500 58757 59055 58545 58801 39265 58719 59315 59230 58508 60209 58725 59873 59236 59875 60897 60558
ap 3
hp 37
t 74289 53360 75397 75227 76183 75399 75442 74784 75358 74275 75466 53366 74488 74532 75235 56241 77704 76599 71267 75455
ap 4
hp 370

ap 5
hp 83
t 21374 21467
ap 6
hp 371
 20472
ap 7
hp 372
 20158
ap 8
hp 38
t 47003 31364 47007 49136 31286 47522 46758 30525 47780 32141 31377 32057 46763 47783 30698 48296 32148 31978 31809 47708 31388 31049 47032 46864 48140 47804 73390 47806 46788 47639 31321 30472 46878 46456 48242 46542 48072 31327 48244 48245 47566 47481 48360 30570 46975 31337 31763 48083 47574 47744 31850 47236 47577 46898 46901 47752 46906 47756 47671 32116 47931 47763 48018 45639 47596
hp 36
t 47768 31363 45134 48364 47599 47770 47771 46752 31369 48288 31459 48290 73367 31972 46575 46851 49316 47616 47787 48297 47448 47192 46852 47789 48299 31215 31980 46856 31387 47622 46858 31390 47796 46947 47883 47630 46866 45167 46867 47888 30718 30633 31824 47633 30634 46870 47890 47891 47126 47637 47723 31915 47725 47385 46707 48240 30476 31411 47393 45099 31414 31245 48246 47567 45102 30482 31333 47824 46719 31421 47233 31423 50124 47576 31171 31173 48003 30495 47581 66366 31177 47753 47413 47924 47926 49541 48097 47588 31778 47759 46999 47766 31192
hp 43
t 47598 47769 47430 47600 31961 45221 46754 47775 49476 46587 47778 47098 47779 48289 48291 47611 32142 47782 48122 46593 47785 47786 46938 47620 48302 47793 47795 48476 47626 46778 47799 47460 46270 31482 47803 30468 30469 46959 65832 47643 30474 47474 46965 45096 30477 46797 31158 30478 31328 46969 48329 30481 30484 48334 48335 48336 30487 30488 30490 48341 46981 66364 65856 47667 45287 48349 47501 31691 73174 46997 31871 48362 50573 49894 47011 73531 30524 47864 46676 31887 32738 46849 30699 73372 47533 46853 31383 47877 47878 46860 46690 46861 47887 29870 47720 47595 46871 47892 47553 46703 46874 47558 47729 47900 46709 48411 47732 47392 47054 46885 31755 48075 46716 47056 48247 31417 31418 47398 47399 46720 48251 31762 48082 47404 47745 47746 48087 47748 47579 31768 47749 47751 47582 46903 47584 47754 46905 49455 47586 50136 47587 46908 47589 47590 47760 46911 32460 46747 66802 47764 47935 47256 32127
ap 9
hp 59
t 29410 30431 10032 9523 12244 29926 12078 4598 10888 10889 29929 29931 12082 12083 29423 29935 12086 29427 29432 11753 8693 29434 9714 11416 15666 9546 10907 13458 9380 12100 9895 9726 29787 32677 12108 9898 11939 15853 3273 9903 30134 29797 8547 20449 12120 8212 15696 29807 8897 9408 9413 8734 9414 11284 12134 11285 8736 32032 9933 12146 32717 8580 12151 9772 9942 11473 11983 9943 12154 9946 8417 9947 8248 8931 12166 9957 8429 11150 11151 11324 9286 30367 9798 9968 9289 19663 11164 9806 12187 9978 9982 9816 9817 9647 29708 9650 29881 30051 29883 12884 30394 12885 12206 29207 11527 12037 29209 9832 9662 8644 12724 7285 9666 9839 12049 12220 15622 29733 29904 12224 9848 9849 9679 29911 29407 9853 9513 9683 9514 12065 12236 12237 9687
hp 55
t 31150 32510 47514 47472 47727 47473 47559 32174 31069 47475 32727 49601 47774 47646 47477 30775 32475 49901 47563 49988 30779 48248 49608 48121 47485 32186 46976 47656 32145 32189 32191 47534 31130 48342 50000 47792 30750 49663 48346 47157 32155 31349 31010 47033 47502 47163 32755 47591 47889 30635 31061 49635 32465 32126 47129 47512 32467
ap 10
hp 95
t 4502 4164 20485 5865 4505 44965 21165 20573 21086 5703 8168 43869 20156 44981 8007 5882 20842 20928 4183 20843 5204 5290 44816 4272 4188 21443 4360 8185 4449 4452 4500 23408 4539 5219 44831 4286 5306 20776 19927 5221 4372 42028 4121 4122 23502 5230 44925 4806 21468 42239 23428 21134 5327 5160 44689 41120 4487 4147 21318 42229 21320 42655 21155 5091 4496 4497 5179 20480 20992
ap 11
hp 157
t 25328 2294 25499 27499 25714 9012 2256 25971 48915 9143 9104 48672 8810 9150 25685 1545 2183 8983 1547 2270 8816 9071 26963 12174 32364 25013 9076 27479 9077 32367 25356 24591 24721 48904 3006 25361 24766 25446 24767 27488 32461 48825 2288 48953 1863 2290 9049 24732 27579
hp 155
t 48619 32470 2210 32641 8333 25334 24994 9184 2046 25337 25678 8679 9021 32651 863 3242 25852 25344 2565 8346 9196 1887 9029 32659 25350 25351 2401 2572 3082 9202 25357 9037 25527 25530 3266 2246 8707 25027 48998 2589 1910 25371 48491 2251 2592 9051 2594 1915 32345 3276 8716 25716 3277 9056 2258 32348 3279 8888 8721 25211 2772 25552 2607 25727 9068 48849 231 24711 25562 2273 8902 2445 25225 3297 2277 25227 2618 24888 2280 2623 1943 3303 2794 2625 24725 2116 48867 2289 48871 2801 1952 25241 2292 1953 3315 2295 25247 2639 48711 1963 2643 9953 2644 48713 2645 2646 8430 1971 25263 1634 32237 8609 8610 25444 25276 1990 3180 3181 8795 9141 3191 3193 32436 2008 1161 8982 24964 8984 1505 32276 8985 8986 8818 25648 1170 8823 8824 3386 3217 8999 4071 24812 8833 3394 48954 9005 25496
hp 153
t 24776 25675 25680 48131 48950 49141 27550 24758 24780 48464 48955 32380 32381
hp 159
t 32128 31448 1359 1701 2381 2212 25673 8334 25674 1875 3235 1365 3066 8677 9020 25510 2901 3070 8681 2392 2223 1543 2734 1374 9027 2567 9028 25520 1382 194 48133 8694 48474 32664 1215 27564 8865 25015 25526 25187 1558 1388 1728 8699 25190 48312 8363 24853 2584 48654 32675 32336 9048 25198 3271 25373 2254 2255 1405 2257 32347 32519 9060 2940 24702 32522 25722 25553 24706 2778 9069 2438 25559 3290 25390 26239 25221 25222 2953 32703 25394 2103 27604 24714 24715 2785 2276 24716 25223 9078 1599 1940 25401 24892 2793 2285 3305 2286 2627 25069 1439 25070 2630 25240 2291 25071 1781 254 25243 24738 9098 32388 9099 2979 2640 27462 1282 2132 9103 1794 1285 25594 2815 32228 32568 25258 25429 2651 30702 1633 25262 1803 2994 2654 1804 24922 2995 32408 25268 24929 24760 9120 24762 1642 25102 25443 9123 25104 26294 2834 32074 2497 2668 26298 48399 3010 48910 2672 2162 2673 27493 2675 2506 1487 3188 32428 8497 9145 25635 1836 26148 8978 25299 8980 1673 2523 24965 2186 25308 31430 24631 2191 2532 8994 2365 25995 25316 49118 2369 25319 1690 27530 2713 3055 8666 1697 1527
ap 12
hp 134
t 14571 40075 60771 56718 40728 16631
ap 13
hp 373
 8127
ap 14
hp 374
 61374
ap 15
hp 52
t 53378 77097 53382 71395 72341 77357 70133 71408 77274 77275 69797 77277 77533 77279 51354 72605 69970 53566 72606 55012 54842 35550 77540 53911 72612 53402 69893 53575 77462 77377 77292 70323 77463 54260 70327 77127 77128 77043 31653 72624 34461 70416 53672 70332 77557 77388 70333 71098 77303 70079 72546 75012 71616 71023 70938 54113 70605 69756 70607 53693 69928 71119 69845 69677 70952 34997 51487 33213 53783 70443 53274 69849 72315 69850 70276 70277 53872 69939 52174 77336 70537 54132 31523 77423 77424 34925 34500 54051 34842 79977 70289 70459 69867
hp 50
t 53549 53553 54320 77355 54065 56449 77703 53903 55265 54075 53568 35718 53826 70575 53491 54683 35133 54344 54259 53919 54089 53580 54346 53921 53752 74919 53925 54266 77386 54693 54481 53418 77559 53590 54865 54016 55038 53848 53682 53939 54027 70517 54369 13824 54199 54454 56071 70096 33207 54287 54117 54203 54204 53356 77751 33212 53361 32791 74867 13839 54045 53875 53538 53712 77345 54057
hp 56
t 31111 29838 30773 31115 31116 47946 31117 47777 31542 32732 31203 32139 31205 47952 48123 31124 48124 31125 47955 48126 31126 31211 47107 31127 47531 47193 30533 47109 46769 30535 31132 31133 31134 31135 30543 32753 46865 31142 31143 31058 31144 31230 31145 31146 47381 31147 31149 47556 31746 31155 31070 47564 48074 29970 47484 48165 30061 30062 47913 47747 31088 31259 47408 31089 48089 48175 31090 47921 31176 31091 31093 46988 47499 48348 31094 48095 31097 47504 31270 47165 31185 47592 47507 31187 31102 31188 29828 31103 31869 48104 31105 30000 29831 31191
ap 16
hp 89
t 21376 42095 44602 21377 44753 44648 44716 44695 44227 42869 28271 26402 28081 28062 5006 44723 44702 44617 28217
ap 17
hp 375
 65535
ap 18
hp 40
t 32149 49448 49619 49428 29832 46986 49899 30774 47710 30625 47128 47479 50135 47076 31415 47886 47949 46909 46848 50572 47762 47422 48869 47084 47998 47872 30723 31808
hp 51
t 52528 9861 53041 10882 28733 31622 31623 9522 36384 10887 29758 36558 31628 30099 31627 9529 51181 10722 32652 35884 31634 31636 52887 52377 31638 29939 52890 31641 9542 29943 31643 30115 10905 31647 15668 10568 9890 9891 29102 52392 10913 9724 10916 34036 29276 15677 10917 29278 10918 52909 33874 36426 31667 28949 49689 9910 36601 10250 9911 29122 9744 29294 28785 30316 11447 31678 29299 31680 11282 13324 29306 9588 12309 10950 36621 11126 31698 11129 9599 52610 49721 33912 50401 50402 11133 50403 53124 31024 11136 12327 9778 50407 50408 36299 53131 31031 31033 53133 53134 28830 31040 29682 53146 10477 52808 29348 52809 52811 31565 52305 10656 10657 28848 15078 29359 9810 18310 31570 9811 31572 28682 13553 52825 11181 53172 31583 10503 29206 53177 53009 9829 11190 10025 53011 53181 11875 12387 29388 52848 10691 11205 29055 30416 11209 29061 15632 52352 9854 10874 31615 52865 15636 10706
hp 63
t 53539 54008 29347 31706 53180 53914 56489 34536 77567 54533 77335 29661
ap 19
hp 376
 57078
ap 20
hp 377
 57343
ap 21
hp 378
 28607
ap 22
hp 379
 73702
ap 23
hp 380
 60664
ap 24
hp 42
t 53250 69870 34213 75140 76203 34214 76501 75482 75568 69704 75103 70088 76634 75787 76169 77529 74809 75278 77021 76213 76171 77022 75789 76172 76215 75619 69843 75496 72607 76176 76603 76178 76221 72653 76521 72655 76182 76650 75887 76525 53322 35600 17878 35090 75127 77380 76360 77466 77381 77041 77084 74109 74875 76151 76364 74155 77344 33869 77475
hp 65
t 16360 13640 52360 14663 49684 70427 36428 36217 51178 50753 36388 53091 36431 53008 33883 36433 50289 53010 13272 36563 16079 52719 13407 53145 36488 12349 36490 11926 16177 49709 54129 31054 12737 36495 69815 31693 49671 52862 52905 36245 16355 31613 15634 16145 31701 12067
hp 58
t 69656 71101 77392 77477 70253 70212 53681 77524 70301 77185 53304 70262 69794 69752 55005 76341 70391 54071 76343 69755 53311 76985 70399 77625 70656 69807 77629 70661 70916 74785 71008 70540 75090 53542 53629 72627
ap 25
hp 97
t 21461 20953 41567 62101 42593 41405 44848 21303 43831 41493 42684 44893 44854 21309 42602 4353 42179 23440 42055 4698 42225 4230 4699 4402 21317 27904 42356 21362 4448 42402 4365 42023 4453 5092 42534 44830 5093 42196 21075 21500 21331 4374 42199
ap 26
hp 92
t 19208 59330 37146 37743 18620 37661 60700 18116 61044 19226 60706 60961 39884 61050 61136 18721 18637 61222 61223 38443 18554 18723 61396 61227 37004 38280 37006 60721 37771 58002 18734 60725 60554 37011 60556 37012 60557 16614 38549 18064 37958 18749 37960 16626 37111 38558 37796 24112 39753 18078 37034 37718 61093 24118 61351 58462 58717 61011 37044 61099 61014 58041 16647 61273 37053 37054 38585 18527
ap 27
hp 60
t 55778 55249 55940 54730 54975 54815 54572 55179 55171
hp 39
t 56118 56161 55779 55675 55627 74251 54681 74911 56233 55620 55875 56237 74491 55834 55665 74450 74431 56538 53330 74282 55902 56073 54883 56181 54609 55799
hp 47
t 54950 56228 54530 55763 56275 77738 54917 54875 56236 56069 55942 56072 55947 56077 53996 56251 54935 54807 77758 74273 55702 74318 53495 77722 55835 54986 55794 56135 56178 55796 55755 53460 74967
ap 28
hp 81
t 44028 43858 44029 23459 65280 43861 62901 65282 61882 23462 43863 23463 41484 43864 43865 42506 42508 41659 42679 41490 43871 62571 43191 42683 41494 43874 41665 62235 62065 42687 62067 41838 41499 40990 62579 41839 42690 41332 65303 43883 61564 40995 42696 62076 41507 42698 43888 43889 41476 43892 43893 42533 43894 42365 44915 42535 65487 42367 42368 41348 43898 43218 62089 42370 43901 42543 41525 42716 62096 42548 42209 42040 62100 41533 61765 42387 41709 62110 42392 62623 42394 23525 42565 42566 42567 42738 65348 62628 61780 43080 42570 41721 42571 42572 42573 42576 41557 61789 42410 62130 62471 42751 42581 42412 62132 43262 62642 42582 41394 62644 42584 43945 42585 43266 42586 42587 42588 61459 42419 44969 41399 44800 43781 61462 43952 65372 43953 41574 42594 43955 43786 43956 43957 42597 41578 42600 62151 62153 41583 42603 41584 42604 42606 43798 43970 42611 23403 43124 43975 41595 43976 41596 43977 42619 41939 43813 43983 62854 42455 62856 26818 61498 43821 61843 62863 62865 20706 62867 23429 44849 62700 61515 43497 44858 45368 20719 41459 43330 42651 41972 43334 62034 43856 43850 43851 43512 62212 44022 41472 43852 44023 42494 43514 61875 23456 44026 23457 41647
hp 85
t 60348 22949 22951 22617 60017 22618 22619 22622 22964 64618 22969 22972 22973 22975 22806 60206 78400 78741 81805 81806 78748 59538 78749 59879 23159 79091 78755 78760 78762 60069 78770 57351 60071 60073 60075 58891 59234 78785 78615 59916 65188 59071 59241 78623 59583 78798 22528 59248 22529 78629 59421 41912 78633 22536 59427 22707 22537 59428 57728 22538 22539 78810 22540 59940 22541 58646 57736 57569 65050 57571 22551 22552 57743 22553 58934 58425 60295 59275 58936 22727 65056 22897 23236 65057 60300 22561 60132 59962 59286 57757 65067 59458 60307 78329 22570 58101 65242 64903 22573 22574 65245 59465 22745 78676 78338 59469 65079 60150 22920 59640 23772 60152 22582 65253 59982 59304 60155 65255 22585 60156 59985 59986 59477 22606 59307 65258 65259 57440 22590 22930 22931 59312 59313 65264 57444 22933 59825 23784 59995 78696 65267 59316 59317 58977 59828 57789 65269 23280 23281 23113 23283 65274 23114 22603 59835 58983 60346 22947
hp 79
t 22780 59841 22782 58653 59333 64603 22784 61205 22785 22786 58828 22788 22789 22791 78383 22793 22624 59344 22794 60025 22626 58496 22627 22796 22797 60028 59009 78729 22799 22630 60030 58840 59011 22970 61221 58673 74654 58676 59357 60038 22808 60719 58679 22809 78740 65481 59361 22811 58683 78743 60213 61404 59363 59874 59534 78575 60047 59877 59198 60729 78239 41860 60731 41861 59032 41863 78415 79098 41868 59039 41869 65160 60061 41871 60063 23003 22834 78258 60242 58713 57353 23522 60244 62626 61438 62629 59060 59229 65180 62633 78784 65186 58558 59239 60093 59415 22865 78800 59250 22702 39192 57892 22534 78805 60107 58748 22709 60109 59429 22711 41921 22542 78642 78643 22714 22544 22715 59775 41757 22547 41758 41759 41249 22550 59441 78653 41764 60294 22894 22555 60126 78655 65055 58086 60298 65058 41259 58770 59451 78321 57412 65061 78154 41775 41777 22567 41781 22741 22572 57592 58783 41786 22746 65076 58787 59466 65077 41788 59978 59471 22581 65081 65082 59983 23263 22754 65083 78175 65085 22756 41456 22926 65087 23269 22591 41462 23272 58463 22764 41804 58974 22765 60167 60337 65268 58979 58641 65103
ap 29
hp 48
t 47342 69358 65958 69615 30685 66556 66812 47265 69537 65967 30693 69028 66649 30526 46761 69627 66312 46850 31382 66317 69123 47876 73377 65983 66749 66240 66750 66241 65905 45083 66844 30464 31400 46701 31405 69318 66173 46879 68979 30475 31325 66261 69066 66857 66517 66772 31412 31413 69324 66605 30480 69241 69071 66267 66438 73153 66694 31334 66552 68990 31420 31336 46638 31340 66360 73416 65936 47237 68997 46897 69338 31174 46900 66195 65857 67132 73167 65858 66708 66625 47755 69431 46057 73172 65956 73258 68158 66289 48099 66290 66800 66632 47933 66296 69611 66806 69272
ap 30
hp 62
t 12493 11260 12362 34041 33323 31666 14072 14669 36387 12364 36605 49823 53053 17056 53139 53055 31637 52888 12980 28834 29301 12982 49703 52892 54382 36618 52853 29139 53917 33858 52813 52899 52817 31652 33865 36502 10536 31743 30214 36504 52867
hp 151
t 32343 25321
hp 64
t 69974 53721 34938 54084 69895 70065 36482 33049 34388 54257 70429 15732 69963 53920 13610 54262 53541 53885 53884 33824 34526 13489 70482 53737 33720 14043
ap 31
hp 46
t 47897 66512 73527 31368 65963 65794 49349 66309 47313 31419 66525 66271 49569 31338 31381 66019 47235 73373 66488 65893 73543 49277 66362 50003 73083 73338 49921 66837 66497 73043 49498 46692 49753 66455 47246 66288 47208 45678 69394 66250 30766 68889
ap 32
hp 381
 39865
ap 33
hp 158
t 13666
ap 34
hp 382
 52475
ap 35
hp 112
t 76416 75396 76417 76418 75398 76419 76420 75060 75230 76421 76422 75402 76592 75403 76423 76593 75404 75232 75573 76424 76426 75406 76596 76427 76256 76597 75152 76428 75237 76258 76598 75409 75238 75579 76260 75495 75666 76431 76261 76432 75241 73797 76262 76602 75158 76433 75582 75236 76434 76604 76605 76436 75161 76437 76267 76438 75078 75248 76439 76269 76440 75407 75250 76441 76271 75082 76443 75083 76444 75254 75766 75256 76191 75769 75770 75261 75432 75348 75774 75693 75183 74760 74850 75701 75191 76128 76468 75704 75025 76300 75195 76471 76302 76473 75198 75029 75454 76475 75201 76477 75202 75458 76479 73845 75211 75217 75389 75560 76157 75392
hp 307
t 55829 55872 39231 56014
hp 265
t 68901 68934 68900
hp 101
t 77646 54825 77096 53339 53424 53340 53425 53426 54064 54192 53344 77569 74892 53685 53430 77061 53388 53431 53516 53348 53603 53433 53264 77787 54922 53350 53392 53435 53351 53394 53353 77791 54246 56201 56116 53396 53354 53397 53355 53398 77243 53359 53318 54806 53532 53321 53407 77590 53323 54811 54812 77764 74916 53667 53328 77595 14780 74324 77810 53334 54992 54099
hp 315
t 39066 55837 39061 39062 39084 55831
hp 273
t 70930 71568 70846 70932 70847 71102 70934 72252 71573 70936 71574 71575 70939 72129 70941 71580 70943 71584 73711 68483 71632 72865 71591 72823 71634 70783 71635 70913 72911 71552 68494 70917 70833 71599 70919 70668 72878 71009 71010 71011 70928
hp 171
t 46833 45728 45304 45135 45305 45732 45307 46838 46671 45144 45059 48036 45147 45489 45320 45240 45157 45072 66067 45158 66238 45074 45329 45330 45245 45076 45416 45246 45331 45842 45164 46609 69560 46610 45166 45506 46611 46612 46613 45084 45085 46615 45086 45087 45089 45090 46620 46621 46623 46624 45810 46625 46626 45777 45097 46627 45266 46628 46629 46630 66184 46634 46805 46635 45106 46806 46636 46807 45276 46637 45107 45532 45873 66786 45281 45452 45877 48002 45453 66107 66787 66194 66108 66789 66790 45202 45203 45373 48008 46648 46649 45289 48009 45885 66201 45121 46651 45291 45462 45122 45123 45547 45548 45124 46824 46654 45125 48015 46655 45127 48017 45130 46832
hp 296
t 79951 63112 64483 64154 67681 68205 71913 75855 63883 63894 63896
hp 292
t 34999 54150 35259 70530 35080
hp 175
t 30003 31449 32172 32044 31749 32177 32730 30564 31926 30651 31758 30573 48551 32448 32451 32154 48135 47839 32200 32115 32626 32328 32456 47673 32076 32290 48397 32164 32079 48315 32038 48572 32464 32210 32124 32466 32509
hp 105
t 80070 80582 80584 79224 80585 80076 79566 80077 80590 80592 80595 79582 75165 80610 80281 80282 80283 75864 80456 79266 80288 80289 80292 80465 80467 80468 76219 76220 75540 80302 80303 80136 75886 80138 80311 79462 79463 80313 79464 80144 79465 80145 79466 80656 80147 79467 79469 80149 80490 80150 80661 79472 79473 80663 80154 79984 79475 79985 80668 79988 79479 80501 80671 80162 80672 79993 80164 80333 80336 80678 80679 80681 80172 80682 80173 80517 75587 63518 80008 79499 80519 79669 80520 63521 63522 63523 63526 80016 80017 63528 79678 80018 80019 80020 80021 80022 80364 80024 63705 75776 80025 80366 75777 80026 75778 80028 75779 80029 75780 80030 79521 80031 75782 79522 75783 79523 80033 80034 80205 80206 79526 80546 80547 80036 80376 75788 80548 79528 80037 80377 80379 80038 80039 75790 75961 80041 80042 79533 80044 80045 79536 80556 79537 80047 75800 80050 79541 79542 80052 79543 80055 63566 63736 75977 79548 79550 80060 80061 80063
hp 225
t 53824 54375 54336 54348 54539 54380 54381 54360 54286 54712 54627 54542 54553 54343
hp 255
t 62837 62824 64413
hp 169
t 46933 48272
hp 219
t 29366
hp 218
t 49893 49653 49475 49535 31154
hp 84
t 23118 58989 59839 58650 58651 59673 65275 78714 78717 78719 57470 39110 57812 60365 60367 22968 58672 57992 22974 58678 59360 58510 78402 59705 59535 58006 58687 59707 61409 59030 58691 41864 58016 58017 61419 78592 60233 57685 78595 60240 78771 78601 60243 57694 59567 57528 78610 57701 57702 57703 59063 57533 78613 78614 58895 57707 78788 78619 78790 78791 78621 58902 78454 78795 78628 78799 78630 60108 60278 78639 78640 78811 65043 78305 58416 60286 65046 58419 22549 60121 59442 58422 65052 22723 22556 22557 78657 60129 22559 22730 60130 78659 78830 58091 78152 78153 78663 59794 78664 57755 65066 55549 78672 22913 78673 22914 78675 22916 65247 22577 57768 22917 64910 22580 57431 65251 78681 78172 57772 22583 57434 22924 23265 57776 65256 23267 23268 57779 22929 58800 58632 57443 22932 65265 58635 65266 58976 57447 57787 58978 23279 59659 22939 58980 65270 58981 57452 78701 58642 57453 65102 22943 65272 65273 58644 57624 59664 58645 65277 58987
hp 333
t 68852 66855 68853 69236 62351 67410 61545 68856 69281 69366 66689 69154 68943 68903 45063 61767 68995 69038 69166 68146 69039 62155 68959 45968 69344 67474 66839 69220 69264 61572 69606 68969 69139 69055 69056 69016 69314 69357
hp 319
t 14362 14702 33828 33150 14536 33238 14370 56785 14372 33244 14629 14375 14546 33590 56965 14636 14554 14616 15323 14617 33684 33260 33770 33091 14482 14484 14400 40496 15338 17464 15172 14748 14410 14412 14413 14414 14588 14419 14759 33631 33716 14762 33122 14422 33803 14594 14340 33040 14682 14768 14343 33468 14769 14770 14516 14686 14433 32879 33134 14774 33135 14690 14691 33051 14778 14779 14694 14695 33651 14781 14696 14356 17162 14357 56773 14358 14698 14699 14700 14701 14447
hp 267
t 36017 36272 35936 36022 35937 36193 36108 35939 36194 36109 36025 36110 36196 36027 35965 35947 51799 35948 35863 35928 36016
hp 100
t 75394 77689 77774 74884 74886 77777 77692 77778 77779 77694 74124 76931 56108 75064 77104 77614 74895 75746 74896 74897 77108 54838 77110 74901 74902 76942 77709 74990 76860 74907 74909 75080 74910 74996 77719 77720 80953 77724 77639 74920 77640 77641 77812 74752 74753 75178 75436 77731 74756 74757 74842 75439 77734 77820 74761 77821 74931 77822 77057 77823 81138 74933 77654 77655 74852 77658 74853 74770 77745 79020 74855 74856 77152 74857 75368 75028 74858 77069 74773 74859 74774 77154 74860 76474 77155 77665 77072 77156 74862 74777 77668 74779 77074 77669 53445 77076 74781 77162 53364 77674 77166 77167 77592 77083 77678 74873 74958 77679 74790 77680 77766 77767 53375 77770 74880 77771 77686 69781 77687
hp 268
t 71738 71739 75820 72080 75821 75822 75823 76164 76165 72086 71747 75827 72087 76168 75828 72089 76170 72090 72091 76513 72093 76514 72094 76516 75836 75837 72097 75838 67678 75839 76520 72101 72102 72442 75843 72103 79924 72104 75845 71426 71427 72107 75848 71768 72108 71430 71432 71433 75854 72114 72115 79937 72118 72119 71440 76201 79942 72122 79943 71443 72123 71444 75865 71445 71446 71447 72127 71448 72128 71789 71790 71450 71452 67713 71453 67714 71454 72134 71455 67715 67716 72817 67377 71798 72818 72138 72139 67721 72142 71464 72144 67385 72145 72150 71811 71472 71473 72153 72154 71475 72155 71476 71478 75559 68420 71823 72163 71484 72164 71485 71486 71487 72167 71488 79990 71490 79991 79992 72173 79994 71834 79995 71155 79996 72859 71843 71504 71506 65728 71511 71514 71515 67779 71863 71527 71528 71531 80032 80035 71875 72556 67800 67802 80043 71885 80046 72568 71549 71890 67812 71893 71895 71896 71898 67821 71901 71902 67823 71903 75815 71905 71907 71909 71910 80071 71911 75817 80074 71914 71915 80078 76338 80079 80080 76002 71922 80084 67164 76006 80087 71590 71592 80093 80097 71937 71938 80099 71939 80100 76024 71945 76025 76026 80107 76027 71611 72292 71952 71953 67879 71960 72304 71970 71982 67905 72331 72337 72338 72339 72342 72003 70983 72343 71664 72346 72348 72349 72352 72353 72354 71675 72355 72359 71681 71682 71683 71684 72364 71685 72365 71686 72366 71689 71690 71691 72075 72032 72033 72036 72038 72380 75781 67621 72041 72382 71702 67622 72042 72043 75784 71704 72384 75785 72044 72045 72046 73066 72047 67628 72050 67631 75792 72052 75793 72053 75794 75795 72056 75797 72057 71717 75798 72058 75799 71719 72060 75801 75802 75803 75804 71724 75807 71728 72069 72070 75810 75811 72071 75812 71733 72073 75813 71734 72074 75814 71735 75816 72077
hp 298
t 79388 63408 63409 79389 79390 64600 79391 63411 63413 78713 63414 78034 80755 78036 78037 79399 78039 79400 79401 78041 79402 78042 79403 79404 78044 79405 78045 79406 78046 78047 78048 79408 79409 78050 79411 78051 80772 78052 79412 78053 78054 78055 78056 78057 78058 78059 78060 78061 78062 78063 78064 78065 78066 77896 80787 78067 78069 78073 80794 80796 77907 79611 79273 80808 80812 80822 64513 64515 63329 79480 63330 63331 64183 63333 63336 64187 64528 64535 64536 64537 64029 64543 76613 64551 63363 63365 64557 64559 79520 64900 64733 64735 64906 63375 64736 64737 64908 64739 79360 64911 63381 65252 64742 63382 79363 63383 64575 64745 63387 64747 79367 63389 64921 63391 79371 79372 65263 64583 80734 77846 79376 79380 79381 65101 79382 77853 79383 79384 79385 79386 79387
hp 257
t 36106 34630 34066 36071 36019
hp 224
t 55170
hp 291
t 64184 63419 64121 64112 63328 64572 64168 63917
hp 76
t 65193 64938 62559 65195 41820 64516 67576 64772 41822 64773 64858 65028 62649 62904 64775 42504 65200 64861 62651 64946 65202 64862 65205 64866 45911 41832 64698 41833 64869 41749 65038 61811 64871 65381 64701 65467 63171 64872 64874 62239 62665 64960 66151 22800 62158 22718 22719 62669 64880 62245 64881 41846 64883 65139 45930 22641 65396 64971 22642 64888 62848 65059 64974 65145 65230 45935 64890 64891 62853 41946 62858 78754 45350 62868 62529 62530 62622 61860 62625 22846 41889 64925 61950 65181 65182 41977 64929 41981 65187 41982 22688 22689 41729 65191 61877
hp 308
t 55541 39068 40167 39158 39085 39016
hp 249
t 62874 63230 62864
hp 232
t 54201 54029 54066 54025 34980
hp 259
t 70462 51253 51465 51254 51255 70210 51425 51257 51259 51386 70937 51217 51600 51303 51261 51263 51433 70134 35157 51223 51224 70519 51225 51352 34864 70436 51270 70141 70611 52123 70442 70145 70146 70402 36105 51321 51280 70405 52089 51367 36026 51581 52091 51327 70283 51370 51371 70115 70457 51291 70246 51249 71012 35227 51250 51591 51252 70759
hp 113
t 75648 76158 77009 77010 75651 77012 77013 77014 77015 76930 69705 77016 77017 76932 69792 77018 76933 75659 77019 74894 77020 75405 77192 75069 75664 74899 75665 77113 75668 77028 76943 75669 77029 76435 75670 75755 75671 77031 76861 75672 77032 76862 75673 77203 77034 75674 75675 77036 75676 77037 77038 75593 77039 76447 77042 75767 72538 76449 77045 77046 75772 75687 75773 69824 75690 76371 75692 75694 77055 75695 76461 80626 76802 69832 76803 75104 76465 75700 76466 76127 77062 75703 69838 75533 76384 76469 76809 75705 76385 76470 75706 75026 69840 76301 75708 75709 75711 77157 75712 76156 77242 75713 77244 76993 75039 76229 75720 76145 76995 76232 76149 76234 76406 71053 75728 76154 75729 75730 76836 75731
hp 235
t 76838 69784 76924 76843 77186 76848 77188 76849 69795 76850 69796 76851 77191 77531 76852 77617 76853 77193 76854 69800 76855 77621 77196 77792 76857 77197 69633 76858 77794 76859 77199 69805 76863 77634 77549 53410 77551 76872 69735 76875 77132 77302 69737 77048 77813 77814 77049 77134 77815 77305 77307 77818 77819 69745 76974 53514 69836 69751 69837 77232 76892 71200 77237 53437 77238 77749 56158 69760 77241 77158 76818 69763 77245 77161 76906 77163 77504 77505 76826 77677 53452 69772 76829 76914 69774 76830 77510 70627 77597 77088 77003 77514 77089 77599 77176 77091 76837
hp 231
t 53888 53804 53890 35785 53720 53891 53551 53976 53977 77522 53979 53894 54662 54067 54068 54069 53732 54073 53904 53734 53735 53736 54076 14637 53738 53909 53994 54079 53910 53741 53912 54081 53742 53913 54167 53743 77375 53833 54005 53924 34544 33270 53755 53586 53926 17036 53928 53588 53589 14490 53845 53846 54017 53933 53934 53594 53595 54105 53597 53598 53599 34988 54284 54031 54032 54033 53608 54035 54036 53698 53699 53700 53701 53617 77247 53618 54383 53703 53619 53705 53620 53621 53876 53708 53623 53709 53624 53710 54050 53711 53626 13847 53628 53968 53969 13851
hp 339
t 49723 52358 50406 52361 50321 51175 52709 52540 31630 50330 53136 29591 51182 51183 50418 52289 52374 50420 52375 50336 52379 50342 51108 50259 50429 52384 50430 50774 52474 50775 51117 52393 53074 50781 52992 53077 52993 53119 50783 52994 53079 52996 49683 30219 53084 29625 53085 53003 53173 53088 53174 53089 30225 53175 53090 53007 53092 50288 53178 53093 53094 49694 53095 50292 51142 53097 50293 53098 50294 50295 53101 28792 28877 50382 10433 28878 53103 51148 50299 53104 51151 53108 53109 53196 53111 50391 53197 53198 49713 53113 53199 49714 53114 50481 53116 53117 49717 52353 50483 52354 49719 50400
hp 306
t 61418
hp 266
t 35934 35956 34681 36192 35920 36111 36197 36069 36198 35944 35904 51821 36203 36054 35927 51803
hp 109
t 79729 81769 79732 79733 79734 79736 79740 79741 79742 79743 81786 81788 79264 79777 79270 79104 79105 79787 79108 79109 79110 79111 79621 79112 79113 79114 79115 78945 79117 78947 79118 78948 79119 79120 80990 79121 79122 79123 78955 79126 81335 80996 79639 79641 79642 79813 79816 81346 79817 81007 79818 79138 79647 79819 81861 79652 79653 79825 81866 78976 79827 81868 78979 81870 79661 78982 79662 78983 79323 78984 78985 78986 79157 79158 78988 79159 81368 78989 79160 81028 78990 81881 79161 81031 79162 81882 78992 79843 79671 78993 79841 79164 78994 81205 79165 81035 79163 78995 78996 79166 81036 81034 81208 81037 78997 79167 81038 81209 81039 81210 78999 81891 81040 81212 80532 79002 81213 79683 79514 79003 81046 79688 79690 81051 79011 81052 79863 79013 79015 79695 79868 79869 79870 79871 79021 78852 79023 79706 81029 80898 79709 81030 79711 79033 79840 79034 79037 79038 79039 81032 79213 79842 79724 79725 81033
hp 98
t 79770 80345 80516 79687 79518 79773 79539 79540 75461 75441 74783 79352 76464 75380 79674 79441 80525 79527 75468 80464 79615 79531 75281
hp 264
t 73646 72824 70950 71561 70951
hp 106
t 74288 56269 74459 74290 74292 74973 74463 74974 77696 77697 56109 77700 74982 74985 56115 74306 74987 77707 56117 74988 74308 74310 74480 74481 74992 74482 74993 74483 74994 74484 74995 74485 74316 74486 74317 74487 74998 56127 74319 74489 75000 74490 74830 55624 55626 77727 55797 77729 55801 74165 74337 54789 54794 54796 56160 56162 56164 55484 54805 55486 77759 75049 74029 74711 74374 56184 54826 74381 56191 56192 56195 56196 56198 56199 74050 56202 56203 56208 56209 56210 56211 56212 56213 56214 56215 74915 56216 74067 56217 56218 56219 56220 74240 56221 56222 56223 56224 74247 74248 74249 74252 74256 74257 56238 74258 74429 74259 56070 74430 74261 56242 74093 74262 74263 56244 56245 74266 56247 56079 56249 56080 74269 56250 56081 56082 56252 56253 74274 56255 56086 74276 74277 56259 74279 74280 74284 74795 74287
hp 277
t 72652 70953 70954 72569 76522 72570 70979 71638 76527 70940 76167 71962 71537 72621 72643 76510 76531 72622 71667 75874 72623 75832 71498 76174 76196 76175 70949 76517
hp 338
t 50234 50574 50659 50496 49306 49224 49479 53050 50670 50671 49397 49398 50844 50846 51187 50677 49233 49234 51700 49236 49406 49237 53067 50689 50180 49160 50181 50352 50183 50608 50353 50693 50609 50354 50865 50610 50355 50611 50356 49422 50357 50613 50273 50358 50529 50614 50359 73650 50360 49171 50786 50617 73482 73653 49258 73483 50874 50363 50364 50620 50281 73656 73571 50452 50285 49266 49351 73662 50287 49352 50712 49268 50716 50718 49358 50719 49785 50720 49276 49872 49874 50980 49365 50725 50643 51153 50728 50645 49880 50730 50476 49882 50732 50648 50478 50819 50737 49888 50231
hp 294
t 79998 63435 64175 64664 67587 63937
hp 179
t 47812 49639 30770 31195 31112 47518 47349 47565 47820 31034 47483 47950 31165 47357 31166 47912 31212 47362 47112 49662 47113 47496 47114 47159 47117 47500 30967 47119 47207 47166 47506 47167 47210 47550 31060 47212 47171
hp 318
t 57543 57799 57459 81855 57715 57376 57377 57973 57464 57466 58062 57722 58318 57643 58238 57389 81871 81362 81277 57565 57822 57655 57656 58000 58001 58937 81379 57751 79087 57754 81809 57502 81815 57506 58357 57507 81308 39744 81227 59042 57767 59129 57600 59131 78342 58283 57603 79046 57520 57606 57521 58032 57777 57522 58033 81833 57523 57438 57439 57524 57525 81836 57526 57786 57531 57532 81843 57448 57704 57619 81590 57705 57450 57451 57706 81846 57366 81761 81762 57708 81678 57709 57455 81850 57711 81766 81852
hp 78
t 41478 41138 64939 65451 42501 41654 41824 41485 41656 41487 22787 65120 22790 41831 23471 65122 22792 64783 23472 65123 41154 22625 41834 22795 65126 23476 41157 22798 65131 22632 41842 22633 22635 65476 65136 65478 41848 42528 42529 23320 22981 41851 65482 22813 65147 41858 42204 22656 41866 22657 64987 22658 22827 41528 22659 41529 22660 22661 22662 41532 22663 22832 22833 22664 42723 22665 22835 22666 22836 22667 22837 22668 65168 22838 22669 23518 22839 22671 22672 42732 22843 22674 22844 22675 22845 22676 22677 22847 41888 22679 42569 22680 23529 23530 22681 41891 22682 22683 22684 65184 41894 41384 65185 22686 23536 22687 42238 65189 41899 41730 22690 64851 22691 65361 22693 65363 22694 22695 41566 22697 41739 41569 22700 41570 22701 41742 22703 41744 23384 41745 22535 22706 65036 23387 41577 22708 65037 41579 22710 22881 41585 22716 41756 46006 22717 65047 41761 41593 22893 65394 41767 41257 41428 41938 59449 41770 22734 22565 41945 41778 41268 41780 41951 41782 41783 20704 41785 59127 41789 41790 41791 41111 65084 41796 41799 23439 45371 23445 65435 41975 41807 64928 41978 41980 41983 64934
hp 269
t 72084 72085 71748 72430 68353 68357 75840 75841 72445 75846 70746 75851 68371 75852 68374 75856 71437 75859 71441 75867 68388 68391 71451 68399 71459 71801 71122 71474 68416 71136 71477 68419 75902 68422 71825 68425 68428 71489 68429 71491 68432 72172 68433 71493 68093 68434 71494 71495 71496 68437 71497 67077 68438 71499 68440 71500 68441 68443 68444 68445 71505 68446 68447 71507 71508 71509 71510 71513 72194 71516 71517 68458 71518 71519 72200 63701 72201 72202 68463 72203 68464 72204 68465 68466 68467 68468 72208 68469 71529 72209 68470 71530 72210 68471 72211 72551 72212 71532 71872 72213 71533 71874 72214 71534 68475 72215 71876 72217 72218 71538 68479 72219 72220 72221 72222 72223 71884 72224 71886 71548 72908 72909 72910 72230 75971 71551 72231 71892 72232 72233 72234 71894 75974 72235 75976 71897 75979 71900 72241 71562 72242 72243 68504 72244 75985 71906 75986 68507 75987 71908 75988 75989 71569 75990 71570 75991 71571 75992 68512 71912 75993 68513 71572 75994 68514 72253 68515 72254 72255 68516 71916 75996 71917 75997 68517 71918 75998 71919 75999 68519 76000 68520 68521 71581 76001 68522 71582 76003 71583 68523 76004 68524 76005 68525 68526 68527 76007 76008 71588 76009 71589 76010 76011 76012 76013 71933 76014 80094 71594 76015 71935 71595 80096 76017 67178 76019 76020 71600 72280 76021 71601 72281 71602 76022 68202 71603 76023 71604 80104 80105 71605 71606 68546 68547 72287 76028 76029 76030 71950 76031 71612 71613 71614 71615 67876 80120 80121 71621 70942 72302 72303 70944 71624 80124 71625 71626 71969 67213 68574 70956 71981 71983 72328 72329 72336 68267 67248 71668 71669 71670 70990 71671 72351 71673 71674 71676 72356 71677 72357 71678 71679 72362 72024 72037 72386 75809 72411
hp 248
t 64898 64901 64531 63239
hp 226
t 35128 54053 35023 54202 54028 54200 54115
hp 234
t 53593 53680 53596 53257 53600 53601 53347 53262 53517 53432 53688 53263 53689 53691 53606 53609 53610 53611
hp 272
t 68486 67126 71559 68473 71560 68586 68490 68461 67134 68569 68506 68188
hp 69
t 31702 53122 31023 49724 31535 30260 30091 30857 29753 47348 31029 29755 31030 47350 50410 50411 30101 30867 30102 31719 30105 50421 53142 31046 47281 28838 31734 31649 29696 49844 49674 31655 49675 49676 49678 31660 30217 31152 49767 49682 31153 30813 31663 31665 29285 31581 53002 30904 30735 31671 31077 29378 6006 31676 31677 30743 29383 50380 31600 49705 31604 30754 31610 31612 31697 31700
hp 317
t 57714 57672 57758 57460 58311 57800 57717 57801 57802 57719 58314 57678 58273 58316 57636 57805 58232 58275 57638 57807 57724 58276 58234 57682 58233 57683 57727 57687 57688 57646 57689 57690 57695 57445 57700 57660 57664 57665 81552 57667 57710 57625
hp 246
t 61674 61570 65192
hp 279
t 42583 42499 43818 62050 43903 62519 43989 62520 43820 43947 62139 62140 42505 62059 43954 42685 62618 43794 43964 43965 43796 43839 43967 43288 43802 43886 43804 43934 43935 62636 43810 43896 43815 44025 62046 43857 43899
hp 68
t 49658 49443 49659 49958 49959 73525 49661 49620 49645 49985 49434 49477 49478 49267 49480 50011 49332 49227 49652 49484 49485 50123 49615
hp 119
t 77050 77603 77053 74928 77011 76800 74930 76801 70639 53427 77610 76804 76846 76805 76847 76806 76807 76808 76811 76812 77067 53352 77239 76816 76817 76819 76822 76865 76867 54258 76827 75679 76869 76911 77591 76870 76873 77044 76874 77047 75775
hp 332
t 19123 34763 34807 18190 17808 33363 18957 17470 34642 17048 33369 33795 34647 33968 17690 17138 34650 33970 34055 51141 33802 13233 17143 33846 34059 33847 33933 34655 33934 33935 10476 35382 10478 18214 14730 17749 34197 34072 33903 33948 18947 33907 34077 34631 33398
hp 297
t 33488 34168 17168 33489 17850 17851 34511 18191 33154 33494 16834 18367 33838 33499 33839 17689 19561 33501 18201 33842 33161 17181 17866 33171 17872 33512 33513 33855 33175 17025 34196 17877 14478 17028 17029 33180 18221 17711 18222 6664 33185 33186 17206 33527 16867 17037 33187 34208 17208 33189 33359 33530 33360 34211 33531 34212 33194 33195 18237 34558 17728 34221 17051 18242 16884 14509 18249 33719 34230 18419 17060 18252 18255 33216 33217 33218 18258 17068 33219 17919 33220 18260 33221 33223 17753 33394 6025 17415 34246 18267 6027 33228 33229 18269 18270 33400 18272 34252 18273 6714 6035 18955 17767 18278 17768 34429 34430 18281 18282 33412 17773 34264 17094 18285 34435 18286 34608 17778 18289 14720 33592 33593 17783 33423 14724 34277 15067 34278 34448 14559 18301 17791 33265 14395 34287 33097 34120 33441 17461 17802 33443 17803 15084 14405 18317 17468 14408 33485 19000 33453 33455 19014 14764 14766 34151 33472 17833 34154 33814 34155 33476 17843 18354 33144 17845 33487
hp 172
t 49852 49810 49853 49854 49855 49815 49603 49604 49688 49646 49606 49690 31123 28832 31681 49830 31682 49831 31683 31684 49832 49834 49835 49836 49624 49625 49837 49838 49839 49754 49756 49842
hp 123
t 79430 78070 79431 79474 79643 79433 79476 79434 79477 79435 79436 79394 79437 79607 79438 79439 79609 79440 79610 79443 79613 79444 79571 79446 79361 79447 79448 79449 79407 79450 79451 79452 79216 79453 79455 79460 79424 79468 79426 79638 79427 79428 79429
hp 173
t 30728 50026 49984 50027 49986 47140 49987 49989 49990 49991 49482 49440 49993 49442 49953 49655 49954 49486 49995 49996 49656 49657 50168 49487 49617 50169 49999 50170 49618 49660 50005 50006 50007 49626 49628 30760 47209 50014 50102
hp 335
t 66638 66298 45219 45220 66300 66301 69362 45222 66644 66645 66647 66648 65968 66651 66653 66654 45236 69377 69380 45241 69384 66664 66665 69388 66670 66675 66679 66680 66681 45261 69402 45265 66688 69410 66691 45951 47994 47995 66697 66699 45280 45282 45283 66704 48004 66705 66706 45286 66709 69089 66710 66711 66712 46652 66713 48013 45293 66714 48014 45295 66716 48016 66717 66718 69438 66719 66720 66721 48021 69442 66723 66726 66727 48027 66728 69448 66048 66729 66049 66730 69110 46670 69451 66051 66732 48032 66733 69454 66736 69456 48037 66739 48039 69460 69461 69462 69467 69468 69469 66069 69472 66752 66753 66073 66754 69474 66756 66757 66077 69478 66758 69479 66079 66760 66080 66761 69481 69482 66082 66083 45343 66764 66084 66085 66766 69486 69487 66768 66088 66089 66091 69492 69152 69493 66773 66774 69494 69495 66095 69496 66096 69497 69498 66098 69499 69500 66100 66781 69501 66101 69502 66102 69503 66783 66103 45363 66104 66105 46046 66106 66109 66110 66111 69512 66112 65955 66114 69516 66116 69517 66120 66122 66803 66124 66125 66126 66128 66129 66810 66130 66131 66815 69536 45056 45058 69538 66138 69539 66139 45060 69540 66140 45061 45062 66823 66144 66145 66826 45067 66147 69209 66150 45071 66153 66154 66155 66156 66157 66158 66159 69561 69562 69563 69568 69569 69570 66170 68890 69571 45091 69572 68892 66172 69573 68893 69574 66174 69575 68895 68896 69577 69578 69580 69581 69582 69585 69587 69247 68908 69250 68911 69592 68912 69593 68913 69595 69605 69607 69608 68928 69609 68929 69612 45132 69613 69614 69616 45140 69622 68944 66224 68945 69626 68947 69628 45149 45150 69630 68950 45151 68951 45152 68952 68953 45154 45155 68955 45496 45498 45500 45161 45162 45163 45165 45168 66248 66249 66252 66593 66253 45174 66254 66594 45175 66255 45176 66596 45177 66597 45178 66598 45179 66600 66635 66603 68983 66266 65929 65930 66624 45892 66633 66295 66636
hp 290
t 64556 79410 63410 64538 78797 64181 78079 64756 65246 63334 78040 65250 63339 64573 64595 64532
hp 178
t 73398 31918 30687 50032 50034 49992 50036 73199 50122 50037 50080 73371 50081 49616 50083 49956 49957 50043 50044 30707 50002 50004 50091 49965 50008 47844 50096 50097 50098 50013 47593 50100 50015 47594
hp 299
t 63918 63919 80836 64176 63326 64177 64178 63242 76588 64179 64180 77950 64096 63246 64099 64185 64186 80847 63337 64107 63513 64194 64195 64197 64114 64115 79927 64118 63524 64205 64120 64206 64207 64123 63872 63873 63875 76547 63376 63888 63548 63549 64144 76639 76132 80724 63895 63897 63898 63899 64240 64156 79882 64157 64158 64159 63905 64160 80309 63906 64161 63907 63908 64163 63909 63910 64165 63911 64166 76576 64167 64169 64170 63916 64171
hp 176
t 29865 29900 29849 29850 29868 29827
hp 328
t 51762 50998 51679 51765 50660 51766 50661 52447 50747 51767 50663 50749 51089 51769 51090 51771 51091 51772 50668 51774 51775 51184 36225 36055 50847 51869 51699 52465 36061 51021 52467 49325 51025 36066 50687 34707 35902 51713 51884 36244 34715 51801 51802 36077 50275 50445 51720 36761 50361 36087 51729 50540 50795 51135 35921 50626 51731 35922 36855 51732 36092 36093 35924 35925 36265 36860 35926 36861 51652 51143 36778 50464 51825 35931 35932 49278 36188 51743 36104 36020 51150 50982 51152 36107 50983 50472 50984 70194 35940 35941 50731 51667 52432 36029 36199 35945 35946 52437 35950 51760 35951 51761
hp 283
t 61497 61879 42632 61762 62145 43190 61764 61851 43193 62066 43112 43198 62069 62112 43837 62071 43797 43329 61520 62073 43799 62074 62160 62078 61866 62122 43805 61869 43808 62168 61871 61661 62300
hp 227
t 73601 51363 70414 70139 71095 70447 51366 71492
hp 322
t 64514 79601 78327 78924 79649 78884 79310 79481 79225 79355 79059 78379 78210 63293 79233 78217 78858 78946 78224 79755 78268 78609 64585 78186 78187 64759 79593 78361 79765 78873 78407 63236
hp 256
t 49380
hp 293
t 50743 51594 51596 51597 51937 51938 51258 51598 51599 51260 51218 51262 71280 70898 51221 51945 51946 52158 51227 52034 52036 51527 52080 51018 52081 52039 52082 51955 34872 52084 52085 52043 70914 52086 52087 52088 52131 71384 51665 52090 52133 52048 52134 35560 36028 70157 52052 52095 70158 52053 52054 35353 52055 51716 71096 52143
hp 321
t 61622 61453 61623 61454 61624 69019 61542 61458 68768 69023 61629 61715 68855 61885 68770 61631 61546 67497 68772 61547 68773 68859 68690 68691 61637 61723 61568 61739 61569 63016 67522 61573 61830 61575 61662 61577 61494 68977 68807 61668 61583 61584 68810 61585 68981 61841 61586 61842 61673 61588 61590 67542 68732 61595 68993 68656 68996 61536 68998 69001 68832 68663 69003 69005 68666 67478 68838 61444 61445 69011 61446 61447 61618 61620 61451 69017 61452
hp 289
t 77246 76810 77159
hp 258
t 34083 33404 34467 34510 34468 33959 34044 18321 33365 33833 34176 34137 33840 34138 33841 34267 34054 33927 32824 33888 33507 34231 33891 34529 34232 34276 34532 34150 35510 34152 33473 33390 33178 33859 33861 33393 34543 33353 33483 33442 33145 33231 34166 34209 34167
hp 295
t 68933 61625 69020 61456 69021 68937 69022 68769 69024 69027 61719 68946 61551 69032 62403 69033 68949 69034 68954 62409 69125 69040 68956 69041 68957 69042 68958 69044 69045 67520 67524 61574 69054 67525 68970 69313 61578 61834 67444 61579 68976 61581 61837 68978 67534 69064 67535 69320 69237 68812 61587 67455 68731 68818 68992 67462 66698 67549 68994 68910 69080 61857 68999 69000 68661 68662 69002 69004 68664 68665 69345 69346 69006 68667 69007 68668 45208 69008 68669 69349 67479 68670 69010 69012 69013 61448 69014 69354 69015 68931
hp 329
t 35910 52442 36080 35911 36081 52444 36082 52445 36040 35914 36084 34810 36085 35877 51092 34774 36049 35923 36050 36051 36094 36052 36053 52416 51099 51779 51737 51739 34103 52464 52466 36063 51111 35387 52304 34753 35859 34797 51712 51800 51715 51758 35949 35907 35909
hp 177
t 30002 31193 47854 30004 31450 30005 31451 32132 32047 30518 31453 32134 30009 48284 48369 30010 30521 30690 32051 30691 30011 30012 30692 32733 30013 32055 32481 32056 31547 32737 30612 48294 32741 30193 32743 47194 32744 32150 32745 31131 32151 32746 30706 32067 30624 47115 31900 32752 30627 31903 31393 48139 31394 30630 47632 30719 30465 31825 30466 31826 30467 47722 47638 47809 47810 31830 31236 31151 48323 31920 32008 31841 31247 32182 30567 31757 31928 48249 30569 31759 30485 30571 30486 30656 30575 31425 29980 31426 30492 31427 30662 48343 29983 30664 47495 48347 32028 32029 30500 48350 32030 31861 30672 31863 30503 30673 31864 30675 31186 32035 48356 29995 30506 30678
hp 115
t 74373 74544 74375 74545 74546 74547 74378 74208 81519 74548 74549 74380 74209 74550 74551 55426 74382 74552 74383 74553 81608 55428 74214 74554 56280 55600 74555 74981 74386 56282 74304 74219 55434 74221 55436 74307 55607 55608 55438 74054 55439 81619 74055 74056 74058 74738 74061 74062 74063 74234 74235 81375 56301 74071 81381 74073 74074 74075 74076 81558 81560 74421 74422 81650 55556 55642 74515 74006 81317 55564 55652 74692 74183 55569 55485 74525 55571 74526 81326 81412 74527 55573 81588 74534 74110 74195 81506 74536 74537 74708 74028 81508 74709 81423 74030
hp 334
t 73278 50158 73280 73281 66141 73282 73283 73284 65634 73285 73286 66146 73287 73288 66148 73290 73120 73292 73293 73294 73464 73295 73296 73297 65647 66498 73300 73470 73301 72961 73302 66502 73303 73304 65824 66504 73305 66505 65825 73306 65826 66506 73307 66507 66337 65828 73308 66508 73309 66509 66510 73311 73312 73313 66513 73314 50024 66515 65835 73316 66516 73317 65837 73318 66518 73319 47990 73322 73323 50033 73324 73325 73326 73327 66527 50038 73158 73669 50039 73330 50040 50041 73332 73163 73335 73165 73336 72996 66196 72997 50047 50048 73680 65860 50051 65862 73343 66544 66545 73685 66546 73007 65867 73179 65870 65871 65872 73352 65873 66383 73694 66555 65876 65877 66557 65878 66558 50068 66559 73190 66050 65881 73191 50072 50074 73365 73025 50076 73027 50077 66228 73030 66234 50084 73375 50085 73716 50086 50087 73718 50089 73040 50090 73041 50770 73042 50092 73383 50093 73384 50094 50095 73046 73216 73047 73217 73048 73388 73218 73049 73219 73220 73051 73221 73392 73222 73393 73224 66424 73225 73396 66425 73226 73397 48066 73227 66426 73228 73229 73231 73402 73232 73403 73233 73234 73235 73236 73237 48077 73238 73239 50119 73240 73241 73242 73243 50127 73078 73248 73079 73249 73080 73250 73081 73251 73252 73253 66113 73085 73255 73086 73260 73261 73262 73263 73264 66467
hp 324
t 81258 57629 81344 81259 81770 81261 58313 81264 58315 57550 81350 81776 81267 81778 57468 81864 81354 60360 81781 58322 57642 57645 81275 60366 81872 81873 81789 81790 60285 81791 81877 81792 81793 81879 81795 81710 81371 81797 81798 81373 81799 81801 81547 79847 81804 81807 81808 81895 81555 81216 81726 81217 58352 81812 81727 81813 81728 57503 81814 58354 58356 81816 59802 81817 81222 78927 81818 57508 81819 81310 57510 58367 81745 81746 81747 81238 81323 81835 81750 81241 81666 81242 81243 81244 81840 81670 81756 60251 81842 81757 80908 81596 81589 81844 81845 81675 78446 57535 79042 81677 81254 81849 81256 81597 81767
hp 320
t 79478 79393 79396 64149 79608 79397 79392
hp 104
t 76159 76671 80587 80248 80591 80596 80598 80599 80604 76702 80613 76712 79432 76544 76546 76548 76549 75360 76720 80290 75361 76550 80291 76551 76721 76552 76723 75363 76553 79271 76554 76555 80466 76556 79616 76557 75537 76217 76218 76558 76729 76559 76560 80471 75371 76561 76562 75542 76563 79454 76564 76565 79456 75545 75206 80646 76566 79627 79458 79457 80649 80650 75381 76571 76231 80651 75383 79633 76573 76575 75216 79471 80152 80662 75393 80322 76583 80323 76244 80324 75400 80330 80332 80504 76594 80335 76257 80509 76259 80510 76430 75580 80511 76601 76263 80174 79324 80684 75585 76266 76607 79329 76101 80524 75596 76277 79508 79509 80193 80194 76114 76284 80195 80365 80196 76116 75437 76117 80538 75608 75440 80541 79351 76122 75445 75446 75786 76636 75447 76637 75448 75277 76638 75449 79529 80378 75450 76640 75451 80551 76641 75452 79532 79362 76642 80553 76643 80554 76644 76135 76645 76646 80557 76647 76648 80559 76649 76651 76652 76654 79545 80565 76655 76656 79547 76657 76658 76659 76660 76661 76662
hp 80
t 78373 60015 23295 59340 78380 78381 58831 22965 22967 22976 22807 78401 78742 58682 59024 22644 60384 22985 22814 78915 59706 22986 59196 60387 22987 59195 22988 23329 22990 22991 22992 22993 60053 79093 22994 59034 59203 22995 41865 59036 59206 60058 78759 23511 59049 22670 22840 23520 78260 22841 58881 60241 22842 58882 60414 23524 58884 58885 59056 23526 59057 58546 60246 58887 23527 23528 58888 42568 60247 60250 59061 23531 23533 58893 78786 23028 60258 23539 41051 78792 60263 60266 22867 59080 78632 78292 60276 78808 65378 60279 60280 60281 57901 78641 22882 60282 65042 22884 78815 78304 22885 78477 60287 78819 65051 60292 58932 22895 57746 60127 60297 60128 58938 58943 78155 78325 43987 65068 59461 65071 59462 41612 41784 59804 78334 60144 22575 78336 78167 59980 78680 78341 60325 59136 78176 78181 59142 23273 61864 78184 78185 60170 58982 23284 41477 60347
hp 247
t 61617 68771 68854 61539
hp 270
t 68508 68498 68509 66588 66599 68501 66260 68354 68408 68505 68060 66627
hp 314
t 39380 39388 39383 58210 39389
hp 165
t 32042 31811 32449 32450 32068 8992 32452 32453 32454 32455 32073 32457 9188 32160 32161 32037 32463 32123 32740 32125 31424 32041 31447
hp 168
t 43438
hp 323
t 15043 32809 17169 7395 14705 17171 33831 17172 34342 18193 14539 18194 14710 33241 14371 56703 18283 18199 34183 33505 33591 15062 33253 14386 14387 33088 33259 16854 14729 17111 15072 14734 14735 33351 16865 14740 15080 14741 34547 14402 14742 14743 17038 16869 17039 17465 17212 34553 16874 17214 15091 16878 34304 33629 14590 14760 33801 32867 17058 32784 14772 14434 32796 18176 33222 17159 14782 33230 33146 33827
