ap 0
hp 376
 52991
ap 1
hp 377
 44859
ap 2
hp 93
t 53154 28849 50185 28936 53076 52994 52912 53083 50192 53169 52752 53093 52924 53096 29636 52926 53012 52672 50378 53099 53014 50380 50295 49701 53103 50383 50298 52850 29645 53020 50300 53106 53021 53108 53023 53109 29649 53110 29568 50395 29659 29662 53037 52868 52869 29579 53041 53044 52705 66136 52708 52709 52882 52713 50166 10471 50422 49999 53146 50087 50427 29603 53149 29604 10479
ap 3
hp 36
t 196 1473 1479 1734 1735 1736 28597 28512 1738 69060 1741 1656 1658 26054 1660 28520 45436 1747 26398 68899 68901 45697 42469 1500 43747 43579 49020 26920 26921 45623 45538 45710 45540 43076 236 42483 42401 69177 1433 1688 27103 27614 45720 26936 43426 26937 26766 42493 1610 49041 1699 28562 27458 26269 27460 27123 69624 43700 27043 27468 28574 69631 27471 66913 43710 67003
ap 4
hp 378

ap 5
hp 89
t 28904 49480 49614 53126 50402 49844
ap 6
hp 379
 20431
ap 7
hp 380
 20479
ap 8
hp 47
t 26120 42781 46182 42870 117 28592 26383 26214 120 26555 42790 42791 1737 42455 42796 26309 42799 27075 1746 26397 26483 25974 25975 1750 25977 27082 25978 25979 25980 27255 43407 27260 46301 27091 43071 42818 43755 27436 27096 43334 25655 25656 43761 9338 26511 28551 27193 43429 42837 42413 1702 27117 27288 1788 26268 42929 26270 42338 26018 28585 42084 43530 26537 26371 42691 26201 26542 43543 26544 42779 26545
hp 43
t 28671 28586 26504 27099 43419 27358 42956 26509 26510 27194 26217 26387 43727 26218 42836 43728 27875 43049 27366 26689 26391 43392 43775 26649 43568 26440 26484 43571 43741 26529 43742 43574 43532 28572 26661 27088 26452 43752 43753 27349 27094 27095
hp 39
t 42228 42058 26462 42060 41551 42018 27356 42784 42913 27443 42957 1477 42236 42237 26385 42451 42834 42409 42792 27874 42879 42030 26306 42797 1361 42841 27416 28564 26525 1961 12035 26532 42557 43577 43664 42051 26539 42052 43583 12219
ap 9
hp 55
t 25908 43589 26377 25785 28423 27191 25152 26087 28641 43601 26304 24607 26435 25331 25630 43522 26608 26183 25121 27884 26313 26016 3023 42889 25932 177 25891 26146 27210 26616 26063 26106 26148 26191 26575 25982 26365 25175 26410 24966 25647 25648 27773 43584 26287 27350 24632 27267
hp 59
t 58889 59718 64885 60381 80741 79339 78957 78958 37649 60367 78876 59689 80754 79327 63878 80369 79030 79498 79734
ap 10
hp 90
t 53660 53366 77295 54047 54856 74280 53881 35012 34928 35822 34929 55032 34972 53504 34931 35782 55034 53717 51423 32978 34976 77352 51427 35702 53851 53894 34939 34982 53895 34941 70558 54025 35028 34943 53729 53900 53815 54028 77363 53903 54499 34906 54160 34992 53523 54033 35036 34867 54162 54077 54035 54078 54036 54079 53869 54634 51450
ap 11
hp 156
t 8130
hp 155
t 48497 49093 25464 32372 48545 25511 48738 2860 2883 2309 8472 2692 48550 48425 2844 25476 48511 2485 48471 25563 48386 2530 26352 2318
ap 12
hp 381
 57087
ap 13
hp 382
 29627
ap 14
hp 363
t 18428 14937 17541 19540 7724 14950 7725 17881 14951 19533
ap 15
hp 61
t 78204 59759 59696 78248 78185 64545 59680 59340 59701 78000 79360 79363 59665 59707 78238 59581 77983 59751 59666 79393 78047 78473 78198 79453 60413 59671 59672 77905 59714 79605 59653
ap 16
hp 383
 16383
ap 17
hp 384
 73727
ap 18
hp 38
t 74528 58549 60036 79078 58721 39259 57406 58724 59745 58388 81552 58986 57499 39777 59880 81130 38970 60093 58691 60222 58649 58079 59886 60184 59717 57509 59865 58956 60188 39321 58107 59722 59894 39284 59685 59175 58837 74225 59693 81325 60415 81624 58419 59057
hp 50
t 59866 60038 59104 38959 55365 60040 59871 78489 77981 81212 59113 60048 57500 57757 59712 35317 58098 60394 59885 51641 74677 55297 55553 35238 57849 55383 55554 55386 81312 81482 60403 58703 58363 59724 60406 58113 59900 59901 59731 58968 57779 38570 55571 58375 59736 57528 74529 59145 58297 59147 61358 57451 58217 55412 57709 57540 59070 19376 35187 59669 56185 58226 57461 55592 59673 60183 81435 19388 60189 60190 59684 57474 58411 19312 74653 6569
ap 19
hp 139
t 48737
ap 20
hp 143
t 32447
ap 21
hp 385
 32719
ap 22
hp 386
 78846
ap 23
hp 387
 73662
ap 24
hp 44
t 42611 42612 42443 45418 27398 42615 1475 69560 1648 46443 42619 45424 43386 43642 42794 28601 68976 1657 68892 1403 69574 68982 42803 42378 69409 42465 45272 42807 42355 69413 68903 42693 27424 68905 1501 28531 42642 26917 28532 43832 42388 42474 43494 27090 45536 69082 26922 45282 46048 42481 43416 45541 27861 27097 26928 43502 27438 26929 26503 69090 27101 42741 43081 67561 26508 45549 28550 42662 27617 69607 27363 26939 27619 42410 43602 27622 27197 27624 26690 43265 27625 46410 69106 42840 26776 69616 27627 27457 43352 42842 42334 26949 47434 27120 26526 27461 69112 27632 27122 45568 43360 69455 69115 27890 26956 26957 69457 27298 27638 45404 27639 27640 27130 42262 27642 27643 27898 42773 27134 42775 26712 42267 43032 43713 28584 43035
ap 25
hp 81
t 51706 50856 51707 50857 51708 50858 50860 52051 51201 52052 51202 52222 52223 51203 51544 50866 50868 50869 70930 50870 52062 52063 51384 50874 50876 50877 70428 51557 50878 51562 51566 70437 69929 52080 69932 52083 51575 52087 70450 70452 52094 66034 70121 51934 70295 70298 70641 50752 50754 50756 50757 49228 49399 49229 49230 50763 51444 50766 50768 70489 51619 50772 50773 51455 50777 51457 50778 51458 50779 51460 70840 51462 70332 50783 51464 51976 52147 51977 51468 51298 51470 51981 51472 51984 51985 50796 51986 51987 50798 51988 51989 51480 50801 51481 50802 51482 50803 51483 51485 51487 51997 52168 52169 51999 51490 52171 50815 70536 50817 52178 50818 52179 52009 50820 52010 50822 50823 50824 51504 50825 51506 51508 52043 50658 52189 34169 76838 52020 52191 51001 51512 50832 50833 50663 50837 52198 50838 50839 77359 52029 52200 52030 51521 51522 52203 51523 50843 50844 51524 77534 51525 50845 51526 50846 51696 51527 51356 51357 50847 52210 51701 51532 52041 51702 52213 77372 51703 52212 50855 51705
ap 26
hp 388
 54076
ap 27
hp 46
t 58420 81457 81543 79759 81545 39133 81043 81045 59116 73822 80962 81557 58183 74163 81559 58271 57593 58188 39658 74170 79780 58276 81396 58277 58278 81228 58959 78936 58111 81062 74687 58114 73841 81236 78516 81152 81408 79794 38994 38995 81412 81157 38997 81414 81076 58126 74532 73854 81505 57705 39005 81165 81422 81423 76663 57708 81508 81425 58220 79301 79728 81684 39864 58312 57634 79736 58318 81268 81269 58235 81270 81016 58066 78893 81023 81620 81536 81538
hp 49
t 81372 57487 81713 81714 81461 58767 81463 58429 74665 58263 73733 81724 77900 73735 58350 57673 58099 79434 58186 81052 57848 57679 79527 58362 81227 58195 39075 57776 79452 38993 58970 39846 81241 58207 81327 81075 74701 57361 57701 81587 81673 81418 74703 81419 81591 39772 55669 78449 57711 58222 81427 57632 54914 58229 58317 57639 55433 80508 58239 58241 80427 74308 74566 74652 79412 80942 74230
hp 62
t 81540 58084 55544 55374 81469 58180 79005 55545 39312 57672 38973 39314 58354 58185 39315 81390 81901 39488 58189 58359 58275 58360 39406 58361 74087 58279 38985 38987 81063 39073 38988 81574 57689 79789 57862 39162 38992 57777 39588 57693 57778 39337 81415 81585 81500 36876 81417 58212 58127 39598 81421 81424 81085 81086 81852 81004 57715 58313 57635 58230 58316 58231 39192 58233 57553 58234 74640 58236 58237 58323 58238 81276 39884 39119 39035 39037 39123 39038 39039
ap 28
hp 79
t 69641 69642 69728 69643 70069 70071 52180 70074 69947 69990 70076 69825 70292 77051 69954 69657 69699 69766 69913 69998 69999 69659 69873 71020 71024 71029 69927 69844 76857 69632 69677 71038 69637 69638 52172 71765
hp 83
t 53322 77462 53408 69729 70070 77465 53411 53326 70327 77467 77556 51971 70333 69908 77559 34974 53505 53507 53425 53512 77653 53344 53515 35070 71365 69920 77744 71030 69926 53437 69842 71032 71033 69928 53531 75121 77673 69769 77252 53622 53878 53371 69694 53289 53460 69698 69953 34934 69872 69703 70216 35706 34942 77273 69879 77614 70644 77445 69796 70645 70646 77446 77362 34948 69884 70225 71075 71076 70651 77452 70228 53738 70653 77454 54084
hp 85
t 66198 66029 66030 73468 66200 66203 66246 65992 50055 66375 65908 66037 49294 50229 65999 66429 66217 50068 66006 49218 30944 50070 66093 66008 66178 66221 66179 48075 66053 50075 49736 49608 66366 66015 50078 67121 72816 49696 50206 47911 47232 66146 47276 66019 66189 46769 47279 66022 73417 48088 66026 66196
ap 29
hp 48
t 26547 45930 42446 28594 42449 27404 62340 43385 67441 28511 1487 28603 43054 42714 1745 24610 26311 45520 26057 26740 42551 26231 43828 42723 26915 62870 27089 26411 45537 26753 42480 43331 26755 45882 42482 27437 42398 43251 26931 27102 27190 43850 27616 45551 42494 69355 26855 27196 67571 69442 42242 69445 43694 69619 1790 69622 26189 27635 46250 1965 27893 27469 26536 45322 42858 42690 52380 42692 65387 25607 42778 42439
hp 45
t 78480 65138 78144 79504 59784 79505 57577 77978 79679 75429 79340 79428 79345 78240 59711 78071 79431 78072 60392 79347 59713 78244 79519 79606 60396 81392 33368 79524 60399 60059 64565 64056 59551 59467 57768 64739 42554 78508 79444 78509 78510 79361 64742 23517 78172 78258 65253 81404 14679 79449 78515 59647 80728 59563 78264 73760 41460 79456 22762 73762 59654 59569 79374 78184 79546 75381 78186 59657 78187 79548 79463 64759 80569 80824 59575 80570 57536 79637 73857 80572 78193 79468 79639 79384 59580 35440 75390 78196 41816 22608 65193 78284 41819 41820 79646 78287 78203 65114 79395 65201 80672 79397 80843 79654 78464 41830 78807 77873 78468 41919 22793 79406 41836 79407 6989 41924 59604 57565 79495 78051 81112 79497 14730
ap 30
hp 53
t 21700 21022 19493 20856 21111 21196 33184 21203 19845 21631 21547 6587 5652 21209 4804 20871 7016 20872 6593 21553 20876 21726 817 21218 7279 6600 4647 11788 20802 21231 21742 37468 19363 20638 21747 21748 20899 5769 5684 21581 21583 5603 21753 5688 23879 5945 21755 4331 6629 45049 7054 19720 59160 6971 20489 17942 59169 20499 5369 18972 34529 5204 6819 17870 24332 57398 21189
hp 153
t 2598
hp 157
t 48739 48426 48473
ap 31
hp 389
 65422
ap 32
hp 390
 56590
ap 33
hp 362
t 56583 39966 55268 56682 57097 39950 55272 57099
ap 34
hp 391
 24575
ap 35
hp 339
t 46649 69556 69217 62418 45249 62419 45293 69519 45295 69521 69223 69564 69523 69098 69565 69524 69566 69567 61918 69526 62259 69102 69443 69105 69318 69573 69575 69492 69025 68942 69113 45993 66734 69412 69582 69415 69458 69501 61936 69459 69586 69417 45277 69502 69420 45280 69464 46047 69422 62240 62284 62242 69255 69512 62373
hp 80
t 65986 65987 73467 66500 65991 66339 66509 66000 66170 66001 47301 66510 66002 50196 66007 66347 66009 66010 47311 66181 66182 66355 50205 66185 66017 66018 49699 66020 47323 50213 66024 66025 50895 66027 66028 50219 66370 50220 66031 50391 50561 47332 66372 49880 50394 65864 73515 50057 66038 50568 66039 50059 49209 66380 66040 49550 66041 31021 47341 66382 50231 66383 50913 66384 66044 66385 66215 66047 73528 66049 50919 66222 49223 66223 73534 49224 48035 73365 73196 49225 49226 50077 50076 49227 50927 49738 49400 66401 66063 49743 66233 49234 49236 50256 49747 50088 50089 66239 50090 49412 50098 66379 66420 66421 73222 50102 66423 66424 66425 66426 47216 65917 66428 66431 49431 49601 50112 49436 49267 49612 50123 49616 48090 73251 50133 47416 48097 47417 66803 66467 47427 47265 30946 47267 30949 49482 66312 46083 49995 49656 49827 73288 50170 50171 49662 73293 73294 65984 49835 65985
hp 274
t 80734 79459 79375 63947 63437 80821 80822 80228 77892 65015 80782 80825 64251 80742 80826 80827 80744 80745 80732 79471 64171 62768 80748 79472 64939 80666 80733 64985 80668 80817 64179 65199 80713 80840 80756 80841 79610 64736 79442 80846 62614 64102 80720 68831 79531 79362 80679 80765 80723 76686 80724 80851 79365 79372 73032 79409 79111 80854 79370 80730 64963 80816 79373
hp 290
t 59903 59159 59649 59660 60054 6517
hp 235
t 57816 58073 57798 57894 58076 58068 57846 57889
hp 234
t 57988 39028 39159
hp 305
t 47604 47775 47755 47442 47797 47614
hp 185
t 46520 26121 26207 26122 26208 26123 26209 26889 26210 26890 26212 26127 26213 26215 26131 27407 26219 26899 26220 26221 26136 27411 26222 26223 43395 26906 26312 27417 43401 26912 26913 26319 26914 26660 26916 27427 26918 27428 43411 26157 26923 26158 27093 27434 45626 27439 43420 27612 27527 27529 27530 27533 26768 26259 26174 46322 27112 43433 26179 27199 27539 27455 26946 26181 26948 26184 43440 26951 46416 27121 26017 43018 27633 26188 43105 43446 43447 26958 27128 26959 26194 26280 27470 27641 43452 26198 26113 27644 26199 26114 43455 26115 26116 26117 26118 26119
hp 340
t 21865
hp 168
t 47432 47784 46727
hp 324
t 21318 23190 44823 44930 22216 20664 44975 22217 22238 22219 23154 22303 23155 23177 42239 44811 23223 23202 42200 21994 22230 22209 22210
hp 304
t 46086
hp 68
t 28165 28166 967 20773 968 969 28255 970 28256 28171 291 28257 292 972 28258 973 28173 28259 974 889 28175 466 28347 20612 28263 20613 469 979 894 28265 44500 895 28266 20786 44501 20787 28267 28268 44503 20790 44506 20621 20792 986 20794 21475 21481 21484 320 21489 495 840 841 333 28046 20906 849 1019 851 853 855 347 28320 28241 28328
hp 181
t 26588 25654 27824 25318 25743 26003 25793 25624 25848 25626 25924 26605 26308 25925 25926 25629 26053 26354 26610 25122 25888 25931 25889 26612 25890 26613 25933 26571 26614 26060 25892 25935 26062 25893 25934 26105 25936 25937 25639 26363 25939 26619 26577 25897 25600 26578 26621 27845 25899 26324 25644 26580 26623 26581 25816 26582 26583 25820 26586 25821
hp 97
t 81373 59060 58891 58978 81674 81675 60258 58941 58985 81255 58646 81681 58988 58946 58394 57545 57546 57589 58949 57462 81815 57506 58951 58910 59037 57465 60185 58912 57510 57468 57554 57469 57555 57598 58919 59133 81363 81406 58925 58969 81707 81239 59862 58971 81794 58973
hp 164
t 42866 44056 44057 42868 43548 45589 26549 44230 44060 27911 27740 44061 44232 26382 44233 27913 43554 44234 44235 44236 27917 44238 44239 44409 43560 44071 27751 28432 26563 27924 26396 28437 28438 27929 44079 27930 27420 44081 44082 28443 26403 27763 26405 26576 44086 44426 42898 44429 44089 44090 26584 26585 42905 28455 43586 42906 26246 25907 44097 42908 27948 44098 27778 27779 42910 27780 27951 28460 27781 44101 43594 44104 27784 44105 28465 27786 42917 43597 44107 43598 27958 42919 43599 27790 42922 44112 42923 44113 42924 26604 27964 42925 27965 43605 26606 44115 26607 27967 27797 43609 27971 27802 27973 26103 42935 27978 44468 43619 44469 28151 28156 27819 43631 26465 27826 27828 44224 27661 44151 44152 28003 44157 44158 44159 25123 27847 28530 28032 27870 27707 25837 43525 43526 42847 43529 44040 44041 42856 44050 26370 44052 26374 42864 44225
hp 295
t 18636
hp 323
t 23187 24544 24563 18650
hp 260
t 41378 41465 41339 65522 65354 41384 65525 41385 41343 41386 41387 62638 41345 42664 41005 41347 63447 42581 41348 41351 62901 41013 65493 65494 41354 41056 41015 41057 40973 65496 41356 40974 41017 62905 41357 41018 41359 41063 40979 62612 41461 62868 41108 62618 62620 41370 62876 42562 41074 41372 62623 41076 41333 62669 62627
hp 165
t 366 367 27 4791 4792 4624 1571 4632 47 560 1244 565 567 739 1760 1256 410 5341 28296 76 28468 3988 28300 591 423 28473 28474 425 5355 256 257 258 429 1279 259 260 261 262 263 264 265 96 266 437 267 438 268 439 608 269 440 270 441 101 271 442 611 272 443 612 273 614 105 278 279 450 280 281 282 283 284 285 965 288 289 971 293 294 295 977 297 298 299 639 300 301 472 302 146 148 150 152 322 324 326 1008 1009 500 160 1010 501 671 502 1012 503 1013 504 334 1014 335 1015 507 508 1018 509 510 0 511 1021 1023 344 4 345 346 7 178 518 179 350 521 181 182 522 12 183 352 13 353 184 14 354 185 355 186 15 356 357 188 4608 358 189 359 190 530 191 361 364 365
hp 262
t 42592 42593 61484 43883 42594 42509 42595 62634 42510 42596 42597 43872 42683 43958 42598 42599 43960 62895 42602 43962 43963 42605 43880 62647 42566 62817 42588 42589
hp 84
t 35046 71086 71001 53407 71004 71005 71006 71009 69824 77389 69912 69828 34978 69829 69744 69745 71193 34898 71109 54024 69750 34985 51220 70600 71025 71026 77487 71367 69838 69755 71370 70605 71287 70523 71373 77068 71119 69845 71035 51315 70611 71208 69678 71209 77158 69679 77249 77676 77251 69941 77256 76832 53458 71139 71141 35016 69697 51252 71483 34933 69700 69701 69788 54148 69789 74975 69876 53471 69878 70643 35031 69882 54073 71074 69885 69800 69801 71333 70999
hp 107
t 80139 80567 79336 80654 79337 80230 80275 79469 62938 81300 63875 79559 80154 80197 79220 79561 80581 79647 79562 80880 79435 79563 80201 80331 79482 79483 80163 80844 79315 80507 79617 80212 79193 80172 79875 79665 80175 79878 80729 75799 79328 80603 80306 80476 79670
hp 106
t 79543 79735 79479 81204 79314 80653 79526 79719 79484 79677 79549 79338 80485 79487 80041 76769 79299 79470 79322 79535 79324 79451 79730 79667 79520 79478
hp 226
t 59867 60041 58512 58514 59876 58686 59197 59027 59028 58689 60051 58692 60223 58693 58014 59887 60057 58870 58700 58871 59721 58872 59892 58702 58873 58704 59895 58875 58705 59898 58708 59899 59048 58881 59902 58377 59739 59061 59062 58382 58553 58723 6874 59065 59067 59069 58389 58390 58730 58391 81683 58733 57544 58904 58734 58735 58395 58396 57377 58914 58916 58920 58754 60288 58422 58934 58426 58766 59106 59108 59109 58090 58091 59111 57585 58100 57422 57597 81232 58624 58964 58628 58629 58630 60330 58631 60161 58633 58634 60164 58635 60168 58639 60170 60171 58982 59153 60176 59157 60177 58648 60178 60179 60180 58651 60181 59848 59849 59000 57470 59682 60362 59172 59683 60193 59173 59174 60195 59856 58499 58670 59859 59860 59861 60032 59863 60034 60035
hp 302
t 64116 64117 64119 76020 64120 62761 64122 76022 64123 62771 64134 62782 80128 63128 80132 62963 80134 63134 79285 79969 79119 79127 63488 64168 61448 61626 80156 80157 63328 80670 80160 80671 64182 80673 80674 64184 80164 80675 80166 64186 63506 64187 80678 61468 80849 80850 61810 80170 79491 80852 79355 64193 80853 62153 80685 63515 80855 80856 62837 79668 80179 79330 80860 80180 80861 64201 80182 80014 80864 80865 80185 80186 80866 80867 80187 80868 64208 63699 80869 64209 80870 64210 80871 79342 64212 80193 80873 64213 80874 80194 63704 80875 80195 80876 80027 80877 64217 80368 64218 80878 79178 80879 80199 80710 64220 80371 64221 64052 63541 64222 80033 80712 64223 80203 63544 63884 80884 63545 80376 71876 63546 63886 63885 64227 80886 63887 63548 80378 80719 63549 63551 80891 64231 64232 80893 64233 80894 80725 64234 80895 64235 80726 80216 63559 79199 80219 64240 79881 67812 79202 64243 63734 79204 80737 80229 80061 63572 63575 79217 80238 80069 80749 80242 64094 62735 64097 79227 63418 64098 64100 64270 63083 62069 63939 62750 80602 64113 64114 64115
hp 335
t 24346
hp 338
t 69088 67558 68745 69091 68752 69007 69220 69306 66864 68737 69120 69142 68740 66870 68741 69251 69146 68742 68786 67553 67554 66833 66875 66834 67556 68747
hp 187
t 2940 3015 25105 2941 2881 2900 3017 3018 2933 3020
hp 64
t 42930 42888 42867 44228 44058 42912 42934 44145 42871 44103 44211 44126 42873 44424 44043 42918 43768 44237 42921 44153 44154 43581 44155 44156 44433 44243
hp 113
t 58336 74656 57489 39130 73812 81292 57494 73815 73816 73817 73818 73820 81470 73821 73823 81473 73824 81474 73825 74165 73995 73826 73827 73997 73828 73998 73830 73831 73833 81483 73834 73835 81486 58366 81487 57518 81488 73839 81660 81661 81491 81662 81494 74695 81495 81496 81497 81498 74698 81499 81670 74699 81671 74702 81502 57533 74024 81504 74025 81506 74706 74027 81507 74708 81679 81509 81510 81511 81512 81513 81514 81515 81516 81517 58228 81518 81519 74719 58232 81362 81364 74736 74567 58247 81368 81539 74739 81541 73895 73896 81546 81378 73728 74579 73899 73730 81550 73732 81723 81553 73904 81554 81725 81555 58266 81388 81558 81389 73909 73910 81560 74081 81561 73912 58272 81562 73913 73742 73741 73914 81564 73915 74085 81565 81566 81567 74090 74091 79871 81575 81577 81578 81410 81580 81411 74100 81581 81582 81413 81584 74616 81586 81588 81589 81590 81593 81595 81429 80919 81599 81442 81443 58330 57480 57484 57485
hp 111
t 77844 77846 78569 60380 78911 78868 79592 59874 78234 79424 77852 77854 60386 60514 79600 79601 78241 60009 79602 78285 79560 79603 79432 78497 78498 78500 78543 78246 78503 79568 79569 78549 79570 78253 79316 79443 78254 78550 79572 79615 79574 58962 81912 59007 78560 79581 59096 79582 77840 79583 81795 77842
hp 82
t 50899 49199 51495 49328 50731 52092 73384 73342 50604 49287 49331 73386 49501 50606 50225 52054 49887 70330 52057 73349 49467 70929 51339 49172 50193 50789 52065 49728 67325 52154 50753 71621 49181 50584 49777 49184 50800 49908 50164 52078 73413 49359 49231 69802 49785 73330 51996 49745 50723 50935 50724 50937 49324
hp 269
t 22297 22977 41337 41338 41679 41340 41341 22982 41683 41344 22985 22986 41346 22988 41352 23000 42042 42724 23175 41025 41366 41368 23179 42729 41709 41369 42732 59904 23185 23186 41376 41377 23188 23189 41719 22341 23021 41383 23196 41726 23199 41899 41731 21842 23207 41397 41059 23210 41910 41234 41404 41067 41408 41409 41410 41411 41071 41752 41412 23226 41756 23229 41760 41592 22382 22383 21874 41423 41764 41595 41765 41596 21877 41428 41769 41429 62000 41430 41770 41431 41772 22903 41433 41773 41774 41434 41435 41775 41436 22907 41437 41438 41439 22404 41452 41794 41286 22928 41798 41459 41462 41463 22934 41634 41635 22935 22937 42147 41467 41470 41812 20563 40963 22944 22945 22435 41817 22948 22950 22272 41312 22953 22273 22955 21935 41334 22276 22277 22279 22959 22280 41831 22282 22283 41833 22284 41834 42347 22288 41328 41838 41330 41332 41672 41674 41335
hp 265
t 24554
hp 268
t 22636 22552 22638 41849 59444 22639 41851 41767 23747 41853 41855 22563 59454 41862 59968 59799 59461 60143 59806 59977 23002 24363 22754 23094 59220 59438 59816 60158 23099 20550 59395 20551 59396 22592 22932 20553 22933 59993 59909 22596 59487 59402 22938 22598 22769 59744 22940 59829 41810 59490 22602 41897 22772 22943 59492 22603 65528 59408 41814 41729 22774 22775 59836 22776 59496 59497 22607 41818 59413 22780 59926 7141 59416 22952 22781 59502 41822 41823 59418 59419 59590 59420 22956 22617 22957 22718 22618 22619 60104 65204 60105 59426 41832 60107 59512 22963 22625 59430 22626 22796 22627 22634 41837 60112 22712 22797 41753 60113 22628 41754 22629 41839 41842 60118 22635
hp 271
t 78736 79417 78737 78738 59700 78060 78740 78741 59702 78742 59703 78743 59704 78064 60384 78745 59706 59708 60388 78748 22648 22649 59710 65153 59715 60395 78759 78761 78762 78763 78087 65169 78090 78092 59392 78093 78094 78095 78776 78778 78779 65182 78784 78105 22685 78785 59747 78787 78788 78789 64851 22691 41733 64514 65195 64516 78796 64517 59417 64518 64521 64522 64525 78733 64867 64527 78467 78809 78130 78734 64532 78474 78136 64536 78476 59437 78137 78477 78478 22722 78486 64889 41771 78831 22732 65232 22733 22735 59456 59457 64898 59459 64900 59462 41102 59463 65244 59466 64906 65246 64907 41107 59468 22749 78170 22750 22752 22753 22755 65255 78176 64916 59476 78177 59477 65256 78178 64918 64793 22757 22758 65258 78180 59480 65259 59481 64581 78181 78182 59482 64922 78183 22761 22763 59484 64584 64924 64925 65263 22765 22766 65266 64587 64927 22767 78188 78189 64929 78191 22771 41132 41813 59493 22773 41134 64595 64935 64597 59498 77858 64599 65279 43860 41821 64941 59501 64601 64602 59503 77863 64603 59504 64604 64605 64946 59506 65286 64607 43866 64608 64948 64949 41829 64609 64950 64951 64612 64953 64613 64954 64955 41835 64615 64956 64617 64957 64618 64959 64619 64620 64622 41843 64623 41844 65304 43884 41846 59527 42527 59532 59533 59535 59536 41857 41858 41861 41863 41864 41866 42546 64987 41867 41868 42548 41869 42549 41870 41871 41872 41873 41874 64655 41876 41877 41879 41880 77920 65340 41881 41882 41884 78265 41886 59566 78606 78267 41887 78607 41888 59568 41889 41890 41892 59572 59574 41895 59577 41900 77942 78623 41904 65027 22869 41911 64691 41913 41914 41915 41916 65037 78297 65038 59598 65041 62661 59601 65044 78644 59605 78306 59607 78308 59609 59610 78650 59611 59612 64713 78313 59614 65055 59615 59616 59617 59618 59619 59620 62680 59621 64721 59623 64723 59624 41264 22904 59625 59626 78666 59627 43987 22759 59629 59630 59631 62012 65072 65074 59635 78335 41276 65076 65077 59637 59638 59639 65080 65081 65082 59642 78002 65083 65084 59644 78005 78007 78688 78009 78010 78011 78691 64752 78694 59656 64757 78697 78018 64758 78019 78699 65440 64761 78021 65101 64762 65442 64763 59664 62724 64766 62727 59667 65108 59668 65109 59670 78710 78031 78713 59674 78714 59675 78715 78037 78039 59679 79399 78043 78724 78045 63427 65127 78729 78730 65131 78731 78732 78053 22974 78055
hp 227
t 72616 75763 77041 76362 75682 77043 76874 77640 76535 77045 75685 72626 76537 75686 72628 77048 76880 75775 77050 75606 77731 76882 69827 76967 76968 75693 77053 76884 77055 77651 71192 77652 75612 71195 71196 76977 71197 76978 76893 76979 72644 76895 76981 72646 76983 76898 76984 77070 76986 76987 69848 77073 75713 77244 69850 72655 76311 76907 77077 69853 75718 74274 69856 69771 76571 77081 76912 76997 75637 76913 71218 70623 76914 77084 76915 72664 71220 76916 75640 75046 71221 71222 69863 69864 76919 75049 76835 77175 76326 77687 69867 77008 69869 77010 76925 69870 71231 76926 76331 77012 76927 77013 77778 77014 75739 77015 77695 80416 77017 69792 77018 69794 75746 77022 77023 75069 76940 77110 76941 76942 69803 77113 75670 69805 77115 77032 77034
hp 303
t 63692 63607 76017 63693 63610 63612 63613 75854 63615 67788 67789 67704 67791 67707 64228 63889 63891 71713 71887 63561 80312 63571 63573 67824 67654 63489 67825 63490 67826 63576 63491 67827 63577 63492 67828 63578 63493 67829 63494 67830 63580 63495 67831 63581 63582 63497 67833 63583 63498 63584 63499 67750 67835 63500 63585 67836 63501 63926 67837 63586 71748 63503 63588 63589 63930 63505 63591 63932 71752 63933 63594 63935 63596 63682 63597 63598 63684 63599 71930 63685 63686 63687 63602 63604 63690 63605
hp 174
t 20615 21112 20783 20637
hp 229
t 58081 58678 58510 58769 38625 58433 58688 58519 58434 58435 58690 58436 58777 58437 58438 57929 58439 61414 57930 57931 58441 57932 58102 57933 58698 57934 58104 58699 57935 58445 58105 58616 58446 58701 58617 58106 58447 58448 58619 58534 58108 58109 58449 58790 58451 58622 59387 58453 58368 58369 58625 58455 58370 58626 58456 58371 58627 58457 58712 58372 58458 58373 58713 58459 58714 58374 37890 58715 58716 58802 58464 58805 58720 58380 58636 58381 58465 58466 58722 58637 58638 58383 58554 58808 58809 58469 58725 58556 58471 58726 37903 58643 58813 58474 58476 58477 58478 37993 58479 58482 37317 57888 58738 58484 58400 57891 58401 57892 58402 38513 58658 58403 6894 58659 58404 58405 57897 58069 58667 58413 58414 58415 58671 58844
hp 101
t 80013 63695 80015 63614 67782 64216 63707 67705 63543 71790 63716 67797 63547 67802 80892 67804 67805 71800 63725 67806 63726 67807 67808 67809 63729 67810 67811 67813 67814 67815 63735 67816 79971 80056 67817 80141 75806 80142 67818 63568 67819 71899 75809 67820 63570 80062 67823 80064 71904 75814 71905 63574 80150 67402 80237 71909 64004 63579 71910 80239 71911 67747 63504 80165 63507 80338 80000 63510 71928 63683 63513 80004 71929 80005 63689 80010
hp 261
t 42738 42569 41762 42614 41466 42572 63269 41299 63314 42617 42532 42575 65398 41469 61999 63274 63275 42705 42748 63276 42749 42707 41136 42751 43856 42711 42585 43988 42036 41019 41064 42340 62018 42343 43873 43916 41026 41325 63340 42047 41707 68867 41667 61983 63258 41073 42351 41841 41289 42567 41845
hp 276
t 49247 50767 49232 49307 49233 49266 50765
hp 100
t 80521 80184 79335 79678 71775 76025 80872 80535 80026 80708 80538 80709 80029 80370 75355 71872 80542 80205 80379 79446 80553 75793 71885 80130 75201 71803 80218 80304 63900 80135 80561 79544 80565 80480 79460 71811 71897 71812 80652 75807 71898 75808 80483 75979 63909 79635 79636 75811 80574 76749 71820 80149 71990 71821 79214 75816 75817 71823 71993 75819 75225 72675 80495 80155 80496 71914 80074 75824 75825 71916 75826 80586 75827 75828 75829 80504 80589 80590 75831 75833 75834 80509 75835 71841 75837 71843 79664 71845 79326 79666
hp 300
t 60165 59868 59697 58848 59869 60209 78483 60210 59870 60166 60211 60212 59192 60246 60043 59151 60385 59196 59877 58816 59879 59158 59882 60393 59884 59162 59843 59888 59676 59889 59677 59890 59678 60358 59891 60274 60401 59893 59681 60191 59723 59896 59726 59897 78470 60366 60408 59688 59858 60198 59136 59180 60200 58841 59692 60202 60033 60203 58886 59141 59864 77885
hp 331
t 69595 68736
hp 110
t 81883 81884 81887 79296 79297 81042 81169 75305 81215 79473 81896 81897 81175 79307 81899 79308 79521 79564 81180 79480 79523 81181 79566 79441 79357 79229 79317 81910 81188 79319 79320 75285 81192 79280 81194 79283 79241 81199 79457
hp 171
t 42780 42823 42952 42824 42825 42485 42954 42826 42486 42827 42785 42828 42488 42786 42829 42821 42787 42489 42830 42788 42831 42491 42789 42450 42833 42876 42877 43855 42878 42495 43304 42835 44027 42335 42717 42633 42466 43490 42393 43839 42990 42820 42949 42822
hp 96
t 81202 81033 81160 81882 77889 81885 81886 79506 79722 79723 79383 81168 78959 79003 76708 81895 79558 81173 79644 79771 81174 77860 81218 81898 77947 79711 81177 81220 81900 81178 78033 81179 79565 80798 81182 75233 79313 81183 79525 81907 78933 78168 78934 81877 81402 79787 79618 79235 81191 79281 79622 79708 81196 79710 81197 79795 81878 80477
hp 314
t 56138
hp 255
t 67367 67365
hp 264
t 22412 7089
hp 228
t 38563 38348 58406 38592 58392
hp 176
t 27820 44226 43546 26461 43547 44227 26463 28078 44229 27654 44231 26466 43552 44062 44064 42875 27745 26471 43559 27666 42881 42885 42886 26568 26570 43570 44420 42890 42891 27165 43572 25976 42893 44423 27680 43575 26491 44258 26495 44770 27261 27686 44431 42902 42904 27179 44094 42907 43587 28033 28035 44100 27696 27187 42915 42916 27702 43767 28639 27705 43772 43603 43688 42926 44286 27796 43521 43608 43523 43524 28482 42933 43528 42848 27805 42936 42940 42941 43536 44047 42942 43537 43538 27389 43539 43541 42948 43544 44055 43630 43545
hp 299
t 71171 80373 76516 76527 72448 76740 76167 76519 72568 79921 72495 71232 71285 67855 72477
hp 277
t 73466 73296 73287 73297 66381 73298 73289 73290 66373 73311 50004 73367 49281 73464
hp 103
t 81880 81881 79289 81159 78949 81203 79717 78020 78530 79551 79298 80785 79002 78534 79300 81171 81002 79302 81172 79303 79813 79304 81047 78029 79306 78032 79733 79477 78034 79309 81859 79522 79310 79820 79311 81053 79821 79481 80926 79738 79228 79823 81057 79571 79286 79486 78892 81189 81105 78895 79490 79321 79323 79536 79325 79200 81198 81879 79542
hp 270
t 64966 78056 64967 65137 64968 59528 78058 78059 64970 65139 59530 64971 78061 65141 78062 78063 59534 64975 77895 79425 59705 78065 41856 65146 79427 60387 78067 41859 59709 78069 78749 78070 60390 60391 77902 78751 64812 77903 78073 42034 78074 78075 79436 41016 79437 78077 64817 79438 79609 79608 78758 79611 78082 78084 77915 78766 78257 41878 78259 78260 59730 78261 78262 78263 41883 41885 77925 78266 77926 78777 78268 59738 78269 65134 64839 64840 78271 64841 78272 64842 41893 78273 64843 78274 41894 65183 78275 64845 65016 78276 41896 78277 41898 78278 65188 78279 65018 65189 78790 41901 78281 65021 41902 78282 65192 41732 41903 65023 78283 65024 65531 65025 65026 59587 78797 65028 77948 65029 65030 65031 59421 65032 65033 65203 65034 65035 78465 65036 78296 78466 65039 78299 78469 65040 78471 65042 65043 78645 65046 78647 59608 78648 78649 78479 78316 78147 78318 78488 78491 59622 64894 59628 22743 59464 59465 59636 65245 65079 77831 78511 59472 77833 64744 78004 77834 64745 65085 77835 65086 59646 78006 64747 65087 22756 78008 59478 22760 78012 77845 78016 77847 65099 43000 78022 78194 78025 78195 59495 78026 77856 78027 22606 78197 77857 78199 77859 79390 65111 79392 78202 77862 79394 64944 77865 65116 78036 77866 65117 79396 77867 65118 78038 79398 65119 65120 78040 79400 79401 65121 78041 65122 78042 78720 65123 79403 65124 78044 65125 78725 78046 65126 78727 65128 79408 78728 65129 64789 65130 64960 79411 59520 65132 64962 65133 78054 64964 65135 64965
hp 341
t 44879 44923 42222
hp 293
t 67526 67549 48022 46652 66820 66832 66822 67545
hp 78
t 73424 73722 66583 70239 65738 71645 71646 67528 70675 50786 66639 73482 70915 49300 66343 71657 70977 73485 70935 73656 52152 70258 73659 70302 49308 66606 61933 71666 70987 72732 73583 72905 70312 70696 70952 52040 70953 71633 73462 73548 73549 73507 70957
hp 102
t 81158 80990 81374 81161 81672 81715 81375 81163 81164 81762 81210 57496 81170 81384 81087 81385 81386 80961 81216 81685 81217 80963 81006 58948 80964 79604 81176 79476 81857 81393 81563 81904 81395 79822 81693 81055 81905 81014 81694 81056 81906 81398 81399 81186 81229 80932 81231 57517 80935 81190 58966 81193 81704 81068 81195 80941 81367 80943 81370
hp 301
t 71256 72617 71173 71174 71175 77040 77042 71178 75684 77044 76960 77046 72542 76367 72627 76538 71184 76539 77049 69826 76541 72631 72547 77052 72548 75609 71190 69831 72636 72641 69752 69837 71282 72642 71198 69839 72560 72561 72563 77153 72564 72650 69846 72566 72651 69847 71292 71973 69849 69852 72573 72658 69854 72659 69855 72575 72660 71216 72661 71217 71219 76320 72665 76322 69780 72671 70632 69868 69874 69875 69706 69877 72682 76338 69708 77019 72684 77021 69711 72686 69798 72521 72607 72522 72692 71248 72694 72525 76520 71253 71168 76354 71169
hp 177
t 27906 27992 27907 27993 27908 27823 27909 44059 27910 28590 27825 27912 27827 27914 27829 27915 27916 27831 44066 28002 27662 27832 27918 28004 27749 27920 44070 27921 44241 26561 27922 26562 27836 27923 27838 27839 44074 27925 27755 27926 44075 28436 27927 27756 27928 44078 28014 28015 28355 44080 27931 44421 44083 27935 44085 27766 44088 26579 27941 44096 27776 26587 27777 27949 44099 27950 28461 27782 44102 28462 27783 28038 28039 27869 26595 27785 28042 27787 28467 27703 44788 28044 44109 27960 27789 27706 44111 44282 27792 27793 27709 27794 27795 27966 27969 27970 27800 26441 27803 27974 28484 26615 27975 27723 26448 28149 43535 44130 26622 27728 28153 27814 44051 27733 27904 27735 27905
hp 65
t 28288 28374 28034 28377 28250 28378 28336 28379 28123 28041 28339 28043 27704 28299 28384 28045 28386 28047 28388 28261 28262 28371 28352 28396 28397 28245 28399 28274 28360 28361 28276 28362 28363 28279 27940 44091 28368 28283 28369 28327 28242 28243 28286 28372 28373
hp 272
t 64670 43952 62652 42699 64696 62593 64783 63477 64976 62490 62642 42604 62730 62732 42694 65261 42609
hp 298
t 79927 80544 76635 76018 79632 80588 80547 79634 76021 80718 80549 80528 80550 80529 80551 80530 75366 80340 80531 80532 76707 80554 80533 80578 80472 79624 80559 80540 80562
hp 188
t 8122
hp 166
t 62636 41349 41014 42577
hp 182
t 42951 42271 27184 44401 43637 44063 21963 44192 28001 44323 42116 44496 44422 28358 28188 44212 44213 44128 44342 44300 44215 44046 44216 44131 44217 44048 44472 44303 44389 44218 44049 44134 44092 44220 44179 44095 45032 44395 44310
hp 263
t 69024 69343 68939 69027 62400 69030 68988 62443 68946 62402 62084 68608 68948 68991 42601 69312 69333 69313 69356 42603 69335 68953 68995 69039 68977 68978 68959 69022 69363
hp 169
t 24641
hp 180
t 1768 1769 5 176 6 49 156 1771 50 157 51 391 9 180 10 393 54 1756 99 1778 1757 1779 1758 16 187 17 60 1782 19 20
hp 69
t 44481 44144 44485 42020 44400 44826 44147 42958 42193 44405 44493 44408 44411 20784 45010 21465 20785 21466 44672 44502 44673 44675 20620 20791 44932 20622 21473 21474 44680 44681 21476 44682 21477 21478 20798 21479 44686 20632 44774 21487 44694 44779 44525 44696 28036 44697 44698 42233 44699 28387 20822 28389 28390 44459 42080 44208 44719 43702 44808 44214 44129 44385 44386 44387 44392 44393 44139
hp 105
t 75676 75677 76528 75678 76529 77038 76530 76531 76532 76534 71944 75688 76369 76540 75690 76542 75522 75692 75523 76543 75694 75696 75697 76548 75699 72640 72643 75536 75537 75538 75540 76560 76566 72656 72657 75551 76402 72666 76407 75558 72668 76409 72670 76410 76071 76412 75563 76413 76414 71825 76415 76075 71997 76418 72679 75232 75234 75575 75577 72687 75238 76427 75240 75241 75582 75583 75587 75251 75259 75604 75607 71188 75613 75614 75615 75621 75622 75625 72565 75796 72567 75627 75628 79033 75634 75804 76995 75635 75805 76485 76484 76317 76487 75638 76488 76489 76490 69861 75641 69862 76836 76496 75647 76497 76498 76499 76500 75651 76501 76502 76333 76503 76164 77016 76507 76508 76168 76509 77020 76510 76170 76511 76513 76514 76175 75836 75671 75672 76522 75673 75674
