ap 0
hp 368
 61183
ap 1
hp 369
 53048
ap 2
hp 370
 60856
ap 3
hp 37
t 79685 75352 79219 75267 75353 53381 23589 76673 79691 79734 79228 79654 75405 74810 74896 75491 79742 79105 75407 79827 79106 79745 74985 79108 76687 74477 75329 75288 75331 79202 76227 75505 75337 53323 81122 81123 76789 75344 81124 79339 75345 79554 75391 79684
ap 4
hp 371

ap 5
hp 372
 28671
ap 6
hp 373
 20472
ap 7
hp 374
 20158
ap 8
hp 43
t 31449 47259 30601 31112 46921 31962 31113 47774 49306 31457 31458 31460 31121 47782 31124 49994 30785 47785 49996 66318 31472 47282 47113 46942 47626 66327 49328 47120 47801 30972 47464 30804 65995 47126 30467 47127 30811 47131 47472 47473 73484 47816 31156 47479 47649 47481 47822 29972 47483 47825 31165 31167 47150 31000 30491 47494 50044 47835 47158 47840 47161 47671 66031 47162 47504 47845 30846 47166 47507 47508 48358 47514 31024 47516 47519 47863 29843 30015 47697 47698 47191 47701 47702 46853 46854 31724 46855 30876 49576 47026 32578 47708 47709 47540 30540 47370 30881 47541 47711 49922 47203 47715 47718 29869 47551 47214 50105 30726 47219 49939 47732 31414 46885 49946 49947 47738 49439 30740 49780 30741 47741 47232 31253 65593 30746 49786 31938 31273 65614
hp 38
t 31385 47025 47706 48473 30921 30602 50047 30371 31140 47779 30929 49927 31270 47193 66019 30469
hp 36
t 30768 47003 30769 31109 66555 48451 31111 47517 47772 47518 48283 47859 46924 31202 48203 47778 31119 48375 47526 30016 48207 47528 31123 47700 46851 47022 30533 50169 47109 30619 47705 47791 47112 47027 31982 47539 47114 31814 47115 30625 31221 47031 46946 47543 47713 31312 47548 30718 47550 47720 30892 47808 46959 47047 47474 47815 30476 47731 47477 46545 47566 30736 46887 31332 47742 47148 47069 47495 47496 47157 47498 30753 30924 47839 47159 47499 30754 30670 30671 48269 30760 47252 47847 47677 47509 30767
ap 9
hp 59
t 9561 9221 9903 16237 10032 10077 9949 9653 9654 11697 16160 11443 10214 15697 16378 10216 9664 9496 9666 10093 10220 9669 9924 9500 11413 10223 9586 10182 11372 9588 10142 9589 9941 9675 9930 9590 9846 9591 8402 9762 9932 9678 10061 9976 9808 9595 9511 9553 9936 9596 9639 9512 9857 9598 9556 9982 9685 10068 9517
hp 55
t 32129 48279 46919 31791 31454 31794 31965 47781 31957 47784 48294 31805 46935 48296 32147 31807 47787 48298 46938 31811 48302 31985 31986 31988 46948 47628 31989 47799 31990 47802 31995 46957 47638 31151 31832 48322 47642 48324 48325 46968 32180 48162 48332 32183 29973 48335 30656 46976 30658 30660 32022 30665 48345 30666 48347 48178 46991 31863 31869 29831 47856 47006 47857 48369 47860 47010 30010 47690 47011 47522 47861 30692 47012 47862 48373 48374 47866 47868 30698 48378 48209 32059 46849 46850 46852 47703 47023 31895 46861 48223 30543 47033 47034 31397 47717 47719 31401 31913 47723 31234 47043 32088 48240 47051 46882 47052 31752 47053 47733 47054 48245 31754 48246 32097 32098 48249 47059 47739 32099 47740 48251 32100 47061 31763 48254 46894 31424 47064 31764 46384 31765 32108 31941 32111 31263 30583 47074 31946 31776 31778 48273 31275 48277 31787
ap 10
hp 95
t 5095 4500 44703 4367
ap 11
hp 153
t 1782 2591 1401 1657 1741 1659 1701 1702 2553 2851 8589 1747 1622 1367 1623 1737 1369 9447 1884 1374 1502 2608 1375 1886 1843 1504 1208 2612 1295 2571 1213 48771 1384 32283 1938 1514 1306 1735 1395 1397 2631 1738
hp 157
t 8668 2634 2594 8842 4 9014 8674 32263 48158 3281 2813 3153 24774 32353 3071 8683 9066 25344 2436 1970 31806 25475 25349 1337 2059 12175 2103 8989 2104 3040 2190 48984 2447 2107 2789 32540 8740 8655 1941 9124 8879 2451 2495 2583 3308 8834 2459 8878 9049 24604 8539
hp 155
t 26358 32383 25292 32331 49126 32472
hp 159
t 26220 32341 32343 26564 9055 25333 32346 9015 25547 9145 32265 9018 25382 2049 25469 32354 25853 26364 2989 25770 24899 25348 2780 2358 24885 24844 197 26206 24889 1940 25613 3047 24594 8998 48651 24979 25405 24639 8789 9001 25321 2585 25960 2415 9046 25281 9132 25027 24645
ap 12
hp 375
 57083
ap 13
hp 376
 8127
ap 14
hp 377
 61374
ap 15
hp 52
t 76288 77351 35106 70547 69872 51427 34899 76381 35199 76042 34987 77490 75705 77321 54117 77535 76855 75538 51441 54034 75582 70567 77538 76858 76138 54166 34829 76823 54171 77335 77380 76360 51412 72535 69947 77045 35013 35056 34931 35058 71821 35144 34975
hp 50
t 54908 74798 54060 53551 54741 35023 54065 53728 54239 53732 77703 54583 34183 74813 70566 53566 74987 17870 53574 54424 53744 54085 70577 74827 54258 32840 51370 77381 53581 53411 75003 53754 77725 54265 54095 54266 54267 54612 54786 33026 34897 32858 77742 34902 34228 53439 54630 53271 53442 53953 40523 54804 53955 54806 53957 54978 54808 54137 34928 53459 53632 33742 53633 53973 53975 34936 53299 54660 56192 53472 54665 56196 53987 34948 56199 54331 54672 32914 56204 53655 56205 53656 34956 54846 53657 54679 53319 53659 53999 53660 54681 54682 54685 53668 54692 54352 17122 54184 54185 77476 33106 53506 53340 53341 54361 53682 32772 54703 53853 77484 54365 54026 54707 54709 54369 54029 56580 53351 53525 54716 74266 32787 53527 77498 54719 53530 54893 53704 53534 54216 74787 56257 74277 54048 56258 54218 53538 53539 54901 54562 53716 75477
hp 56
t 31363 47685 47686 31453 31963 47777 46927 31373 31968 47864 47694 47865 31375 30526 47696 47867 30017 30697 30613 30699 47699 31295 30615 47871 31976 30023 31383 31384 31896 31812 30708 31388 30624 31475 31984 31135 47712 47627 30032 30373 31904 30630 30631 31907 30037 31399 30634 30041 30639 31406 30473 47728 48323 30474 31324 47730 30561 31326 31242 47818 31415 46886 31331 47651 31247 47823 31333 31419 30145 31335 47826 47827 47743 46979 30066 29981 30152 31427 30662 31428 30663 48344 30495 31260 31261 30156 30584 31265 30160 30161 31267 30588 47843 30503 47673 31948 31949 30675 31274 31189 30000
ap 16
hp 378
 20223
ap 17
hp 379
 65535
ap 18
hp 63
t 54398 54654 29367 54570 54698 54188 32770 53681 36172 13861 52833 53558 54068 36431 14077 54623 54835 53306 53902 53988 13188 34524 52290 14337 77450 56200 54033 29722 29513 54333 33211 54461 53571 56249 56209 54680 52258 53322 32794 31732 54047 53580 52264 54559 17160 53712 34970 77555
hp 51
t 10878 52698 31618 52699 10540 9860 53040 11221 12922 53042 52708 36389 13950 52710 12936 52716 52717 9880 29261 29942 9882 29947 10908 12949 9890 10912 52736 9898 10919 10922 16364 52746 15687 36427 29288 52748 10249 29289 36090 12970 36430 28952 13654 36436 36437 10599 15700 36100 36443 12984 10944 12985 10946 29647 10948 12990 10951 10952 10954 29655 10956 10957 10617 10958 52778 10959 29660 10962 29323 10963 10966 13353 52798 29000 10642 15743 52804 10646 52807 52468 10650 52811 52812 29353 52473 13035 52815 29015 10996 28677 13718 29359 10659 28680 52822 29022 11003 29363 52823 11004 28684 13045 11005 36505 11007 9989 29370 10671 29372 29378 52838 36520 52841 52842 15102 35843 52844 10687 10688 52848 10689 52851 29392 29732 52853 10694 10695 28716 11376 29057 29058 10699 52859 29400 10700 52860 29402 10702 12403 52863 10705 36546 10707 52867 29748 30428 35870 10710 11051 30431 16153 10714 29416 9696 10717 10718 35880 29421 10723 35883 11064 29765 10726 52887 10388 52888 10048 10729 12770 10730 10731 52892 52893 29773 52894 13455 52895 11076 52896 52897 10738 12439 10740 52902 52903 36584 52904 36585 52905 52907 10748 52908 36249 52909 52231 52911 36593 52915 36601 12801 52922 52923 29124 36605 36606 52926 52927 10769 29809 12472 52935 29136 52937 16218 29818 52938 16219 29139 11123 10783 16224 52947 36288 10790 10113 11476 29498 30180 10122 10802 13185 36308 36313 12514 33935 29517 10818 33939 11160 52984 36326 10828 29188 29190 29192 10834 28854 9475 29195 10835 11177 28859 53000 10501 9822 10843 30224 11192 52672 52673 52674 52675 12558 52678 9840 29561 9843 10866 9847 29228 10872 10874 10536
hp 40
t 50445 30471 50617 49471 49982 29841 49944 49519 31330 47736 50031 30823 49991 31250 49866 29850 49953 49783 47234 49443 30872 49573 30873 30065 49574 50045 30836 50343 49409 30923 49964 30883 31648 49924 30800 30928 47121 30801 49416 50097 49757 31695 30931 49930 49463 30849 30339 50017 29832 30895
ap 19
hp 380
 57078
ap 20
hp 139
t 12201
ap 21
hp 381
 28607
ap 22
hp 382
 73702
ap 23
hp 383
 60664
ap 24
hp 58
t 70635 69786 76438 76134 71830 76038 76866 77123 72533 75700 76868 75572 76041 77528 75704 71990 76538
hp 42
t 75350 77645 76753 76754 75347 77010 71825 19040 75355 76162 76376 72679 53555 34984 54237 35027 73787 53515 76083 19009 53604 74434 75581 75539 53313 69931 75201 75670 76776 70572 80432 53615 75334 53958 73977 71852 75338 53537 76615 75383 18263 19029 76319 75299 71774 71861 71819 75476
hp 65
t 13173 36463 10964 12750 12580 12497 16152 75568 53043 15728 17260 13350 13010 12756 13012 34943 36473 20409 53391 74812 14126 52718 30450 34531 12431 11666 12435 36322 11845 52900 13801 12611 36245 29020 52991 52992 52993 52994 12449 52996 36166 13219 15940 33537 10673 36513 52834 36516 53007 36433 36519 36439 14939 36529 12986 29902 11032 36447 10949 12989 12736 52944 11892 36457 29743 74116 15211
ap 25
hp 384
 65423
ap 26
hp 92
t 59354 58390 59367
ap 27
hp 39
t 54740 54869 54700 74285 55030 55816 74251 54967 55585 56022 74308
hp 60
t 55078 53635 55679 55169 74126 74806 54662 54325 74300 53986 56282 39452 54838 74815 74816 74476 77708 54335 54845 54676 54677 74312 13624 39465 54597 54599 77720 55110 54602 54857 56217 53499 54605 74240 54607 74242 55288 55798 54780 55802 55038 74252 54960 74935 53602 54966 54796 55563 54798 56074 74350 56245 74946 74267 54802 53529 53280 54811 53282 55918 54813 74278 74279 74789 54647 54733 55073 54649 55159 54907
hp 47
t 74245 56225 54951 74969 74758 74249 53680 75482 53343 74296 73786 74979 75149 54283 56239 54880 53478 74984 54840 75495 75198 53312 53440 77710 55612 54805 53828 74315 75508 74489 53495 74241 73776
ap 28
hp 79
t 22948 41818 41820 22951 41821 60014 22784 60015 22955 78375 57806 59337 22617 22787 41660 22790 81270 41661 22791 60022 42002 57812 22963 41662 22793 61213 22622 59854 22794 22795 22796 22797 58158 64960 40991 22801 60713 58503 22804 60715 22807 23488 22639 23489 22640 23491 58511 22982 22643 59193 60046 59366 22647 23328 23329 59029 23330 64980 22991 62600 60052 22993 59373 22823 22994 23334 42373 60055 42374 62775 23336 42376 23166 23337 61417 78418 41698 23509 41360 42380 41701 23511 42042 22662 23003 23513 42384 23514 42725 23515 59047 22667 23517 60578 23519 64999 59220 59221 61433 41714 22674 41715 41716 57697 59737 58547 41887 59058 22677 22678 58040 59230 23530 78102 59742 42573 65524 59234 23534 58385 41895 62635 64846 22686 58387 22687 23537 22857 60088 23030 59072 23032 23542 60262 23373 23033 65023 42412 22865 58396 22696 59246 58397 59077 22697 42589 59930 22871 41911 59762 39532 22702 22874 61294 22705 22706 22876 58407 22708 61298 59938 22709 22879 22710 58920 59941 58412 22884 58415 61305 22885 60285 58756 22716 22718 22888 59440 22890 22892 22893 22553 42613 22894 22895 42615 64886 58768 59789 58431 60131 22901 78152 23242 59454 23075 22908 41608 22909 59969 58440 22910 60141 59632 60143 78164 58954 59974 59977 41617 59978 41618 59809 59979 59130 41619 60320 78510 78171 59981 61344 60329 61349 59140 58974 23274 59317 59148 78698 59149 61191 59321 23112 57794 42665
hp 81
t 44709 26859 43690 44031 45052 43692 43182 43183 62054 43016 44206 43017 44887 27379 44892 43532 44384 43024 42684 44045 42515 43026 43536 43027 44727 43028 43029 43370 44220 43034 43714 45415 43205 44905 43206 43207 43547 43719 43382 62082 44403 43044 43725 44235 43386 62256 43556 44238 45938 44749 62090 43390 44410 44411 44921 43052 43393 62263 62094 42543 43565 43396 61929 44249 43400 43060 43401 44251 43402 43063 43743 43236 41027 42898 43069 42560 42221 43073 62284 43415 43245 43076 43417 43077 42907 41548 41719 41209 42910 43081 44442 42912 43424 43935 42746 43596 42577 42578 43429 42582 42922 44456 44966 4507 43438 42758 26778 42591 42935 44126 44127 42768 41068 41070 44300 44302 44473 44133 43454 42604 42606 26799 42780 44312 43632 43633 44145 43295 44826 44996 43297 43978 43130 44150 42450 43471 42621 44154 44155 43816 43306 43307 42460 43140 43142 43312 43992 43313 43654 43145 43315 43316 43656 26656 43317 43997 43148 44849 43319 26659 44511 43151 44001 42472 44005 62876 44176 44006 45877 43666 62367 44177 44178 44008 44180 43161 42481 69171 42482 44012 43844 44015 43166 44866 43676 42487 43167 62209 44019 43679 44531 42491 43681 44532 43343 27363 43683 42494 43685 44196 26857
ap 29
hp 48
t 47173 47513 49342 49941 66856 30775 69067 47223 31117 49945 50030 69113 47270 47484 72984 47356 50035 31166 47273 65549 49529 47276 66317 47108 49658 47196 47323 50046 30968 30887 47123 47506 30889 47338 47721 67441 47339 47257
ap 30
hp 64
t 35018 35657 33447 13048 32982 33578 12328 33579 35066 69917 14158 74976 35069 54067 70515 33203 74258 14589 34904 13994 36691 35034 15316 36652 54842 33636 13618 34401 53952 53824 13364 33680 10647 35638 51322 33684 54127 77503 36321 33601 77333 51366 53578 70408 13799 14054 70580 51455 13589 33649 70411 10657 53540 33098 34927 33099 53544 75475 36631 14404
hp 62
t 52277 12329 53044 29415 12502 29842 36558 13354 36476 36480 28831 36483 30279 52890 13706 16172 36320 36746 52898 29948 12526 35902 15077 56472 10658 52990 36247 36333 52995 52910 49679 36506 36252 52913 12368 52828 13902 14072 10503 53003 36512 14073 36514 36600 54282 10677 36432 52840 36268 36525 36527 36442 36445 52936 33301 29393 33559 52857 29229 52690 52946 12401 36458 52950 36291 29661 13172
ap 31
hp 46
t 29854 67297 49936 47237 50170 50064 30960 50128 49577 49704 53084 50003 49303 47137 49433 47118 50264 47183 49246 50351 49310 49694 65569 49992 65571 47128 50039
ap 32
hp 385
 39865
ap 33
hp 158
t 14307
ap 34
hp 386
 52475
ap 35
hp 295
t 70208 51935 70214 70217 51943 70218 51607 50673 70224 51609 51950 70226 51612 51017 70228 50678 51614 51954 52125 51956 50680 51958 70233 51618 52554 70235 51621 51961 50774 52134 30460 70241 70242 51628 70243 70328 51629 70244 70159 51630 70245 51460 51632 50868 52145 70252 70253 50703 70255 52070 51561 51904 50976 51911 50977 51915 36021 51916 52173 51919 52174 52089 51920 51922 51923 51924 51926 51928
hp 106
t 75286 75308 75287 75330 75309 75310 73780 74120 75290 73745 73746 73747 73789 73790 73791 73750 75343 79788 75328
hp 249
t 61862 68630 68610 68611 61854 61537
hp 69
t 49723 29409 30429 30090 30430 30091 29412 30433 30093 30094 30434 29417 31627 28739 30440 30101 30441 29762 30442 30103 29764 30448 30109 29769 28751 50429 29944 28925 29777 29778 30033 29864 29949 29356 31651 30126 11173 30130 29707 28688 29369 28860 28864 53089 28865 28695 28866 29803 53178 28699 53180 30400 28701 28702 53182 28874 29810 30405 29811 29812 30067 29305 28881 50386 28712 29903 30158 30413 28715 28886 30416 29736 29061 28721 30084 29406
hp 314
t 74606 55567 55653 55569 55613 58270 58206 55615 55658 58125 81437 55852 58296 58211 38981 58297 81589 58235 74556 58281 39072 74623 39073 39075
hp 248
t 61543
hp 269
t 36122 35910 36294 36125 36168 36086 36195 36087 35922 35924 36181 36182 35929 35930 33381 52464 36188 35936 35937 35938 36193 36024 52470 36194 36109 36025 36280 36110 35941 35854 36027 35942 36111 36196 52475 36198 36117 36204 35865 35909
hp 218
t 14524 33267 14684 15332 14653 14571 33727 33271
hp 272
t 61708 66320 68448 67261 67176 67453 68409 66413 67221 67162 67205 68820 67546 67249 67230 67208 67251 68058 66552 67211
hp 256
t 63239 63411 64178 63242 64179 63244 64180 64181 63245 63416 64183 63247 63333 63334 64186 63336 64188 63347 64707 64157 64116 64159 63906 64161 64120 64122 63400 65143 63401 64125 63234 63405 63236 64171
hp 247
t 62106 61852 61847 61858 62108 62140 62100
hp 265
t 65618 70209 50147 70211 70212 47262 67322 70215 65628 50159 70219 70220 67161 67163 47281 65812 70232 65642 65646 72793 67184 65654 71097 73356 70254 65837 50027 72978 47139 66180 72981 65671 72982 65672 73152 66353 73359 72989 73160 72991 73161 72992 73162 72993 73163 73360 65855 72997 73168 72999 73169 66200 73170 73001 73171 50051 70962 73172 73173 50053 73174 73005 72834 73175 50055 73345 73176 73007 70796 70797 73177 73346 73178 73006 73008 73179 73010 73348 73180 73520 70969 73349 73350 70971 73351 73013 73012 73183 71654 73353 72844 73524 73184 73185 73696 73525 73526 73697 73186 72846 73187 73527 73188 71659 73699 73189 73019 65879 73528 73529 50069 73190 73702 73530 73191 73531 73362 73193 73024 73363 73194 73195 73026 73196 73027 73707 73197 73028 50077 73198 73029 73368 73199 73030 65548 73031 73032 47192 73033 73034 73714 73036 73716 73717 73207 73039 50089 73042 73722 73212 73043 73723 73213 73214 73215 73046 73048 65568 73049 73051 73052 65572 73700 71019 73016 73399 71023 73063 50113 50114 65925 50115 73406 73068 70689 73069 73070 66272 65934 73076 66278 73020 49281 72744 73086 67140 67141 47254 50146 49297 73267
hp 273
t 73182 67233 66936 73354 73014 73355 65662 67193 73695 47303 50066 67278 66347 67241 73404 65626 66307 47269 72769 72812 66310 66013 73536 66014 66015 66356 47190 65933 72775 47275 66488 66361 65639 73035 65896 73588 66024 65601 73591 66622 30752 30755 65946 72747 66414 66033 66034 65823 66035 65866 52138 47213
hp 293
t 63409 63891
hp 297
t 61454 61539 61625 61880 68681 68939 69024 62146 69201 68609 62406 62067 61728 68870 68871 68957 61901 61902 68958 62159 62076 68793 68879 68794 61569 68709 68880 69221 62336 62337 69137 68715 68716 68718 68976 68977 69149 61585 69066 69152 68983 69324 69239 68986 68987 61592 61593 61594 62363 62111 62281 69168 45368 61774 68664 43164 69174 62460 61610 61870 62126 62297 62383 61877 61792
hp 168
t 29938 29897 29919 29771 29899 29815 29776 29904 29905 29820 29821 29907 29822 29185 29207 29823 29950 29909 29187 29808 29937 29896
hp 338
t 69538 69539 69199 69540 68865 68866 68867 68869 68875 68878 68881 68884 68885 66845 69225 68886 69568 68888 68889 69059 68890 69570 68891 69571 69572 68893 69574 68894 69575 68896 69406 68897 66687 69238 68898 66688 69579 68899 68900 69580 69410 69581 68901 69411 68902 69582 69072 69412 68903 69413 69584 69071 69415 69586 69416 68907 69076 69417 68908 69077 69418 68909 69419 68910 69590 66700 68911 69591 69421 69423 68914 66875 68916 69086 68917 67557 68918 68919 69600 67560 68923 68924 69604 68925 69096 68927 69607 69097 69098 68929 69269 68930 69610 68931 66721 69612 68932 69102 68933 66723 68934 66894 66724 68935 69614 68936 69616 69106 68937 68938 69618 69108 69109 69111 69623 69624 69114 69625 69455 69627 69117 69458 68950 69291 61811 68955 69302 68962 68963 69473 68973 66595 69490 69321 69495 65926
hp 328
t 33828 34681 34683 34175 33325 33845 34186 34706 51027 34707 34709 33350 13121 33523 34714 34205 33865 34715 34716 34719 34721 33872 33362 34723 34043 33363 34724 33875 34044 34726 33878 33881 34051 35923 33883 35413 34733 34054 34565 35415 34055 34677 33376 34057 34739 34231 33891 34741 33892 51061 34742 33893 34743 35424 34744 34064 6696 34746 33387 33898 34068 35429 34071 51071 34072 34752 33903 34073 34753 33393 34754 34755 34586 34756 34076 34587 34759 34079 51080 34083 34763 34595 34087 34767 52447 34768 51088 34770 35961 34091 34092 51092 34093 34094 34095 34096 35970 34780 33940 35983 34115 33438 34800 51122 34633 34125 34808 34809 33960 34300 34810 33449 33282 33793 34644 34646 33796 34649 34651 33974 34656 33466 34147 34658 34661 34662 34663 34666 34667 33820 34671 34161 34672 33315 33316 33317
hp 235
t 50833 52545 50782 50651 52128 52139
hp 317
t 55843 56056 39459 55886
hp 225
t 33658 14449 32979 33150 33065 33576 32811 14537 32812 57124 57125 33073 32988 14459 32905 33161 57135 32912 14467 33486 14555 32916 33086 32919 33092 53747 32838 33603 33688 33604 33605 54515 34542 33692 34372 14483 33693 33184 32929 33695 33015 32932 33782 34377 14488 33443 32934 34549 53930 34380 53932 32852 33192 33279 33619 33109 33110 33621 34556 14496 32771 33111 33538 33539 33540 33200 34306 33201 54367 33202 14502 33117 33713 33204 32864 32779 32865 34311 14506 32866 33121 32781 33717 33208 33124 33039 33210 33719 33125 34316 57096 33127 33042 32873 34318 33128 34319 33724 32791 32877 33132 35767 32878 57187 14688 33645 33135 32797 33138 57193 33733 33055 34331 33737 14445 14360 32806 32807
hp 296
t 62941 64068 63771 63071 63751 64134 64242 63839 63987 64137 63947 63969 63758 63292 63868 63762 64296 63745 63660 64129
hp 283
t 41033 41352 41013 65089 40971 65047 65112 42587 22847 78800 65115 40976 41340 65226 41001 41766 40981 40960 41215 41386 41173 42726 40984 40963 41006 40985 22690 78281 41328
hp 84
t 60257 60332 60277
hp 289
t 34168 17169 34171 33832 18362 33153 33238 33239 33155 33156 33496 14372 34264 14374 33245 34180 14547 33485 33248 14378 33505 34525 33251 34526 33506 14382 33253 33848 33168 14722 33169 32829 34529 32830 33850 34530 32831 33851 34191 34532 14384 33255 14387 33258 33259 34534 16855 33517 34538 14733 34199 33519 33181 34287 34202 35648 34203 32843 16864 35311 17206 34291 33442 33189 35484 14490 34211 16872 33278 35659 14409 14410 33196 14413 34559 33454 34221 33116 34222 35837 14503 34478 34225 33205 33803 34229 35675 32788 33131 51406 51407 33218 33473 34408 33219 34240 33221 33476 34242 33053 33225 34415 33226 34501 14356 34333 34250 33145 17166 33401
hp 172
t 66638 45218 45221 45222 66642 45223 26864 69025 45225 45227 45228 45229 45230 26870 45231 69377 69380 69381 45922 69386 69387 45928 66668 69391 69394 69395 69056 66676 45936 69057 69058 45260 43221 45261 46622 69403 68723 69404 69065 45265 69068 43228 26908 43229 69073 43234 27594 69075 46635 27597 26917 27598 43239 69079 69080 69081 43241 26921 69082 27603 43243 69083 43244 69084 26924 69085 45964 69424 43246 45966 27609 69429 45969 27610 45290 26931 27612 69093 43254 45974 69095 43257 45297 69437 68758 69439 69100 45300 45980 69101 45981 68760 27622 68762 69103 26945 27627 69107 45309 46669 45994 66739 26960 46000 46004 26964 46006 46007 26972 69472 26973 26974 26975 26636 26979 62340 66086 62347 69487 69148 62348 69153 26993 69154 26994 69156 26996 69158 66779 69161 69162 69165 27005 45706 45216 69169 27011 69179 69184 26684 69185 69188 69189 27029 69193 69194 27034 69202 27048 27050 27052 69213 69216 69217 69219 27059 45421 69561 45762 69222 45763 69224 45089 69232 69233 46794 69235 69237 27077 27079 69241 69243 45103 69244 46804 69245 69249 69251 43080 45122 45123 45124 45125 45126 69268 26770 69271 69272 45132 45133 69274 69276 45136 69277 45137 69278 69279 45140 69281 69282 45142 27462 66563 69284 45145 69286 69287 45148 45828 69288 69289 43109 69290 45151 69292 27133 69294 69295 69296 69297 69299 45159 45160 43121 45162 45164 69307 45168 68978 26818 45179 26819 66260 68981 45521 69322 68982 45183 68984 69326 45186 27518 45880 26840 66281 45204 45205 66965 69346 45207 45208 45212 45552 26852 45213 45553 45214 46575 26856 45217
hp 323
t 61878 62389 69190 69192 61883 69195 69026 68686 69200 62060 69030 68860 61720 69203 62064 62404 61726 69206 61727 62068 62069 62070 61560 62072 62073 62074 43204 62075 68877 62077 61738 68711 61571 62422 61572 61743 61742 43212 62424 62425 43215 62426 61577 61578 62046 68719 61579 68722 62433 62434 43224 61588 69240 61590 61591 69242 62272 62273 62444 62275 69246 61596 69247 61597 62278 43238 61599 62279 62110 62280 61600 61601 62112 62113 61773 62283 62114 61944 62115 61945 62116 62456 61606 62117 62118 61608 62120 62122 62123 62124 61614 62125 62296 62299 62131 61453 61793 62303 61795 69280 68946 68947 61807 62148 62149 68613 68954 62154 68784 62156 62158 66918 62332 69305 68796 68628 62338 68798 62339 62341 62343 68635 62345 62346 46026 69317 69319 61499 69320 69150 69151 62352 68643 61844 69325 61845 46035 69327 69157 62358 68989 61849 69159 68990 69163 62194 69164 61855 62025 68656 62196 61857 68657 69167 61859 68659 62369 61861 61863 69344 62204 62035 62036 61868 62039 62382 69186
hp 319
t 57670 81428 81471 58266 81429 58352 57629 81430 58353 81431 58354 57675 58356 57635 81436 58360 57839 58190 57639 57641 57625 58323 57644 58367 57602 57604 81426 58286 81449 58287 58289 57627 57698 57613 57615 57530 57701 81416 81417 81418 81419 57620 74663 57621 81424 57710 81425 58263 57626 58264 81427
hp 123
t 31777 48194 48300 31928 48248 31991 48568 32186
hp 268
t 36293 51083 35912 36040 34680 36296 36297 34640 35915 36298 36085 52448 34302 35920 35921 36091 36177 36220 36305 36306 36221 36349 35967 36222 36179 36051 36094 52456 36178 35925 35927 52459 35926 36183 51101 36186 33807 36061 36617 34580 36197 36072 36290 36205 36120 36292 36207
hp 246
t 62858 61512 61871 62870
hp 68
t 49850 31702 49765 31704 49299 49470 31662 31581 31582 49849 49692 49695 31591 49441 31592 31719 31593 31680 49828 31597 31682 31640 30919 31726 49322 31601 31602 31644 31603 31730 52131 31575 31605 31606 50348 49797 49800 31611 31612 49759 49674 31017 31613 31655 31615 31657 31658 49509 31659
hp 178
t 8306 8307 31874 8308 8287 8309 8310 29837 8311 8312 29839 8398 8313 8314 8357 29863 8358 8315 8359 8361 8276 8319 8362 8363 8364 32696 8304 8305
hp 169
t 30002 30513 30003 30004 30600 31451 30006 30177 30007 47858 30178 47687 30603 30008 47689 31284 31455 47691 47692 30013 30608 47693 30694 30609 31885 30695 30186 31886 30696 30611 30187 31292 30188 31293 47869 30189 30614 32739 47870 30190 30360 30022 31213 30362 30618 30707 30027 30029 30200 30201 30031 30372 30628 31139 30034 30629 47800 30036 31908 30038 31909 30380 30381 30636 47722 30382 31402 30383 31404 31916 30472 30047 47729 30644 47817 47648 31244 47734 31416 31417 31418 47824 31845 31420 30146 30147 30148 31340 30151 30661 29982 30493 30664 31344 30496 30582 30497 30157 30667 30595 30668 30585 46990 30501 30586 30587 30502 30077 31269 30079 30165 30597 30168 29828 30678 30169 30679 30680 31191 31361 30172
hp 227
t 54717 54473 53667 54639 54594 54574 54596 54628 54555 54598 54673
hp 105
t 75318 75372 74958 74873 75490 75311 75354 75513 75291 75494 75389 75284 75295 75285
hp 173
t 47768 46748 47598 47769 47599 47770 46579 47771 46922 46414 45736 47097 30779 47780 47783 47786 46768 47788 47789 46769 47790 46774 46944 47966 46266 47766 47803 46953 47805 47806 47129 47979 46962 47813 47814 46627 47478 47821 47482 48333 45276 45277 47488 45278 45280 47833 47834 45286 45287 45289 47500 47167 45298 45130 47171 47511 47852 45138 47520 46501 47521 47523 47524 46505 46848 47533 48043 46343 47535 46856 45666 47537 46347 46688 46348 46690 48222 46864 46866 48057 46868 47549 46869 46359 46870 48059 46871 47212 47552 46872 46873 47553 46874 47554 47555 46875 46876 47556 46877 47557 46878 47558 47559 47562 47563 47564 46884 46374 47565 47735 47567 47058 46889 46890 46891 46892 47744 46895 47745 47576 47746 47577 47747 47748 47579 46559 46899 47749 47750 46901 47751 46902 46562 47071 46903 47752 47753 47754 46565 46905 47755 46906 46566 47756 46907 46567 47586 47588 46908 46568 46569 46909 47759 46910 46570 47760 46572 46913 46743 47765 46576 46746 47597 47767
hp 165
t 9634 9931 8266 9968 9937 9983 9970 9940 9951 9973 8231
hp 113
t 74545 74376 74546 74206 73867 74547 74207 74548 81434 74549 74550 81606 74722 55428 55514 74554 74216 55431 81443 74304 55605 81445 74305 81446 55436 81447 55607 55437 55438 74224 55439 55610 74225 74226 74397 74227 74313 74228 74059 74568 74229 81284 74569 74570 74145 74656 74232 81287 74658 74743 74572 74659 74573 74063 74574 74234 74746 74236 74576 74237 74748 74578 81293 74749 74239 74579 55540 81635 81295 74326 74155 74751 74328 74329 81640 74331 55551 74591 55638 58274 55557 81408 74183 74609 74524 74610 74526 74697 74187 55488 74700 74616 74617 74618 74533 74619 74705 74620 74451 74536 74622 74537 74368 74370 74371
hp 321
t 14363 14618 14534 14619 14450 14620 14452 33067 14538 14539 14454 14455 17687 17689 14461 14462 14632 14463 14633 17693 17695 14466 18122 33596 17703 16856 33687 18388 33094 17200 33095 14481 14396 17203 33609 14484 33610 14485 17205 54435 14486 14400 33611 16868 16869 14407 14493 14408 33788 57164 14495 16878 33624 14416 33712 14504 33630 33716 32952 14422 18417 32868 32782 33718 14423 14594 14424 14595 14425 14340 14426 32958 14768 14514 14429 14769 16895 14770 32790 14516 14771 14431 14517 14772 14347 14518 14433 14519 14435 14521 14436 14351 18431 14616 14523 14438 14693 14694 14525 33650 14355 14441 14696 14527 14697 33653 14443 14699 14700 14617
hp 259
t 34090 51126 52454
hp 175
t 30853 31703 49638 31708 49643 31709 30860 31710 30861 31711 31712 30863 31033 31034 31714 31035 31716 31718 31720 31721 31722 31723 31681 31727 31729 31646 31689 49587 49799 31570 31698 49847 30850 31700 30851 30852
hp 329
t 52362 50836 50666 51347 51518 50668 50839 50669 50670 50842 70902 50843 50844 52544 36054 50675 52546 51015 50847 52548 51018 52549 35379 52550 52379 51190 52551 51191 51021 50853 50855 51536 51196 50856 50857 52556 50858 51198 52560 36070 50861 52730 50863 50864 50865 52565 52566 50867 50869 52569 70249 50870 50700 52571 50871 52061 50872 50701 50702 50873 50874 52064 50875 52065 50876 51386 52066 52067 51562 52075 52081 49362 35933 52090 52091 51081 49387 50751 52452 52453 49394 35965 52115 51606 49233 52124 49406 51617 52127 49238 49407 70148 52129 52136 52137 70158 52144 51975 50784 50785 51125 52146 50786 52148 50788 52149 51980 50789 52150 51981 52151 51982 51983 52154 52155 51135 50626 50795 50627 52157 50628 52159 50978 50980 50981 50982 52513 50645 50985 50646 50816 50648 50818 51839 50819 50652 50822 50653 51337
hp 231
t 53462 53636 53638 53639 53642 54832 54663 54833 53644 53645 53985 53646 54836 53647 54837 54668 53308 54328 54669 54329 54670 54330 54671 55011 53481 55012 53483 55014 54843 54762 53320 56214 53326 53327 55029 53329 53416 53503 53249 53335 53251 53254 54968 54883 54969 77664 54970 56160 56076 56161 53272 77581 56078 56162 56077 56163 53357 54888 56164 53275 56248 53360 56252 53363 56169 54981 56171 54982 53283 54729 53457 53460
hp 322
t 79392 78055 64158 63905 64160 63396 64163 64206 64166 63402 78065 64168 63403 64169 77897 63363 64172
hp 208
t 33743
hp 330
t 52442 51082 51084 51085 52445 50663 51089 50664 51769 52449 52450 51091 52112 52283 51093 51094 49309 50840 50672 51013 50589 50590 51100 36055 50591 73456 51016 36142 73628 51104 36824 50510 51105 51107 50513 52553 50854 50684 35384 51335 36831 51112 36067 50860 50862 50522 36073 36075 49761 50531 35913 35914 36084 50790 50995 52152 52153 50624 36092 52158 36093 36095 36351 36273 50468 51066 36022 50984 52514 50647 35943 51073 50649 36114 36285 50650 50820 35946 50991 51162 50654 52439 50827
hp 171
t 46631 47763 47073 48446 46232
hp 179
t 32042 31873 31958 32469 31875 30688 31955 30009 31964 32135 48200 30689 30690 30011 31967 30693 46930 47016 30700 31975 30701 30702 30617 31808 48213 30703 48214 48299 31810 32577 31897 31898 47624 32071 29862 32073 29868 29870 31826 31996 31827 31998 31914 31999 31915 32765 31831 31747 31918 46963 31919 32089 31835 32175 31750 31751 32006 32177 31328 32011 32182 48334 32016 32187 48252 30657 32188 32102 48253 32189 31933 30659 31851 32021 46981 48341 32023 31856 31942 48177 31857 31943 32538 32028 32541 31861 31862 32032 30672 48354 31866 31952 32037 31868 46997 32038 32549 32548 31953 31870 32551 47001 31872
hp 270
t 75988 75818 71909 75989 76498 71738 75991 76161 71912 76501 71741 71913 71914 75994 76504 75824 68515 76505 75996 76506 75997 76507 75827 76167 76168 75828 76508 71919 76169 76509 72429 76001 71921 76171 76002 71922 72260 71582 76004 76005 71925 76007 75837 72437 75838 76009 71759 75839 72439 72440 76519 72270 72441 76012 76010 76522 76011 72443 76354 72104 76015 76524 75998 72277 76527 76358 71938 76529 72281 72112 72113 76533 71433 76025 76535 71776 72117 76368 68548 72118 71778 68549 72119 71950 76031 72121 71612 72123 71955 72126 72128 71960 68560 72131 72132 72472 72137 72138 71798 71969 71800 71971 72652 72144 71976 71977 71638 72318 72148 71808 71809 71981 71811 71302 71982 71983 72153 72154 71814 72155 66886 71816 71987 71988 71818 71989 72670 72160 71820 71993 71824 71996 71997 71827 71998 71999 71829 72001 71831 72002 72003 71833 72513 72004 72514 71834 72005 72515 71835 72006 72516 71836 71839 72690 72691 72861 71842 72013 72694 71844 72015 72696 72526 72527 71847 72024 72195 72026 72536 72537 72877 71858 63700 72032 71692 71865 72376 72036 72206 72038 63708 71700 71870 71702 71703 72045 63715 71535 72046 72047 71708 72048 72558 72049 72559 72050 72220 71711 72051 75793 75794 72054 75796 75797 72399 72059 72569 72063 71724 75805 67815 71726 75807 79890 71900 71901 71902 75813 71733 75814 71735 75816 75986 71907
hp 176
t 8370 8242 8243 8583 9943 8286 9605 8245 8585 8246 8588 8248 8249 8590 8250 9950 8591 8252 9613 9614 9954 8341 8256 8257 8300 8343 8258 8345 9960 8346 8262 8348 8603 8221 9241 9964 8264 8224 8225 8226 8228 8229 8274 8445 8360 8275 9764 8277 8576 8237 8366 8281 8283 8241 8284
hp 298
t 63833 72120 72037 75819 64219 71869 64432 71956 71961 75999 71792 64015 80761 64234 71841 62833 71928 67594 64067 64026 76013 63647 62755 64371 63734 76018 64118 71853 64119 76020 68752 71940 63867 64208 76023 71860
hp 224
t 33066 33661 33662 35788 33663 53724 54491 53727 34944 32989 54070 13869 34949 33655 54074 13870 34953 32998 53738 54674 54675 34957 34959 32920 53916 33091 54683 54684 54687 54008 33783 54438 53929 12534 54696 53931 33616 53847 33618 53933 34979 53934 34981 54448 54704 54364 53854 54280 54535 53855 54281 54366 33628 54708 54538 54710 54626 54456 33632 40517 53863 54458 54374 54543 54459 54376 54291 53866 53697 54377 54718 54463 33214 33554 54379 54635 33640 54466 53873 33728 54384 33560 53875 54470 54386 33646 53876 53709 54389 54391 53887 53884 54479 14530 54480 54567
hp 294
t 34906 35054 51291 70405 34924
hp 339
t 66808 69528 66298 65958 66639 66810 66811 66641 66812 66813 66643 66814 66295 45224 45565 45566 66821 66127 69527 69542 66654 66655 45235 66996 66656 69547 45919 67000 66661 67002 66154 69384 67004 66664 66669 66672 69393 66675 66846 69227 66677 45088 69398 65999 66679 69060 66680 45431 69061 46621 66682 45093 69063 66684 45435 69064 66685 45775 66686 45438 45270 46630 46802 66865 26746 66867 69248 69250 66702 66873 46643 69426 68747 45121 66201 69431 67563 26765 68928 69438 45131 45301 66722 69273 45302 46833 66214 67064 69275 46836 67577 66217 45307 69447 69617 66220 68940 69110 66561 66221 68941 45143 66223 66564 46844 66565 69285 68945 45146 45147 68948 45149 68949 66569 45150 45830 68951 66571 68952 66572 68953 66573 66574 66577 45157 46008 66071 66752 66755 66587 66757 66759 66760 66080 66761 68972 66081 65913 45513 66763 66083 66764 66765 66596 66088 66768 66769 68980 66089 66805 66770 66091 66771 65924 66774 45526 66776 66097 69498 68991 66781 65932 66612 66783 66104 66275 66615 67296 66617 66958 66109 66790 67302 66115 66626 66796 66797 66628 66798 45209 66629 66630 66800 66631 66632 66292 66802 66633 66634 66804 66635 66124 66125 66636 66806 66637 66807
hp 335
t 43262 61794 66681 61881 65998 43399 68985 69028 26701 69074 26788 69118 67929 68864 62150 61725 62065 26875 45703 68612 68868 68614 68912 61730 68956 69212 62370 68959 66663 68874 67514 62244 68704 45839 68876 46013 68708 67349 68710 43253 69051 45251 68713 45169 62381 68714 62130 43174 61874 43175 62342 68974
hp 318
t 39077 39079 58268 57986 58290 58292 58271 58293 39084 58294 39087 39066 57999 58299 58280 58282 39074 58284 55650 39076
hp 177
t 32130 48196 48368 48370 48372 31798 32138 48288 31801 32482 48377 48208 32145 48295 32146 48381 48297 48383 31809 48215 32067 32493 48133 32494 48136 48138 32159 48139 32074 31993 47635 48572 48147 48232 31997 48233 31830 48321 31833 31834 31749 32004 31836 48326 48327 31753 48328 48329 48160 48330 32181 48331 48247 31757 31758 32101 48336 31847 48167 48337 31762 48338 48339 32190 31850 48340 32191 48256 48342 31769 32110 48176 48263 31944 47076 31947 48182 48522 47672 31780 48187 46998 48189 31954 31785 48360 48531
hp 277
t 70038 36718 70039 71400 70040 71401 70041 71402 70042 71063 70383 70043 71064 70044 69695 71065 71066 71407 71067 70049 70050 70052 72093 70053 70054 70055 70056 70057 70058 71079 70059 70400 70401 70061 70402 71082 70062 51363 51364 51365 70406 70407 51368 76528 70409 51369 71089 70410 71091 51371 70412 51372 70072 51373 51374 51375 70415 70416 70417 76537 35057 70418 72798 70419 76539 70420 70421 70081 76542 70422 70082 70083 70424 70084 70425 76497 70085 70426 70427 70088 70429 70089 70430 70090 70431 70091 70432 70433 70093 70094 70095 70097 70438 70098 70099 70440 72820 70100 70441 70103 70445 70105 70446 70107 70448 69768 70449 70109 70450 70110 70451 70111 70452 70454 70114 70456 70116 70118 70459 70119 70120 70461 70121 71142 70462 70463 71143 70123 70124 70125 70126 70467 70127 69788 51428 70469 70129 70470 70130 70131 70132 70476 71496 51437 72859 70141 70142 70483 70143 72529 70491 71171 72534 70510 71190 71194 70175 35497 71200 76304 70525 51493 72575 51496 51497 72917 51499 76323 51504 70548 51508 51509 51510 76330 51511 51512 52192 72592 51513 52193 52194 72594 51514 52195 51515 70555 52196 70557 51517 75657 72598 69878 52199 77025 52207 52208 76349 69891 72611 71251 72612 70912 69892 72613 69893 72617 34881 69903 51543 76365 51547 51548 51556 51557 51558 76379 51559 70259 70265 70266 70267 51908 72649 69929 71289 70610 70272 70273 70274 51575 70275 70276 70277 70278 34578 70279 70620 51921 70281 70282 70284 51925 70285 70286 70287 70288 51931 69953 69954 70976 70296 70298 70979 35279 69960 70301 70643 70304 69965 71665 70305 69966 69967 51948 71328 70308 70989 69969 70649 51610 69970 70309 69971 70310 70311 69972 70652 71332 70653 69973 70313 70996 70316 51957 70318 36659 70319 69980 71001 71002 69983 51623 34623 71004 51624 71005 71006 51626 51967 69987 69650 51631 69651 34292 51293 69994 71015 51635 71016 71017 71018 69998 71020 70000 71360 70001 71361 70002 71362 70003 69663 70004 71364 71025 70005 71365 70006 71366 70007 71027 69667 70008 70009 70010 70011 70012 71372 70013 71033 71373 70014 70015 70016 70356 70017 36698 71378 51658 70019 70359 71040 51660 69680 71381 70021 71041 71042 70022 69681 70023 71383 69682 69683 69684 71045 70026 71386 70027 71387 71388 70028 69688 70029 71389 69689 70030 70710 71390 69690 70370 69691 70032 70371 69692 71053 71393 70372 71054 71394 70714 71395 70373 69694 71396 70037
hp 115
t 74128 80992 74077 80909 80910 74089 80900 80911 74090 79871 81007 79023 74084 81330 81331
hp 324
t 78368 79218 78878 77858 78370 79221 79222 80753 77864 78884 79735 78885 78206 78546 78209 79400 79401 78553 64613 79236 77876 78047 79577 78560 77881 78221 78222 78223 78904 78224 79245 78225 78226 79587 78227 63268 78233 78404 77894 78574 78235 78915 78236 78407 79597 79258 78918 78409 78580 78921 78412 78413 79436 78246 79608 79439 79270 78421 78423 79273 77913 78424 79274 79275 78259 78091 77922 78942 77924 78267 78268 78269 79460 78270 78101 78103 77935 79127 79297 78449 79469 79130 79300 79303 63325 64516 79306 63329 78289 78293 79144 78296 79487 78297 78809 63340 78811 78131 63341 60283 64199 78822 78485 81886 78487 78488 78999 60130 78493 78153 64214 78494 78495 64045 78501 64901 64903 77825 79866 78166 77828 79189 77829 64229 65249 65250 77831 78172 78342 79193 77833 78173 64574 77835 78005 79197 64747 78008 79199 78009 77840 77841 78181 77842 78182 77843 78186 79716 78188 78529 79213 78533 78023 78877
hp 119
t 73788 75489 74124
hp 306
t 43551 27376 27015 27026 43548
hp 232
t 78369 78879 79220 78880 78881 77861 78372 78882 78883 78544 59504 78545 78548 78549 78380 78210 78550 78211 78551 78382 78552 79232 78212 77874 79234 78554 79575 78895 78214 78555 78045 79407 79237 79578 78898 79238 79239 78900 78561 78562 78563 78564 78565 79246 78908 78229 78909 79249 78230 79250 78401 78231 79251 78402 78572 78232 78913 78573 78914 78405 79595 79086 78575 79596 78406 78917 79088 79257 78237 78578 78408 79599 79259 78410 79260 78411 78581 78582 78583 78414 78584 78415 79095 78925 78416 78245 78926 78586 79266 78927 78587 78928 79099 78588 78589 79269 78419 78250 78590 78931 79271 78591 79272 78422 79443 78934 78254 78935 78255 79276 79107 78937 78258 81489 78429 79619 78430 78431 78261 79281 79284 59564 79286 79288 81159 78440 79290 78271 79294 78275 78957 79128 78448 78958 79129 78790 78960 78451 79132 81174 79477 57547 81691 78462 78292 78463 78973 78467 81871 79321 78133 79323 57564 81196 78989 81201 78484 78826 78492 79342 79006 79692 78504 78505 78165 78167 79188 79191 79192 79194 78515 77837 77856 79198 60331 60333 60164 79204 78184 79035 79207 78357 81248 77849 81251 78872 78873 77854 79214 78875 79216 79217
hp 257
t 61538 61540 61670 61671 61672 61461 61463 61548 67585 61679 61468 61469 61853 61683 61684 67465 63217 67595 62071 61690 61521 67471 61523 63223 61524 63012 61695 61866 61441 61655 63016 61445 63189 61449 63021 61662 63194 61452
hp 331
t 34636 36080 34637 34764 36081 36082 34765 36083 51090 35876 51772 51095 35840 51056 35842 36014 34102 51102 51103 35932 52295 51062 36104 34107 36062 52257 52300 51110 51111 35939 52260 51113 51114 52474 51115 51074 52265 52224 35992 36119
hp 334
t 33318 33829 34084 17466 34127 34085 34086 34172 33834 34217 33326 33794 33797 34634 33798 17139 17097 34185 33888 34635 33378 33889 34058 34781 16803 17017 33380 34103 34654 33804 33805 34062 34192 33895 13240 33853 10308 33982 34066 17832 34067 17833 17068 33899 18386 34069 15327 17113 33859 34114 34751 14691 34074 6748 15078 17459 33866 33528 12023 34718 17124 34039
hp 101
t 71677 71592 71507 76374 72910 72273 70999 67238 76291 71595 68450 72276 70375 71664 76297 71495 70946 71499 70948 70991
hp 160
t 14587 12377 17181 33347 12443 36616
hp 109
t 75619
hp 264
t 67148 67149 72759 67150 72250 65620 67151 67320 65621 67321 65622 70213 65623 72763 67323 72764 67160 70221 65631 70222 70392 70393 67164 70394 70395 67168 72949 67169 67170 67171 70913 67173 70914 70234 68535 70915 68365 68366 68537 67177 68538 67178 65648 67179 71598 68539 65650 68541 67181 67182 65652 68543 71092 71093 65653 67183 71094 70925 71095 67187 71099 67190 71100 67194 70935 70936 70939 67199 70769 65669 70941 70771 65674 70945 65675 72988 67209 73669 72994 67216 72996 67217 67218 70960 70961 70963 73003 71644 67226 72836 71647 65696 70967 70968 71649 67229 73689 71650 71651 67231 65701 71652 73011 65702 72842 70972 67232 71653 70804 73015 72845 72165 71657 73017 72847 67237 67240 65711 67072 70812 71663 67073 67075 67248 67079 67250 67080 67081 67252 67082 67253 67083 67254 67084 67255 70824 70825 67256 67257 67087 67258 67088 73719 72704 67094 70665 67096 70667 71008 67098 71009 71010 67100 71012 70672 71013 71014 67105 67106 70677 67107 70678 67108 70679 65749 67109 70681 66941 70682 70683 72724 67116 72727 67117 65757 70688 67118 67119 72732 70693 70694 72734 70695 72735 68487 67298 68488 68489 70700 68490 72741 67134 72745 65605 67137 67138 68499 67139 72751 65611 72753 72754 65784 72925 65616 72926 72757
hp 267
t 65955
hp 290
t 75151
hp 255
t 61541 68003 61885 68006 61886 61887 68010 68011 61551 68021 67341 67342 68712 63619 63620 68721 67472 68726 67710 64310 62958 61602 65003 61607 61609 63990 63992 62979 64339 64342 61624 64346 61627 64347 68772 68773 64353 62994 64354 62995 61635 62996 68096 62997 64357 64358 68099 62999 68100 63000 68101 64361 68102 68103 63004 67424 63005 63006 68107 63007 67427 68108 63008 64367 63009 68109 68787 68110 61650 63010 63011 61652 68112 64372 68113 63013 68114 63014 63015 68115 64375 68116 61656 63017 68118 63018 63019 63020 61660 64380 68121 61661 64381 68122 68801 64382 68123 61663 63023 63024 67443 64383 68125 63025 67445 61666 63026 68126 68127 61667 63027 61668 63028 67446 63029 67447 68808 63030 64388 64389 63031 64391 68811 63032 63033 61673 64393 63034 64394 63035 63036 61676 64396 63037 61677 68816 61678 63038 67456 63039 64397 68817 61680 68818 64399 61681 64385 67460 61682 67461 68821 68822 67462 67463 68144 61685 68146 61686 64386 68147 63047 61687 68148 61688 67466 68149 61689 63049 68150 67468 68828 68151 61691 67469 63052 68152 61692 61693 63053 68153 68154 63054 61694 63055 67473 67475 68156 68836 67476 68157 68158 68159 67479 68840 67481 68843 67484 68844 67485 67487 67493 64433 67495 67496 67498 64438 67499 64439 67500 68861 67502 68862 68863 63764 67506 63767 67511 63772 67512 68193 67513 68194 68195 68196 64456 68197 64457 68198 63780 63101 64464 68205 68207 64467 63788 64470 64472 64473 64475 63796 63797 63117 63799 63119 63802 63807 64494 61440 63822 63823 63145 61446 61447 61448 61455 61457 61458 61459 62482 61462 68264 67584 61465 61466 63168 63169 61470 63171 61471 61472 67592 61473 61474 61475 61476 67596 61477 61478 61479 68280 61482 61483 68284 61484 61485 63186 61487 63187 63188 62848 61489 62849 61491 63191 62851 63192 63193 61494 63195 63196 61497 62517 63198 62518 63199 62859 63201 62861 62863 68829 63205 62525 61506 63206 62527 67968 61508 61509 67629 67970 61511 62872 63214 62874 63215 62875 63216 61516 61517 61518 63218 63219 61519 67979 63220 61860 63221 63222 63224 62884 68325 63225 67986 68326 63226 63227 67988 61528 68329 63229 63230 68330 68331 63231 61873 62894 61876
hp 320
t 57628 57460 57631 57461 58312 57462 58313 57463 57464 57465 78376 57466 57467 57978 57468 57979 57469 57471 57642 57646 57988 58329 57819 79070 78392 78394 57655 57658 57490 57661 58002 57664 57498 58009 81809 74670 81810 57500 58011 57503 57504 59035 58016 57507 57680 57682 81312 57513 58365 57685 57515 57686 57688 57518 81490 81830 57520 57691 57521 57522 57523 57525 57526 57529 39680 39681 57531 58216 58217 57708 58219 57711 81682 57544 81515 60265 58226 57546 57548 57720 58060 58061 78461 58062 58063 58236 57557 39197 58239 81538 81539 39210 81541 81549 57581 60302 57413 81383 57754 39904 81555 57415 39056 57416 57586 39906 57417 57759 57419 57420 39910 57421 57591 79011 57422 57592 81563 57424 57594 57425 57765 57595 57426 58956 57938 57601 78341 39921 81573 57603 57775 58285 57605 57606 58288 57439 78349 57440 57441 81581 58291 57442 81754 57618 78361 78363 57624 57456 81766
hp 112
t 74076 74118 74458 74161 74459 74078 74079 73999 74085 74086 74087 74129 74134 74135 74136 74435 74137 74138 74181 74478 74139 74140 74141 74100 74184 74142 74185 74143 74186 74103 74146 74360 74361 74064 74065 74448 74363 74066 74449 74109 74067 74110 74111 74238 74069 74112 74154 74113 74071 74454 74115 74456 74457
hp 315
t 14702 14428 14343 14418 14695 33725 14760 34363 14420 14349
hp 292
t 64077 64248 64079 63369 63412 64039 65230 63349 64021 64617 64076 64023
hp 78
t 41990 45050 41650 41652 41992 41993 41995 41657 42680 42001 40982 42003 41663 40983 42005 42006 40986 42007 40987 41667 42688 42008 40988 42689 42009 41668 42010 41669 40989 42691 41331 42690 42012 40990 42692 42013 42693 42694 42015 41335 41675 42016 41692 44906 42017 40997 41847 41338 42698 42699 40999 42189 42020 42021 41341 42531 41682 41002 42023 41343 41003 42024 41684 58004 42025 41685 22986 41686 65486 41687 41007 42028 41688 41009 42369 41689 41010 42030 42540 42031 42370 41690 42032 41012 41011 41693 42713 42033 42714 42034 42372 42035 41694 42375 41696 41695 41016 42037 42717 41697 42038 41358 42718 42039 65499 41700 42041 42721 42381 41702 42382 42043 41703 41023 42044 42724 41704 41705 41025 42385 41706 42727 41707 41028 42728 41708 42049 42729 41709 42388 42731 41711 42732 42392 22672 41713 42733 44434 41034 41544 42734 42735 41545 42394 41546 44437 41547 41378 62627 41208 42739 41889 41380 65350 41381 41552 41383 41723 41553 41724 44956 41727 41557 44958 41558 41390 42580 42921 42581 41732 42583 42415 42585 22868 41568 44969 42590 22703 43784 43785 42595 41409 44979 41411 45831 43795 41420 41421 44825 41596 41768 41598 41769 41600 41432 41436 58776 41606 41437 23417 41439 45861 41611 44843 43826 41616 41450 26830 41620 41621 41622 41623 41624 41625 41456 41626 41627 41628 41629 42310 41631 41633 41634 41636 42147 41637 62718 44869 41639 41641 41642 41644 41645 41646
hp 104
t 74373 73778 75140 73781 74122 74761 73784 73785 74125 74551 74466 74127 81310 75148 74469 73748 73749 75492 73751 75493 73754 75496 56202 53441 73757 74479 73758 73759 73760 53318 75504 74144 74358 74825 75507 74828 77719 53451 73768 75510 75001 73769 75511 75002 73770 53328 74323 73771 74153 53456 74494 74453 74753 74243 74117
hp 279
t 65649 72556 65660 70984 72303 72866 71581 72293 72920 72507 72551 72913 71300 72395 72172
hp 98
t 75138 77689 75478 75139 74799 56270 77690 74971 75479 75480 75481 75483 75144 56104 77695 75484 77696 75485 75146 75486 75487 75153 74814 74817 75497 75498 75499 74819 75500 74992 75162 75502 75503 75169 75170 77721 75171 74835 77728 75519 75180 74840 75181 75182 75183 77734 74797 75188 77739 77569 75196 75199 75541 75542 77582 75202 77583 75543 77584 77755 75204 75205 77756 75545 75206 53446 75546 75376 77762 75212 77592 74872 75213 77593 77764 75214 74875 75386 77086 75216 75388 77769 75390 75220 74880 75560 74881 75222 77773 75223 74883 75224 77775 74884 75225 74886 75227 74887 74890 74891 77612 75063 75233 77614 75242 74902 74903 74904 74905 74906 75246 74907 74908 75419 75251 74912 74913 77634 74914 75425 77635 74915 75426 74916 75427 74917 74918 75430 74752 74922 76793 74924 74755 74925 74756 74926 74927 74759 74760 74763 75613 77656 74768 74769 74770 75620 74771 74772 74774 75456 74776 77666 75457 75458 74948 74779 75459 75460 75461 77671 75462 74272 75463 75465 75466 75467 74957 75128 75468 77678 75469 74959 75470 75471 74962 75473 74963 77684 77685 74796 75137
hp 299
t 17168 34509 18359 33490 18191 17851 33492 33493 18363 17174 18196 33157 18197 18367 18198 5958 33499 34179 17180 18200 33501 33162 17182 18202 32823 17183 18205 19055 32826 17696 33167 33510 33511 18212 18213 18214 16854 17024 33516 33349 33180 17709 14650 18221 17372 18223 17204 33525 16867 34547 14658 34210 16870 33361 34212 33532 17215 33366 34218 34219 33879 33371 17051 18242 34223 16883 18244 6685 33375 18416 17907 18248 17060 34573 18423 34234 14345 18258 18429 17410 33392 17754 18265 14354 18267 33228 33399 18951 17421 17592 14361 33402 34253 17761 18272 33234 33404 7395 17764 33405 34256 33406 14366 18277 18278 33409 33411 17263 18283 34434 18965 17098 18969 17100 14721 18972 17782 17104 33426 14727 17787 6058 14728 14388 14730 17451 33432 14732 14393 6744 33434 14734 34285 33435 14394 15074 34625 14399 33270 17120 15081 77642 14742 34802 14743 15083 14744 15084 33445 18145 33446 34126 34466 14747 17806 34467 33448 17468 14749 14750 18322 33452 17133 33453 18324 33458 17140 17820 14591 14761 16801 34144 33808 17829 18340 17830 33814 14775 33477 14778 17158 33818 18349 17670 33821 33481 18181 33822 33482 14782 33483 33142 14783 33484 17674 34504 18354 34166 18187
hp 80
t 59328 78371 41653 41655 22785 60356 78205 22786 78716 22789 22621 59342 64612 59853 78894 23475 64615 59349 41839 59012 22632 22806 22977 60547 60548 59871 60724 59024 22645 23331 59201 59372 23504 59715 22996 22997 78417 78247 59038 23508 59040 59890 23512 60063 78252 79613 59044 23005 59046 78197 41536 23007 59050 23012 59052 78092 81327 59738 59739 59740 59231 23532 60083 23533 59914 41725 23025 41726 60256 23027 65357 23538 60259 41559 78450 78280 78111 23541 60264 23375 23035 23545 23037 23038 23039 22869 59250 59421 22701 60271 23551 59761 60273 58915 77956 60107 59767 41410 41580 22711 22713 59266 22717 22887 22719 59779 23400 59950 23401 58763 60128 59790 41601 60132 78154 59970 60146 65248 60150 78511 78004 60325 22926 23267 60328 78348 23269 60330 78011 59827 78187 60339 58979 58642 78362 78194 59834 59324 60175 22777
hp 234
t 13891
hp 76
t 65533 62474 62601 65535 65493 62816 65494 42672 65495 65496 65497 62607 41317 62652 62907 62610 62483 62908 62611 62909 63208 65503 62572 43321 62532 62574 62873 41369 62619 42730 62493 45875 62879 65472 62624 65516 62542 41377 42695 40995 65518 40996 41039 65349 65521 42741 64844 41385 65525 62465 65016 65527 63190 62510 65529 62596 64892 65530 62597 65489 65532
