ap 0
hp 376
 52991
ap 1
hp 377
 44859
ap 2
hp 93
t 53151 52556 52900 53073 53078 52740 52741 53081 49428 52743 30221 52917 53173 52919 52750 47821 52922 52753 30228 53009 52924 30231 28786 49697 53183 53013 28873 30237 28793 49789 49875 29646 29561 28796 28883 28716 10272 66458 29569 28805 28806 29572 28807 28894 30086 47511 31531 29664 28814 47514 28986 47601 53127 52873 52788 28818 53130 52707 30780 10471 30447 10472 47532 50592 10473 31638 29601 47112 52552 50088 29603 10478 29604
ap 3
hp 36
t 24634 26717 26208 69176 69475 25870 27358 69220 25022 42491 25746 42281 25749 24605 69400 42841 42758 27206 42804 26740 62356 45568 27761 69286 27001 27256 26706 25604 43711 25013 27308 42311 27054
ap 4
hp 378

ap 5
hp 89
t 28904 30351 29719 29119 30214 30220
ap 6
hp 379
 20431
ap 7
hp 380
 20479
ap 8
hp 47
t 26291 26334 43589 26589 28035 42273 27780 27229 42997 43763 69179 26381 160 43596 24768 26215 43598 42834 27322 27195 42879 43007 26221 27453 26519 41991 26224 42333 28607 43610 24953 26355 44885 26314 42761 28567 27207 26359 43614 27294 42808 26362 27215 44386 27855 42858 62366 26454 26072 26243 26412 25903 42266 27179 24970 26458 28541 42822
hp 43
t 26546 26547 26551 43555 26555 26556 27238 26559 43729 43732 26054 43566 43567 26062 43742 25894 27255 27086 26577 27257 27260 26071 27262 43752 43584 26414 43585 43586 25736 43587 43590 43760 43591 45636 43768 43599 43769 43770 25921 43771 27282 26604 27287 43608 42928 42929 44120 42931 42932 26443 42934 43618 25768 42939 42940 43620 26621 43625 27815 43629 43630 27310 43631 43634 27319 27149 26985 26987 43647 26989 27332 27333 27334 27335 26996 27337 27338 27168 26999 27339 27000 27340 27171 25982 27343 27344 27345 27346 27347 27348 27349 27350 28373 24977 27357 28038 42836 43520 43521 43524 42845 27376 42846 43526 27377 42847 28058 27380 27210 27381 42851 27382 27042 27383 27213 42853 27384 27214 27385 43533 26195 27386 43535 27216 27387 43534 27388 27389 42859 27390 27391 27055
hp 39
t 42101 42868 42104 42275 42190 42105 26380 42106 42786 43553 25873 43893 26554 42108 42109 42790 43556 42877 24603 42288 44923 42291 42292 44163 44250 42807 27169 27170 27174 42817 28028 42904 42819 42820 42906 42821 42907 42910 42316 42826 42827 42828 42999 42829 43000 42915 43001 42066 43002 42832 43767 42833 42920 44960 42070 42835 42837 42073 28644 42840 44966 43522 43523 41994 42844 42079 44800 43527 42933 26528 27208 44294 43529 27211 43531 42937 26277 42767 42938 42854 44300 42855 27810 42093 42860 42775 42777 42098 26544 43545
ap 9
hp 59
t 58591 78906 78098 79800 78293 80567 41467 79718 79781 79803 79698 79677 79775 79317 79700 58683 80486 79530 79785 58748 41961 65062 79450 79304 79581 79710 79435
hp 55
t 26206 26212 44105 27914 26601 26219 26205 26220 44453 26349 26350 26605 27412 26563 27286 26053 25628 28517 25332 26608 26226 25929 25335 43611 26272 26230 26233 26063 24619 26192 44468 26364 44214 26194 26238 26281 26366 25899 25985 24626 25646 26284 26114 25989 26456 24629 26288 26289 25312 25993
ap 10
hp 90
t 34961 70408 34878 34964 57235 55790 34965 34967 77382 34968 34969 54520 56391 34972 77387 54693 53588 34974 53760 54440 54695 51295 77476 53762 35062 70592 77477 54953 53764 53765 77480 77395 34896 34985 51305 77487 53858 54200 53775 53861 53779 53780 34826 53781 34911 55912 77248 57106 34921 35009 77680 77426 35012 34931 51422 34934 53805 77351 34941 74552 77357 53728 34944 53730 34945 55601 53731 54072 53903 53733 34948 56284 54074 34949 53820 53735 34950 56541 53738 33764 53739 77372 53827 34957 57230
ap 11
hp 156
t 25188 25311
hp 155
t 20184
ap 12
hp 381
 57087
ap 13
hp 163
t 8207 8462 2789 9611 2790 8634 2769 9272 2787 8276 9275 32523 2446 2796 8237 8630 2778 8624 8199 8286 8287 8202 8372 32514 8631
hp 158
t 19881 19826 19805 19880 16109 20466 20212 20213
ap 14
hp 363
t 18268
ap 15
hp 61
t 77886 41932 73895 58680 78400 37771 18646 41767 78062 59447 60384 78235 78830 61150 78491 59791 59452 79427 59027 64893 59453 64809 60389 41775 79430 65321 59204 17214 59460 79353 59549 58871 79441 64737 80974 79444 79446 80724 37801 41843 41883 59395 41291 73932 60165 79461 65012 79720 60682 77858 59416 59417 79308 58653 81009 20065 80840 19385 60185 80926 60356 77867 59082 79313 58998 59083 79228 78040 64610 79485 79741 19391 64866 65122 78467 62658 78468 58667 60623 78898 59689 78220 58756 78476 78307 60117 61308 22972 65049
ap 16
hp 382
 16383
ap 17
hp 383
 73727
ap 18
hp 50
t 81371 58081 6487 35558 81884 58851 40833 57494 81381 18143 57584 57417 59372 38127 37193 58784 60059 58870 58105 58447 59722 37030 57858 57348 58795 58626 57862 57782 58717 58464 37045 14351 58466 37386 58722 37304 60255 16820 58810 58726 57877 57878 34844 60940 16827 18017 19378 18104 19379 59159 60265 39865 81686 34256 58738 57379 58739 59080 58656 81861 58742 18029 17944 59084 58065 35456 58661 16842 35457 57387 81869 78640 59005 59175 35461 18716 14891 35547 59011 81026 81027 18129 57399
hp 38
t 34620 61311 58846 35472 59868 60040 59532 59872 59192 38538 39814 58089 59875 58685 58686 59707 58433 58689 58690 60390 58861 58691 57416 6504 58694 58865 57420 58527 58443 57935 15350 58445 58617 58702 58873 58790 58621 58876 57856 19351 58962 57944 6859 58539 58369 59049 58371 58628 58800 58035 58971 58036 17067 38402 57953 58038 6869 58804 58975 38404 58805 58380 58040 61271 58721 57871 57956 58807 57958 58808 58639 60254 60340 57876 79042 58642 81849 38415 79810 57966 58476 59156 57882 58477 58392 58819 35274 58394 58735 59672 57973 57803 58569 19384 58996 57976 58997 58660 60361 57900 57987 76347 58668 58753 59179 58670 58671 58502 60203 58505
ap 19
hp 384
 40143
ap 20
hp 385
 61375
ap 21
hp 386
 32719
ap 22
hp 387
 78846
ap 23
hp 388
 73662
ap 24
hp 44
t 26800 26716 42782 69388 26803 26719 26805 27060 26720 69391 69561 69221 26976 26466 42788 27066 42793 26729 42795 27071 26731 69232 42798 62349 42799 27330 69320 26395 26820 42461 26736 42801 62352 69577 42462 42802 27080 27081 69412 26997 27082 62357 27083 43659 42639 26829 27341 42471 42642 27002 27087 43664 27089 26749 42475 43495 42816 27091 69083 69338 27093 42310 62372 26417 42313 27098 42484 26677 27019 27104 26765 24981 42831 43682 27026 43261 62386 25752 62388 69358 69104 42074 42330 26435 27034 27035 69110 69196 42421 27037 69113 62313 69540 69285 27041 43021 45826 45912 27043 26704 27300 26707 26282 26708 27303 69463 26369 69464 64364 69294 69549 42349 42435 26711 26628 69384 45839
ap 25
hp 81
t 51706 52046 49156 49157 49158 50689 49159 50691 52052 51543 49164 49165 50866 49166 49167 51378 50868 51548 50869 50870 51381 49511 51382 50872 51383 51553 49173 50874 51554 49174 49175 51555 50877 50878 49178 49179 50879 50880 49180 35071 51561 49182 50882 50884 50885 50886 50887 50551 49192 50892 50893 49194 52085 50894 52086 52090 50901 50902 70113 50903 50904 52095 50905 50907 50909 34933 50920 71498 50931 50593 47193 50938 70150 49410 49411 51451 70152 49413 51453 50605 51456 51796 50606 50607 52138 51288 51460 70160 52140 49421 49592 52143 51463 51973 51632 49254 49594 51974 51465 51975 51466 51976 52147 49595 51296 51467 51977 51978 51979 50790 51300 51980 51981 49433 51473 51303 51984 50795 51475 50625 51476 51306 52157 51987 51480 51990 51991 51483 50633 51484 50634 52165 51654 51995 50808 50809 50853 49153 50810 50811 52001 52002 51493 51494 50854 52004 51495 52005 73257 52007 52009 52010 51501 51331 51502 50824 51504 50825 51505 52192 50835 52196 50836 50837 52198 35028 52200 51520 51522 52033 50844 52034 51525 51526 51527 50847 52037 50848 51697 52207 50849 51699 50850 50851 49152 50852 70232 51533 51532 49154
ap 26
hp 389
 54076
ap 27
hp 49
t 58123 81902 79565 57615 81330 78482 81756 57595 79547 57979 60253 81270 79167 81378 81081 78509 55328 57412 58815 58964 59113 57817 58120 39140 81429 58479 80962 81048 39016 79307 79670
hp 46
t 57528 39085 57488 58083 79712 57361 39001 39002 57660 81334 57661 57748 58174 57454 78394 81086 57371 57798 79729 60264 75607 81259 81430 79731 81219 58099 57462 58015 59121 79776 59079 57422 76462 57464 57381 38979 75615 57383 59126 57937 79739 58108 79742 81061 81274 57474 58792 74648 57435 81193 81322 39162 38950 79709 55314 81028 57738 39081 81496 57613
hp 62
t 39338 81796 38999 60378 58255 78358 81885 57788 79847 39685 57536 57366 57367 57793 78533 57952 81257 39692 59115 39694 78353 79732 79179 38975 57974 57761 81604 79735 57975 38977 57593 38935 39318 79737 38980 58064 57980 79782 60373 79783 79743 79786 57857 58027 55690 38988 39116 39925 39160 38948 57350 39161 38991 39035 57439 57397 79032 57739 39337
ap 28
hp 83
t 51707 53577 51496 70068 71300 77252 34966 51542 77425 71009 51970 34885 34970 71011 70926 71097 77472 34973 54864 53376 51507 53761 70124 52190 54656 70383 35789 50876 54065 77483 34983 54875 70302 51519 54070 34988 54071 52074 53562 34947 77618 77405 34990 77321 51482 53393 77748 51485 53737 34953 54036 76859 70017 70613 53784 51491 51534 69979
hp 79
t 51472 51498 51690 51521 51479 70244 70967 72327 51524 51992 51227 51972 52164 51506 51464 51486 51508 52188 69868 52211 77350 51468 70042 51386 51301
hp 85
t 30923 49328 65861 65862 31101 47548 30761 31102 31187 28893 66039 66379 31360 31147 47170 66042 46789 47894 65875 31070 30266 31541 66477 65967 31542 47357 48124 49826 30276 47405 66446 47321 47195 46771 28881 65684 31727 66492 49791 47369 31516 30242 65985
ap 29
hp 45
t 59696 59527 78227 41933 59783 65310 78230 60380 35392 60382 79253 78913 79678 59702 78489 78236 79513 79428 41266 60391 78072 59543 78838 41269 60395 41101 78247 41273 59463 80458 41274 78079 41871 80038 51733 64228 79614 79360 80975 79445 80806 59727 78173 81064 59559 78259 78603 64918 22758 78183 80565 41468 80825 65102 80827 59323 41304 78026 59499 79730 37742 78458 79479 79397 41234 59002 59172 78044 77874 80001 78218 79240 59438 78479 65050
hp 48
t 42483 26036 26887 42485 42486 25699 42445 42659 25234 25021 25744 42319 62380 26468 42363 69479 43597 69352 42323 42493 25748 42494 42495 25751 26007 42328 42329 25754 48025 43648 25755 48026 43478 26436 69490 66685 26268 62225 26356 42463 42803 26187 25764 26447 24578 27850 69460 42387 42770 42472 69547 24967 25693 26713 24674 68917
ap 30
hp 157
t 6103 6782 5297 6913 8103 8183 6917 8141 6747 6662 7088 5645 6541 6756 7011 6799 6630 5483 4335 18829 6632 7014 7015 5487 21402 6636 5234 6595 6639 6809 6089 5497 5412 6390 17950 6008 7071 19184 6945 5287 6903 8179 6734 19698 7374 5717 19700 18979 4697 5932 17747 7250
hp 53
t 6443 6826 20936 6444 20896 19664 7127 4322 21748 6620 5388 21327 7133 57879 5731 7049 18100 5307 5224 7051 7094 677 6927 19809 1279 6083 4638 5361 7061 6467 6680 21003 19730 21049 6942 21052 6986 6009 6689 6738 698 6436 21018 21869
ap 31
hp 390
 65422
ap 32
hp 391
 56590
ap 33
hp 392
 20463
ap 34
hp 393
 24575
ap 35
hp 315
t 46860 66369 47796 46862 47797 46927 47798 46945 47799 66394 47800 66395 47801 46952 66481 47802 47718 66396 46956 47912 46935 47553 47575 46938 46854 46858 47921 46944 47603 66409
hp 260
t 61566 68887 68893 68725 68908 67548 67549 66702 61602 66872 66873 61604 67553 61606 61607 68918 67560 68921 68925 67565 68926 67570 67401 68933 67575 63159 62144 61637 61638 61469 61640 61643 62155 61647 63008 61650 63010 63011 61652 67432 61653 63014 61655 61656 63017 61658 63019 61659 61661 61831 61663 68804 61836 61499 61671 61672 61673 68643 61674 65584 68815 61676 65586 61677 65927 61678 67288 67459 61679 65928 61509 61680 61849 61681 65929 66951 61682 61510 68822 61683 65592 61512 61684 61513 61514 61685 65594 63215 61686 67296 63047 61687 68827 61688 65597 61518 61689 61690 65940 61691 61521 61692 61522 63053 61693 61523 63054 61694 61524 63055 61695 61525 67303 61526 68838 63228 67309 61871 68842 67484 67488 67489 68850 65960 68859 61552 61554 61557 61558 61560 61561 61563 61565
hp 302
t 67741
hp 340
t 43971 42442 42357 43888 42444 42699 42360 42532 42619 42364 41175 43980 42365 41345 41430 42622 42962 42707 42623 62088 42539 41009 42034 41185 23335 42632 41698 42038 42718 42719 41699 43314 43316 43317 42382 41702 42723 42043 41704 65420 42725 42301 41709 42645 42646 42647 41203 41033 41289 42649 42650 42738 41378 44014 42570 42740 42742 42743 42321 43936 42662 42748 42324 41984 42325 42751 42411 61962 42327 42243 42668 42669 41989 23374 43860 41992 42419 42335 41995 41147 41999 43869 41067 42003 42428 41664 42431 42007 42348 42265 42095 42351 42437 42438 41419
hp 344
t 69386 45246 45078 46949 46950 47630 45080 46951 46780 45081 45252 45082 46953 46614 45256 45257 45258 45260 46110 46963 47984 45264 46627 45268 45101 46972 45102 45103 46634 45276 45447 45278 45279 46130 46641 46131 46943 45112 45623 45284 46644 46814 47665 45285 47667 45118 45289 46649 45459 46479 45120 45291 46993 45123 45294 45125 45296 46997 45637 45127 46998 45128 45129 45300 45130 45301 45131 45303 47005 26775 47006 47007 48027 45308 45309 45139 45820 45311 45654 47016 45317 45147 45320 47024 47025 46175 47026 47876 47027 47028 46689 45330 45331 47712 45502 47713 47885 45337 45338 45339 46869 46701 45173 66084 45179 48072 66776 45187 45358 45190 45870 45192 45194 45195 47746 47917 45373 66793 45203 45374 45205 45376 45207 45208 45379 45380 45210 46912 45212 46914 46405 47596 46407 46918 47939 46412 46584 45225 45056 45228 45400 45062 46933 45064 27553 27554 45065 47955 46596 47787 45067 46939 46600 46941 45072 26882 47623 46774
hp 188
t 2958 122 25144 28555 177 28557 168 115 28558 179 27932 27933 171 28563
hp 335
t 23178 20708 22457 22942 22879 22285
hp 103
t 80521 79715 80480 79184 79334 80481 79270 79143 79186 80568 80483 79275 80573 79341 80574 80532 81089 79177 79669 79138 79713
hp 298
t 59187 59697 59188 59189 59190 6492 59873 59193 59151 59491 59874 59576 59195 59407 59833 59747 59577 59663 60046 60045 59877 60047 59406 59652 59879 59709 59880 59881 59882 60392 59671 59163 59662 59165 59507 59890 59167 60400 59891 59892 59682 59724 59725 59897 59685 59898 59899 59177 59136 59648 59691 59194 59394 59182 59396 59185
hp 338
t 18643
hp 100
t 80011 80606 80861 80182 75854 63530 63531 80449 80280 80450 80451 80027 63537 80452 80624 63539 80456 80542 80457 80628 80374 80630 80461 80632 80633 80548 80294 80464 80891 80466 80468 80046 80471 80472 80473 80475 76736 76737 79457 80563 80478 80477 80479 76742 76744 80492 80581 80496 76756 80497 80583 76758 80498 80499 80500 80586 76761 80417 80588 80334 80589 80504 80421 80506 76766 80511 80005
hp 300
t 67733 67898 75806 61835 71961
hp 96
t 81032 78907 79165 79166 78575 79170 79171 79853 79856 79857 79092 79858 79093 79859 79860 79097 79099 78165 79185 79190 79105 78170 79871 79191 79192 78172 79193 79194 79195 79196 79197 79198 79794 79795 79204 79205 78528 79123 79124 79125 79721 79127 79723 79213 79129 79215 60517 79132 78368 79133 79134 79135 79137 79140 79141 79142 79482 78378 79059 79824 79144 79060 79145 79825 79740 79826 79231 79147 79827 81018 79148 79828 79149 79829 79150 79831 79832 79153 78984 79155 79836 79837 79838 79839
hp 111
t 78480 78481 60377 78397 78483 78398 78484 78485 78308 78486 78317 78232 60297 78318 78393 78488 79083 78914 78574 78319 78490 60386 79088 79089 78240 78497 78243 78498 60309 79094 78245 60310 79095 78500 60311 60312 78927 79098 79100 78253 79103 78339 78424 78255 78936 78511 78512 78513 60324 78514 60325 78515 78516 60327 60329 78519 60330 60331 78352 78862 60333 60334 78355 60335 78525 78440 78526 78441 78527 78442 78273 78274 78275 78276 78277 78957 78284 78285 78200 78286 78201 60352 78287 78881 78202 78543 60354 78374 60357 60272 60358 78208 60359 78379 78209 60275 78210 78465 78381 78211 78466 60278 60364 60365 78385 78895 78470 60281 78386 78471 60282 78897 79069 78474 60371 58927 78562 78477 60288 60289 59695
hp 169
t 26460 26461 26462 27057 27313 26293 26463 26209 26464 27399 27570 26295 27400 26211 27825 27401 27232 27316 27402 26297 26467 27403 26298 26978 27404 27064 27828 26469 26300 26470 26471 26472 26473 26474 26049 26475 27495 27411 27072 27498 27413 27753 27414 26990 27500 27501 26992 26481 26482 26568 26994 26569 26059 26485 26064 26492 27172 26493 26579 26494 27005 26495 45537 26583 26585 45540 26248 27014 43759 27015 44101 26510 26258 26428 26434 27455 26777 26610 26440 27295 26449 26450 26451 26622 26452 26453 26455 26629 26545
hp 263
t 67581
hp 339
t 66754 26727
hp 261
t 69219 68884 69226 43218 68892 69572 69573 69064 68894 69065 69574 68895 68896 68897 68898 69409 68899 69579 68900 69411 68901 68902 69073 68903 68904 69075 68905 69585 68906 68907 68909 68911 68912 68913 68914 68915 68746 68916 69598 68920 43080 68922 61613 68923 61615 65867 69608 65869 66722 69445 68935 69446 69616 69617 62988 68938 69109 69618 69619 69450 69449 68940 69620 69111 69281 69452 68941 69112 68942 69453 68943 69454 69114 69622 69282 64353 69624 69116 66736 69625 69457 69627 69118 65887 69629 69631 69125 69127 69471 69302 69134 65906 65907 69313 69315 62346 46029 61501 69321 69322 69493 62354 69325 68985 69497 63207 68987 68988 69499 62188 68649 62189 69502 69332 69503 69336 69339 61519 69345 69346 69348 65949 66120 65950 66633 66635 69016 69017 69359 64436 69197 69027 69030 64270 69033 65878 69034 64446 69036 69037 69038 69039 66661
hp 293
t 37790
hp 235
t 70066 72616 77036 72617 77037 72618 72619 76530 71259 72620 77039 72621 77041 72625 72626 72627 76880 75692 75524 75695 75696 72639 75701 75702 75703 76894 77067 75709 75710 75711 69931 76053 69935 75715 77077 72659 77079 77763 76575 77086 70627 69947 77087 76918 75730 76070 70630 76924 76755 75566 76419 70130 76930 76420 77100 76426 76259 77790 76261 69976 75758 75589 77800 76611 69980 71171 75591 76443 72535 76958 72538 75600 72540 76110 76283 72543 76625 69825 71355 75097 76628 69830 75610 76631 77651 75611 76632 75612 76973 72554 76295 75616 75617 76127 75618 75619 75620 75622 72563 75624 76305 75625 75626 75629 75630 75631 76992 76994 76995 69856 72576 76996 69857 76997 76318 69859 76999 72579 76660 72580 76320 69861 71221 72581 77001 72582 76832 77002 71222 76833 76323 71223 72583 71224 77004 71225 72585 71226 76836 69867 76326 74286 72587 77007 76328 72588 71228 76329 71229 77180 77012 75652 76842 72592 72593 72594 77014 75654 76845 75656 72596 77017 72597 75657 75658 77018 75660 76340 77021 75662 76342 72603 76343 77024 75664 76344 77025 76345 72605 75665 75666 77026 76346 77027 72606 77028 76348 72608 76349 75670 77030 77035 72612 75672 72613 72615
hp 107
t 64033 78741 62507 79509 79511 80277 80448 80368 63709 80454 63456 80631 80721 80381 76642 80552 80467 80639 80469 80725 80470 79452 80048 79453 80474 79454 80560 64070 80136 80476 80053 80137 79459 79630 80736 80566 80824 80060 79465 80571 79466 79977 80826 80487 79978 80745 80575 80746 80491 76072 79473 79474 80834 64514 79560 80585 80841 80503 76764 80507 80848 80509 80340 80851 80002 80854 64110 80007 80008 80859
hp 231
t 22540 22902 59245 78696 22372 60119 59233
hp 331
t 60960 18640 60971 60968 18633 60948 18634
hp 185
t 27991 27906 44228 44229 27995 44145 27996 44231 44146 28081 28082 27998 28083 44234 28084 28000 44236 44151 44237 27917 28004 28005 27749 44156 28091 28009 28604 28010 28011 28012 28097 28015 28099 27930 28102 28019 28105 28106 28111 26584 28030 27775 26587 28289 28120 44100 25827 28553 28048 28049 28304 28559 28050 28051 28052 42927 28054 27800 28061 44126 44042 27809 27984 28070 27985 28074 28329 44225
hp 97
t 58420 60291 59100 58421 78396 58676 59101 79077 59102 58423 59103 58764 57404 59105 58765 57491 59106 58426 57577 58767 57662 58428 58429 58430 59365 58770 58431 59111 59114 57585 57586 59116 57587 59202 58780 57592 59122 60313 57594 60314 60315 59125 58957 59127 58958 59128 60320 59130 59131 59132 57347 58793 58368 78344 78345 58370 60326 60242 60328 58373 58884 58374 60332 58802 58377 58803 58379 60337 57447 58468 60339 58384 58385 58386 58388 58389 58390 58901 58391 57797 57457 57373 58393 58395 57376 58397 81858 58399 57891 58401 58912 58913 60273 60274 60360 58915 58405 60277 57557 58408 60279 57388 58069 58920 58409 58665 78387 58412 58923 59093 60284 57565 78391 57566 58759
hp 177
t 24607 46309
hp 295
t 65874 65905
hp 110
t 78993 79223 80373 79121 79206 79207 79122 81036 79210 79169 79212 80658 79128 79130 79301 79216 79217 73948 79303 79218 79219 73950 79220 79221 79136 79264 79222 78244 79265 80369 79478 79521 79224 79267 79310 79862 79480 79523 79225 79481 79566 79227 79226 79266 79311 79483 79564 79273 79188 79146 79189 79106 79107 79151 78982 79199 80347 80690
hp 69
t 20660 20639 20917 20492 44823 20494 44890 44891 44806 20626 20925 44980 44860 20608 44452 41456 43667 20484 44964 44815 45052 44817 20656 44839 44862 45033
hp 264
t 59408 59972 22950 60159 59150 22592
hp 273
t 21647 24546
hp 330
t 23146 23147 23148 23149 23107 22896 23151 22003 22982 22303 22177 23155 22943 22944 44962 23245 23160 23203 22952 22867 23208 22995 22955 23125 22786 23169 23041 44802 22320 44803 20706 23086 23044 44804 21982 22322 6384 44976 23130 21984 23005 22325 22326 22454 22667 22327 23050 24285 23052 20630 22330 22458 22331 23138 44985 22332 23055 21568 23139 23140 23143 23951 60970
hp 82
t 51620 50856 50219 50772 50815 50560 49414 49501 52180 49418 50141 50397 49675 50781 49336 51844 49422 49338 70758 50784 49721 53121 50402 49722 53123 49723 50233 52189 49469 50915 31621 49727 50833 50408 50409 49601 49517 50113 31625 31626 73406 50032 50584 50415 50883 30314 50800 50587 49567 50080 50166 49403 50806 49574 50425 50767 50214 49408 50770
hp 181
t 26631 27056 26633 26718 69389 26634 27061 26721 26637 27062 26722 26638 69223 27063 26723 26724 45934 26639 27065 26725 69396 26726 26641 27067 69399 27069 26730 26732 69403 26979 69488 69404 26734 26735 69406 69238 26738 26739 26826 69327 26742 66778 26828 26743 69243 62360 69160 26745 62361 26746 69417 69165 69420 26751 69422 26670 62370 62373 69428 62382 62387 26772 27029 45305 26691 69106 45902 26694 69534 62398 69202 69458 69119 26705 26792 26793 26625 26626 45922 26714 69385
hp 84
t 70916 53791 34963 70621 53455 71050 70030 70033 53586 75517 70629 77260 70714 69993 71057 71100 71058 77561 53889 71059 71230 70041 77694 70939 71067 34900 70616 53563 51225 71084 69926 53905 70607 69929 70228 34995 70653 69977 53743 70021 69936
hp 105
t 76568 72574 76569 76570 72702 76571 76438 75520 76544 76545 72551 76418 76547 76590 75570 76548 70131 75698 76550 75573 76593 76423 76594 72557 76424 75235 75575 76256 76596 76554 75576 76597 76555 75535 76257 75578 76598 75706 76428 76599 76258 76600 72520 76430 76601 76560 76603 75583 76604 76307 76562 75542 76605 72695 76606 76564 76607 76565 76566 72572 76567 72573
hp 341
t 45160 62331 69222 62338 45168 69224 69480 69056 66678 69314 69060 69316 68976 69062 69402 69063 69234 69066 69236 69067 69152 69237 69408 69068 68982 69069 62353 69239 69410 69154 68984 69155 69156 69157 69072 43232 69242 69128 69158 69159 69414 62359 69245 69162 62362 69247 62447 69078 26747 43239 62363 62364 62365 69167 69084 43245 26840 45966 43247 69174 62375 62378 62381 48016 62383 69438 69440 69186 69441 69356 69187 69188 69443 62389 69189 69190 69105 62390 69447 69108 69195 69535 69025 69280 62396 69621 62397 69028 69283 69199 69369 69200 69115 69370 69201 69626 69117 69204 69205 69207 69122 69123 69126 69381 62328 62329 69215
hp 345
t 46946 45077 46954 46955 27575 48323 27416 27418 45778 45780 45781 27421 27424 27425 27426 27088 27428 27429 45789 27090 27430 46981 27431 45282 46982 27092 46135 47666 27435 27436 46986 46477 27437 45117 27438 27439 26081 45632 45633 45634 46994 45124 47675 48355 46825 45638 46999 45639 47000 47001 45641 26091 47002 47004 45644 48366 27456 45647 27457 45648 27458 27459 27460 27461 27462 47013 26953 45823 47014 27464 47015 45656 47017 45657 27467 47018 45658 27128 45659 26279 47019 47020 46168 47021 47022 27472 46852 26112 27473 27474 45665 27135 45666 27475 27476 45667 27477 25608 45668 27478 27479 27480 45671 27483 46863 46354 45676 46186 45677 26126 45678 26299 45679 47045 47052 47055 45525 47059 46210 27511 27513 27514 24795 27516 27517 27519 47071 45542 45883 47074 45384 46064 46919 47090 49133 27550 27555 26196 45580 46260 45582 46942 45583
hp 255
t 63876 67723 67899 63894 63884 67418 63897
hp 102
t 79160 81160 79631 79163 80994 81889 81209 80998 81891 81171 79855 81005 79688 79689 81899 79691 79861 79863 79696 79697 79867 79868 79699 81059 79869 79870 79701 81191 79747 79620 81194 79708 80984 81154 79711 81156 81199 80902 81157
hp 65
t 28288 4871 28204 21319 20810 962 28123 21323 628 331 28169 884 289 28298 885 504 20819 886 291 971 1013 930 334 1015 336 1017 932 21290 381 466 1018 892 1020 851 809 894 470 1022 895 21295 20742 815 943 20749 655 20848 20635 21358 21317
hp 276
t 41848 41849 22639 22642 22645 65317 41857 65323 59203 22653 22654 22659 41019 65166 41877 59217 41879 41880 22671 41882 65003 41884 41885 41886 59230 59232 41893 41894 59234 41895 59235 22685 41896 59405 59917 59237 41898 59238 59918 41899 41900 59240 41901 59921 41902 59242 41903 22694 41905 41906 59246 41736 41907 59926 59247 59248 60609 59249 22529 60610 59931 59251 65032 59932 60442 22533 59425 59426 59427 41748 41239 59600 41751 59943 41414 60114 41245 59946 41417 59778 60118 59949 59950 59780 60120 59951 60121 59781 59782 41934 22724 22725 41425 60125 22727 59787 41258 41428 59789 41260 22730 60130 41261 22732 22563 21713 22733 22734 59454 60135 65406 41777 22737 22908 41778 41438 59458 41439 22739 59969 41270 59970 41781 41272 59632 41102 59292 59973 60143 59974 59294 41275 59975 41785 59635 59976 59978 60148 41279 59979 59469 59300 59640 59470 59641 59301 59471 60151 59981 59302 41283 59643 59303 59304 59305 65086 59306 60156 60157 59308 60158 59138 59478 41460 59140 22761 59312 22762 59313 22593 41975 22595 59316 22597 22767 59147 59318 22768 22598 41298 22769 22599 59999 41300 41301 22771 22602 41302 22772 60003 41303 22604 22774 60005 22605 22606 22776 41307 22607 22777 22608 22778 41818 22779 22610 22611 22781 41821 22612 41822 22613 59503 22614 22616 22617 22618 22619 59509 22621 41831 41832 41833 23133 41834 24326 41836 22796 41837 22628 42691 41331 78731 42014
hp 78
t 66241 50793 65817 65946 50791 71620 70793 66012 71496 67119 72921 65865 50783 71566 49593 70928 65870 66298 66471 50875
hp 326
t 77078 77812 76960 77785 77084 77076 74931 77810
hp 113
t 81328 80903 81243 81329 81244 81245 81246 81332 81375 81247 81333 81248 80908 79846 80909 81336 80911 81337 81338 81339 81254 81383 81255 81341 81256 79811 81258 80961 81216 81217 81260 80963 81006 81218 80964 80921 80965 80966 81221 81137 80943 57385 81356 81146 81232 73881 81148 81321 81236 81279 80897 81152 81237 80898 81238 80941 80899 81239 58757 80900 80942 81198 81197
hp 262
t 24540 24390
hp 175
t 61492 61511 63217
hp 301
t 69492 69576 66795 69451 69494 47989 45250 66946 69542 66760 66632 66103 69462 66680 48044 48002 48024 69551 48003 69489 65876 66791
hp 80
t 47287 49668 47290 47120 47462 47463 47124 66336 66337 66338 49679 49849 47469 47470 47471 31494 47985 50196 31667 66348 49688 49861 31502 47313 47823 50204 47315 50205 47145 66356 47146 31166 50206 49867 47318 50039 49699 50211 73331 50042 47322 50044 31684 47494 47325 50215 50216 31176 31687 50217 47328 50218 47498 50049 31689 66370 49710 66371 66372 47842 66373 47843 66374 31694 47844 47335 31525 47336 47506 31699 30849 66380 50400 31530 47341 66382 47172 50403 66383 47853 53124 66384 31194 66386 47516 47176 31536 47517 47178 47180 49731 50072 49732 47522 49733 49734 47184 53135 66397 66398 47528 66399 49740 47190 50081 49741 47871 49742 49743 66406 47537 49917 47368 50089 47370 47540 31220 47541 47201 47203 49755 47206 49757 47547 49759 47210 49761 47211 47551 47382 49252 66422 49762 47384 49764 73394 73228 50619 49430 49431 73231 49432 31582 49773 49434 66435 49436 50118 50119 66440 50120 31590 50121 50122 47403 50123 47404 73244 49447 50128 49448 30748 50129 49449 66449 49450 50130 49451 50131 49452 66452 31602 49454 31604 30758 31608 49459 73259 49630 31610 31612 50143 31103 49636 73267 47257 66468 66470 66475 31458 50160 50161 31121 50162 66482 66483 50164 31124 30955 47447 47448 30958 47450 31133 50175 49665
hp 101
t 80860 63521 71810 76740 67816 76018 80099 75850 71855 76020 67819 76021 75852 80101 63571 75813 75814 71989 75815 71906 63533 76028 71907 75817 80875 63578 76757 80625 63541 63713 75996 80118 80034 63714 75827 75998 71833 71919 75999 63717 63508 76004 76006 63725 63726 63513 76009 63514 67808 76776 75842 76777
hp 234
t 58507 58512 58513 58514 59534 58515 58432 58518 58521 39907 58692 58523 58693 58695 58866 58781 58867 58783 58614 58700 58786 58532 58448 58874 58706 58624 58794 58625 58540 58454 58627 58372 58543 58629 6864 58630 6865 58375 58546 6866 58376 58631 58632 58633 58378 58634 59144 58635 6870 58720 58637 58723 58383 58809 58640 58641 58812 58643 58558 58644 58559 58645 58646 58647 58648 58733 58649 58650 58651 58652 58823 58654 58655 58400 59169 59170 60192 58663 58664 58749 58666 78302 59348 58669 61391 58672 58673 58674 58504
hp 270
t 62544 63229 63187 63188 63231 61830 63190 42536 61832 61495 63195 62901 62476 61839 42416 62479 61503 64268 63206 61846 41404 63208 64996 62871 63211 61470 62150 42644 63171 61471 42687 63218 42564 63220
hp 265
t 37764
hp 305
t 63606 71936 63608 67689 63611 72281 76023 71944 75855 76024 76025 67696 67697 67698 67699 67700 67702 71952 72293 71954 71955 71959 67711 80291 72132 67712 71964 63635 71965 71966 67717 71967 67718 72478 68568 71970 71971 71972 67724 72484 67725 71976 67727 71808 71809 68580 71811 71812 71813 71814 72154 67735 72155 71985 71816 71815 67736 71817 67737 71818 67738 71819 67739 67740 71991 67742 71996 71997 71828 71998 71830 67751 67752 67753 67755 67756 72177 72688 72182 72012 72014 72696 79327 63688 71848 71854 63697 63700 72031 72376 67619 71870 67792 71873 72384 72049 67634 71887 72399 79879 63560 72404 75804 71725 72406 63569 75812 67653 67654 67826 75816 67656 67657 67828 75819 67830 67659 67660 64091 67661 67664 67666 80248 67668 67669 67670 80251 76003 76005 67679 76010 76011 79241 75844 63605
hp 186
t 25621 26216 26217 24604 25626 24777 26052 24608 26055 25971 25632 25633 26228 25123 25634 26229 24614 24615 26231 26486 26061 24617 25214 24620 25981 26322 25984 25134 25645 26326 25986 25306 25647 25648 26158 25309 25651 25991 26076 26332 25653 24633 24973 25314 24974 25994 25315 24635 25654 25996 25656 26336 25997 26337 25998 25318 25658 25659 25999 26000 26340 25660 26001 25321 26002 25323 26344 26345 27961 26347 25328 26093 25329 26179 26010 25331 26181 26352 26182 25843 26354 26270 25165 25337 25677 26358 26273 26188 26190 26361 26276 25341 26363 26193 26025 26365 26367 3247 26283 26287 26034 26035
hp 168
t 43546 27312 43547 26548 27314 27317 26552 26382 27233 27318 26383 43554 27320 27235 27321 43557 27323 27329 43564 43565 27075 27417 27079 42892 27508 42898 42900 42901 42902 43753 27351 27095 27096 43544 27267 27097 43588 27183 27099 27100 27101 27102 43593 26763 43594 43595 43766 27451 27111 27284 26774 27285 27116 27372 27288 27118 43609 27289 27290 43525 27292 27293 43530 43532 27212 27470 42941 27047 42943 26884 27395
hp 64
t 20490 44226 44121 44143 44123 44039 44041 44213 44152 44153 42857 27813 44114 44476 44478 44033 42779
hp 226
t 20988
hp 324
t 74255 74341 74342 74343 74345 74324 74346 74325 74347 74326 74348 74327 74349 74711 74329 81661 74330 74331 74332 74333 74355 74335
hp 304
t 63609 76019 75853 80104 71945 76707 71947 71953 71956 71957 72128 80288 72130 80462 71962 72133 72134 72135 72136 72137 72138 71968 72139 71969 72140 72309 71800 72141 72311 72142 72312 72143 71973 72144 72313 71974 72145 72314 71975 72315 76055 72316 72147 71977 76738 71978 71979 72150 71980 76741 71981 72152 72153 76743 76745 76746 71986 71987 76748 76749 76750 71821 76751 76752 71999 71832 72002 76762 76763 76083 72004 72007 63682 72352 63683 72183 72013 72353 72354 72015 72186 72355 72016 63687 72356 72017 72697 72188 72018 72699 72190 72359 63692 63693 63694 63695 63529 72385 72048 72388 72390 63381 72391 64231 72052 72392 72053 72393 72394 72055 72395 67806 72056 72396 72057 72397 72058 72398 72059 75970 72400 72061 72401 72062 72063 72405 75811 76664 67824 71904 76665 67825 67655 76666 67827 71908 67831 67832 67833 67834 67835 67836 76000 75830 72096 72097 76008 72098 72099 72101
hp 277
t 42186 22977 22637 22978 42018 42698 42094 42020 22981 23152 42022 23153 22983 23154 41344 65316 23156 22986 22988 42028 22989 22990 22991 64983 42203 42714 22656 41697 22658 64990 23170 22660 23000 42040 41361 64992 22661 64993 42383 22664 64995 22665 65337 41367 64998 65338 41368 64999 41369 22669 21989 41370 23010 41710 41372 22844 65348 65010 22680 22681 42062 22683 41385 41386 41387 41728 41388 41219 41729 41389 41220 41730 41731 23202 41393 59414 22528 22869 41739 41910 22531 65371 44971 23212 22532 41233 23214 22874 41744 44975 42084 41745 22534 22535 41235 41237 41747 23219 41749 22880 41750 22710 22881 22711 22542 22541 22543 41753 22884 41244 41754 22714 23054 41415 22886 41755 41416 41247 23225 23227 22888 22887 41758 41418 22718 41759 22889 22890 41420 22891 41761 22892 41253 22893 42613 22553 41255 22895 42617 41768 22899 41769 22900 41770 41771 41772 41263 41773 41264 41774 41265 41776 41436 22907 41268 22909 41779 41780 59971 60142 41953 41783 22574 41955 41276 59977 41787 41788 41448 62528 41789 41449 41280 41790 41281 41791 41282 41284 41794 41285 20715 41286 21915 62716 22945 41815 22946 41816 41817 22949 41311 21592 22953 21593 22954 21595 22785 41828 22789 22960 22790 22961 22963 44893 22794 22795 22626 41835 23136 22966 42176 22627 41838 22798 41330 22970 22971 22632 23142 42182 21614
hp 106
t 80520 79671 80564 79332 80522 79673 79672 80523 79674 79675 79676 80485 79551 80529 80530 80531 79299 80489 79512 79343 80490 79342 80533 80534 79472 79520 80541 79522 79524 79525 79526 79527 80561 79529 79488 79531 79489 79532 80765 80562 79490 79533 79491 79534 80767 79492 79535 80766 79497 79328 80518 79329 79330
hp 274
t 63096 63097 63098 62759 65480 64800 62760 62761 65142 62762 64803 62763 79424 64804 62764 79425 63446 64806 65488 63108 65489 79429 78749 65490 79431 65491 65151 65492 65493 62773 65494 78074 65495 65496 79436 65497 65498 78078 80798 65499 80800 80801 65503 65504 80808 63470 64830 65511 63471 65512 64834 62794 65516 65176 80816 65517 80817 65518 65519 63480 64841 80821 65522 65524 65525 65526 65527 62467 65528 65188 79469 65529 65190 80830 65531 62471 65532 65192 80832 65533 65194 63494 62814 65535 62817 62818 62820 62821 63502 62822 62823 64523 79484 80844 62824 80845 62825 80846 62826 62827 80847 63168 63169 62829 62831 63172 62833 62835 63176 65217 63177 64197 63178 63859 63179 64540 63180 65221 63182 63183 64884 63184 62846 64887 64207 63872 64552 64554 63875 65241 65242 64902 65243 63888 62868 63889 64229 63890 63892 63893 64234 63214 64915 63896 62878 63899 78179 62540 62881 63902 62882 63903 64243 62884 62885 62886 64246 63907 62887 62547 62888 63909 62889 77849 63910 63230 64250 63911 64251 62891 62893 62894 77854 64255 63916 65276 62896 63917 65278 63919 62899 62560 62900 63581 62561 62563 63584 77864 62564 63585 62566 62567 63588 63589 63590 63592 64952 62912 63593 63594 62914 63254 63595 77875 77877 62917 63257 63600 62920 64961 62921 63602 64962 63603 62583 79244 64965 63266 63267 62929 64970 64971 62932 62592 62593 62933 62934 62595 63275 64640 79601 62601 64641 65322 62603 77904 79606 63287 62608 62609 62949 62610 79611 62611 41872 62612 77913 62613 62614 77915 62616 62617 78257 62618 62619 62960 62961 62963 64663 62964 63305 62965 62968 77928 65009 65349 62969 62629 63310 65351 62972 65354 62634 62974 65355 62635 65356 62636 64676 62637 62638 65361 62642 62645 62646 62647 62648 62649 62651 62991 62652 62653 62654 62655 63093 62657 77958 65052 63012 63013 64035 65068 63041 79363 63044 63045 41966 79366 63046 79367 79368 63048 63049 63050 79372 79373 80733 79374 80734 64075 62720 62721 62722 62723 80744 62724 62725 62726 62727 62728 62729 65110 62730 65111 62731 78031 65112 64773 62734 63074 65115 80755 62735 62736 80757 62737 65118 79398 80758 62738 80759 62740 79401 62742 80762 80763 62743 80764 64785 62745 62746 62747 62748 63089 62749 64790 65131 64791 62755 65472 65473 65134 65475
hp 271
t 69024 69153 69323 69026 63226 69070 69240 69326 69241 69029 69244 69351 43235 68990 69164 69334 62344 69145 69061 62304 69211 69317 69169 69318 69085 68936 69319 69193
hp 176
t 47668 46861 47396
hp 254
t 64648 65453 65031 64797 65329 64819 64798 65521 63312 65395 77827 64801 64697 65164 64784 63349 41943 64681 65447 41924 62558 77944 63942 65239 64985
hp 299
t 42356 22636 22638 41338 41339 42023 42024 42195 42705 22647 42368 23162 23163 42373 42035 42376 42377 42378 42039 42380 41700 41701 22662 22663 42044 41364 42045 42046 22666 42047 22668 41708 24543 22673 22846 42056 42229 22850 41380 23194 22684 23197 23198 22688 42069 23200 23201 41733 41734 23206 23207 42418 22698 23210 42420 23213 22704 41575 41333 23216 22876 41746 22877 23217 23218 22878 42429 22369 42430 22370 22882 23222 41752 22712 22883 41582 42092 22885 23226 41757 22717 22719 41424 41765 22897 22898 22901 22903 22904 22905 41782 22573 20705 42183 41786 41451 20545 21567 41457 21569 21571 41462 41469 42322 42155 22947 41819 41820 21591 21594 22104 22615 22788 22448 41320 22450 42001 22791 22451 22792 22623 22793 22453 22625 42177 22797 41329 22629 22799 22459 42180 22631 22801 21612 22802 42013 22803 23144
hp 189
t 25824 24975 26590 26038 25657 25320 25322 26004 26005 26048 28556 24606 25924 25159 25161 25927 25630 25333 25334 26014 26056 26015 25930 25888 25889 25932 26612 25890 25933 26613 25891 26614 26274 25934 25340 27762 26617 26235 26065 26108 26619 26109 26237 26067 26110 25090 25644 26580 26623 25092 25988 27929 26077
hp 180
t 42440 26972 26973 26974 27058 26975 42320 26684 42366 26982 42367 26984 27030 27033 27331 26993 26995 27038 68986 26998 43405 69416 27045 27003 27046 27048 27049 69081 27050 27008 27051 27052 42479 26968 69086 42312 26970
hp 290
t 70044 70045 70056 69981 70046 69992 69982 70047 70036 69973 70016 70039 77554 70595 70043
hp 314
t 47944 46691 47945 46608 47947 46609 47884 46613 47400 46615 48125 46616 48083 48126 46617 47913 47914 47893 47936 46619 47937 46620 47916 47938 46621 47896 47918 47963 47581 47582 47901
hp 182
t 21240
hp 268
t 42696 42016 62589 65309 63185 42700 63186 42704 42025 61491 42706 63023 41348 42708 41349 41350 63196 41351 42711 42372 42712 42374 41355 42375 41356 41016 42716 41017 41357 42037 42717 41358 41359 42720 41360 42381 42721 42722 42724 41365 41366 41026 42727 42730 41371 41711 42732 42055 63221 42568 63223 42569 41381 62548 62549 62550 41471 62551 42578 42579 62554 42749 62556 42415 62562 62477 41397 62569 62570 62572 62575 41332
hp 354
t 38315 38321 38237 37895
hp 269
t 61480 42443 65479 42446 42021 41172 41341 42362 41343 65314 63189 61489 41346 42026 42792 41347 42027 61833 41688 20693 41689 42709 42710 42031 43987 63197 61923 63198 41693 61838 63199 42545 41440 42715 63200 43991 41696 41441 61844 63205 65331 42041 41703 65334 41194 41363 65419 62869 63209 42641 42726 62872 42048 65339 41030 23181 42731 44008 65429 63219 41459 42565 62539 42735 61520 63051 22847 63225 41296 42741 65437 41382 43848 41383 42015 41384 42577 23538 62213 61448 42409 61449 61450 42750 41390 42326 42582 61878 44029 63069 42670 41310 42331 43946 42671 42332 61457 61458 41569 42334 61460 61886 43868 23299 62911 42002 42684 41241 41667 41328 63088 62578 42433 41413 42434 41335 42436 42695
hp 227
t 610
hp 272
t 24331 23053 23246 23209
hp 68
t 20809 20938 20854 20812 20855 328 1008 20857 20984 4878 501 459 28126 715 21328 20904 20989 21500 20863 464 465 380 28345 975 678 28176 21292 511 21253 20658 20914 28267 20576 20831 20664 20581 20881 21312 21271 450
