ap 0
hp 368
 61183
ap 1
hp 369
 53048
ap 2
hp 90
t 59030 59349 60667 58689 57354 61415 23803 60504 59378 57593 60525 58805 58869 61420 58702 23769 37306 61404 58430 60533 58664 58409 59344 59239 61408 60622 22437
ap 3
hp 37
t 76582 34380 74204 75479 75481 77437 74122 74251 54489 80415 75486 75148 75150 75322 75110 76684 74347 75197 76687 74477 74479 73759 75586 17917 23824 74229 75249 75463 75336 55574 75337 75465 77294 74406 79719 77297 75430 76792 75347 75517
ap 4
hp 370

ap 5
hp 83
t 44138
ap 6
hp 371
 20472
ap 7
hp 372
 20158
ap 8
hp 36
t 45473 46408 49808 47343 31449 48194 30855 30770 46495 46665 46411 47346 47347 46413 47094 46500 46840 46670 45821 48116 47096 30606 47097 31967 47098 31288 47184 47102 31463 48125 47106 46852 46427 48212 30957 69377 48214 28919 46430 46515 47280 48300 31811 66323 30879 48304 47200 48221 26971 46947 46863 47288 69388 66414 47289 47205 48310 46611 46442 47207 47632 47210 48230 48232 48572 48233 47553 47383 48234 48235 47215 46536 49936 47046 46537 66002 47133 45603 30730 46202 48072 47223 46883 47139 50030 46206 46376 47227 46887 49947 46972 45443 47146 48082 47997 48168 66444 46724 48170 46725 48596 48171 31854 48004 49620 47071 48179 48267 48183 47843 45804 47080 48015 46826 46743 31783 31784 50059 31786
hp 38
t 46790 47682 50020 47300 46366 30853 49596 49810 46538 30898 47091 26691 49981 47092 49727 32387 66047 49643 49814 48157 49942 49817 66307 47057 46892 47062 49657 47193 46131 66105 45876 31852 46770 30961 49960 47155 47325 31814 48220 32155 69517 32075 26085 65992 31143 31823 49716 49802 69395 32166 47552 46404 47084
hp 43
t 46493 46410 47093 31453 46923 46414 32049 47095 46415 46416 46926 46927 31118 47947 47099 48205 46930 46167 48126 48127 46428 31469 46855 47365 48386 46941 47284 47625 47204 47545 47715 47206 47036 31142 47378 46359 47212 48573 31150 47387 46793 46539 46454 31835 46965 32176 46371 32177 46372 31923 31838 48074 31840 32180 32096 46462 46377 47058 46747 46974 47060 32186 46722 46808 48084 47150 47066 46558 47070 45799 47159 48521 47756 47503 47930 46910 48272 32547 31188 47171 46407
ap 9
hp 59
t 29408 11218 9691 9692 11735 12080 11740 9872 32654 9874 32658 9029 12092 8353 8354 9544 29264 11755 12265 10226 12097 8357 9717 16007 12098 8358 9548 11419 12099 10229 11759 8359 9210 32671 9213 11424 8364 10066 11596 9896 12109 11429 12113 12284 8377 3619 9740 9741 32691 3622 12123 32525 32526 32696 2608 8390 32701 9753 9583 8395 32705 8226 32707 8398 8228 9081 8403 9933 9424 16225 8236 11297 9768 8239 9939 32720 8413 9603 9774 8414 8755 8416 9440 8420 11141 9782 9783 8934 8429 9450 11151 8263 11154 9794 8264 8265 12178 32748 8272 8273 8444 9804 8446 16266 12866 8278 9978 9980 12191 16271 8281 8454 29200 9824 11017 8468 32609 11190 8300 9831 8301 9832 9833 9834 12214 8475 32615 12045 10177 11877 8479 29901 9502 9842 8312 12052 12053 9845 12055 9847 8318 11718 11378 12059 9679 16310 9511 9341 12232 9852 16142 9853 32633 9512 10196
hp 55
t 47088 48363 46918 47090 31791 32475 46585 32476 46925 47014 31460 31802 30783 46423 46933 47103 47018 47019 30871 30787 32320 31558 48388 32156 48137 48307 47628 32328 31309 48140 31481 32331 47719 30890 48145 46871 47127 32338 32509 47129 48319 32339 32466 32340 32342 46369 46964 31921 30732 32349 31671 47143 47059 46381 47316 47147 32356 47149 31765 48512 47153 48174 32449 32364 47069 48516 47666 48517 32452 31433 32373 48864 48185 48865 48866 30761 48527 46402 30763 31615 48190 46405 30766
ap 10
hp 95
t 44454 5099 8159 4251 21337 21253 21339 21344 21429 44209 44125 21261 21348 8089 44640 44726 21266 44812 21267 44897 20757 21269 21355 20930 21357 44392 4529 8157 7505 21361 4106 43547 4109 44827 44829 21372 42962 44324 5142 20188 21294 4210 20706 44848 21306 4393 21308 4138 4499 4482 43668 5336 20976 44863 8143 4234 8147 21322 7467 7808 7893 20814 8151 42406 5092 21157 20818 44704 5095 4246 44877
ap 11
hp 159
t 8442
hp 153
t 25371 24861 26221 2210 26265 26180 32216 26181 26395 26182 26057 24909 2980 2938 26270 2172 26313 25293 32393 25976 25467 32140 2986 32270 26067 32357 8473 1715 26069 32359 1717 2229 2230 2782 9200 2145 8478 9033 9077 32367 9080 24592 26378 24594 24637 8573 24596 9042 9212 9043 1393 8661 26087 27277 2586 2629 8962 3014 26219
hp 157
t 1782 2506 1784 150 2785 2828 1702 1640 3234 1853 1620 1450 2045 1514 1643 1622 3237 1601 1603 1712 25726 2926 1801 8623 1612
hp 155
t 25839 25671 2381 24822 2723 2894 8844 2546 1539 2900 2903 1543 2904 2394 25854 2226 26028 2909 1721 1552 1722 194 2913 2063 1723 28584 1556 24846 1557 1558 25528 1559 2409 2920 2410 2924 2925 2415 2927 25367 2417 2588 2929 2930 1741 2592 1743 2934 2935 26058 2939 25040 25041 1581 1582 224 32353 32355 227 2946 2095 2949 2439 2781 2783 9075 2956 9076 2106 2957 25228 25229 25230 2450 8232 244 246 1611 25072 25074 25076 1616 1618 25251 1624 2985 1457 1969 2989 2819 2990 1629 2991 25265 9965 25266 1639 2829 1810 2831 24763 25105 2495 24599 2159 2502 1653 1822 24604 24605 32086 8966 3018 3019 3020 2510 1492 25292 1834 8465 1495 1496 25127 1497 1499 25130 25131 2862 8815 26326 25647 2868 2869 24630 3042 25143 1854 2367 25149 48609 48951 2881 26001 2882 8663 2544 32125 25666
hp 149
t 9120 25300 9079
ap 12
hp 134
t 56374 40013
ap 13
hp 141
t 56026 39801
ap 14
hp 352
t 20403 15853 20331 14838 20359 14219 11653 15601 17544 16187 16180 17520 20406 15391
ap 15
hp 50
t 53294 32809 53635 69786 54061 32981 54235 54068 53559 77785 54241 54581 54071 53563 54583 53819 53395 34952 53314 53655 53997 77712 14557 77628 57314 35809 57316 53832 34367 53833 54429 14565 54345 53750 54686 14567 77722 53837 34968 53670 34970 54013 54014 55036 77731 69911 54952 74247 53422 53254 54614 53934 33537 32944 23764 56234 77145 54623 54626 75196 33037 53863 54118 14425 77752 56248 33043 53954 53699 54209 54380 74949 77501 40442 53957 53959 35089 53705 53792 53623 53793 53964 53879 33054 53625 53712 53967 53544 54056 77091 53886 77772
hp 52
t 36634 75139 77012 77267 35022 70553 51343 70979 51515 70897 52198 70898 34858 70899 75149 75152 34863 51528 70908 54250 75160 53911 75161 35212 70487 69979 53574 77459 51365 75082 10737 77123 53918 9807 51543 77554 12490 75773 53248 77217 33188 35229 77730 77050 12451 70421 51382 34978 77309 51555 70426 70937 77483 34988 75109 51481 70273 75034 70444 75461 70871 70277 74953 70279 35261 70454 70114 70285 34925 12486 70456 34927 75730 54057
hp 56
t 31193 31789 46920 47774 46924 46586 48203 47694 30186 46251 30020 48213 31298 31980 31300 47624 30710 47031 30627 47713 31480 31395 31310 30630 30035 47037 48228 47548 30464 31484 47040 31315 30466 30552 47809 30555 46960 46961 47728 31323 47643 47049 47645 46967 46547 46888 46889 46551 31336 31168 47065 47491 30491 30661 31939 31260 31261 31431 30666 31262 46732 31263 31092 30159 30500 46735 47670 31267 47502 30672 31270 31272 31357 31445 46916
ap 16
hp 89
t 42118 44119 44077 5021 44377 44208 44424 44551 44382 44043 44045 45703 27811 44131 44215 28066 44132 44049 42264 44136 915 28029 26457 44775 44478 44436 44437 1386 44441 44485 44783 44106 27702 45043 44280
ap 17
hp 373
 65535
ap 18
hp 51
t 52868 10198 52698 53038 10879 52700 10540 53041 11221 13261 29923 29245 13605 10716 9866 29757 13267 13099 35879 52711 29422 52712 31632 9515 52714 13614 36226 36396 12936 36227 12937 52376 53056 9539 29430 53059 10391 13111 10221 12942 9542 52723 53234 10224 36576 10227 11078 11418 31648 13119 9720 52900 10570 9722 11427 36418 53078 52909 10239 10579 9729 9730 11431 29284 52235 12115 11435 9906 11778 53091 10591 13143 29293 9914 9918 10939 16210 53100 10601 9924 9927 8399 10610 16221 9762 16224 52604 10614 9597 12488 11300 10621 52952 53122 16234 36294 10964 13174 10965 16236 10966 10459 11310 14031 11144 9784 36476 52801 10983 16255 52977 36318 29519 10139 10989 10309 53149 11330 10650 11332 36668 10149 30379 29190 10660 29191 11511 9812 10662 11343 11514 29195 9815 10835 36167 11008 11009 10669 36170 11350 10670 36171 13222 10671 52695 29881 9822 11013 11353 53003 9654 9825 13566 10677 11020 12891 52500 11021 53012 11022 53013 9836 12898 36359 10179 52681 16302 52852 29393 16133 9844 13074 11035 8315 11376 29567 29397 13248 35857 29398 12909 52688 11379 9510 10189 11380 17161 10194 12404 53035 10706 52697
hp 63
t 52911 11049 54017 34977 53722 32814 54151 54534 10718 54153 53813 54580 34949 54712 54373 53141 54673 55269 11160 33558 53661 53746 53620 35090 53749 10697 54048 53878 52901 54687 54390 77384 34460 53588
hp 40
t 46748 48023 49638 47089 30854 49979 46751 46922 49642 27458 30774 30945 47181 49562 49987 32055 66310 46931 30867 31037 66312 49652 48124 30870 48040 31040 46342 31213 47366 47281 30877 66237 30881 30882 47203 49923 50008 32159 31650 30802 49928 49673 30293 47209 49674 50014 49929 31740 49846 32420 45341 31912 50017 47128 47214 8369 32169 30639 49851 32001 30981 50023 30899 47219 30984 49855 49684 50026 30987 50028 49944 50031 49948 30824 49950 46720 30912 47402 49953 45108 30747 49958 30833 46218 47749 49961 48261 49451 49794 50220 49795 30755 48095 47416 66371 26082 47331 48097 49968 49798 46653 30674 46400 50055 46911 47421 47336 49718 49549 30339 30851 49977 30852
ap 19
hp 374
 57078
ap 20
hp 139
t 28480 317 48 3575
ap 21
hp 375
 28607
ap 22
hp 376
 73702
ap 23
hp 377
 60664
ap 24
hp 65
t 16233 12323 12874 52913 53126 52701 12497 52702 53043 36214 12414 12371 12458 31710 12417 36261 31588 10296 13656 13572 53099 36355 36397 52675 10643 16212 13450 51236 36191 13666 51323 36661 13925 16220 29608 52559 12400 31186 51333 13891 53034 49848 49763 10578 36164
hp 58
t 75222 77518 56226 54058 53338 53380 74800 53977 77225 53553 76886 74254 53387 54067 77188 77571 74809 70305 70050 74471 75663 76853 53564 77619 54246 76856 77027 77665 70313 77198 75500 70783 54039 69936 35129 53917 77250 53621 77676 75170 77381 54049 77339 75469 75172 54052 75174 53542 75729 75475 74669 74244 53547
hp 42
t 77391 51427 70639 54192 75655 77186 70644 77274 76170 76850 70605 76895 77151 76855 69758 54119 70482 76857 77197 76858 76859 69762 75759 77077 72700 77375 76398 77249 77133 77293 76955 69858 76829 76956 77551 77042 76318 69903 69818 77553 76321 77512 76833 77513 75815 76877 76878 76327
ap 25
hp 97
t 44113 45048 45050 26605 27880 4845 44290 45908 44124 26700 5195 42767 27044 4415 5114 7494 42772 44134 21439 42863 4275 4530 42865 42867 21499 20768 46779 44144 4449 44146 44911 21452 4452 44234 42875 44406 44322 44494 44155 21375 4459 20781 43648 4803 44243 44159 44839 44329 42801 20957 42292 44247 43058 20958 20959 26574 42895 20796 42897 21146 44353 21405 42911 20982 44867 5090 44191 43427 45042 42917 44363 42918 43855 28386 44112
ap 26
hp 92
t 61369 60859 61200 37065 61039 61212 61043 61213 61214 18715 61218 18039 61220 60712 61392 19402 61224 60719 37770 60721 38110 61231 61232 60723 19243 18733 18734 59365 18735 19416 61407 60896 18057 60897 60728 61409 61070 61241 59372 61242 60733 37443 61243 60904 61416 61246 60907 18578 61250 18921 61422 18753 61424 58534 61425 18756 40856 16887 18758 61429 19270 61090 61262 16893 61433 61263 18764 61435 18765 19276 60757 61267 18938 60760 60423 39854 37136 36974 60605 58056 61285 16745 60780 18621 58572 36984 16756 58581 17953 37163 36995 58076 36997 60798 37168 60799 60969 58592 18643 37006 18646 58596 16436 57917 37518 18651 58601 37861 19332 37182 60981 58603 37184 58097 58100 37872 57935 37708 37709 37199 61341 37541 37884 37885 37377 37211 61354 60677 61188 23957 61358 37221 37223 18694 61194 61363 18695 61365 18696
ap 27
hp 39
t 54865 54867 54997 54784 54660 56020 54872 75485 53343 55639 54874 54663 74426 53984 54669 74858 55820 74309 53357 54718 74312 53275 77755 53361 74188 74444 55024 55917 56172 77721 54857 54817 55032 74286
hp 47
t 74330 56182 53336 74332 56270 56185 53976 54870 56188 54871 74422 74425 74255 74427 74342 74343 74470 74853 53988 74983 74346 74431 53692 54670 55010 54798 53481 56247 74990 74396 56207 53998 54890 54976 55020 53365 56179 55023 54854 74405 56258 74958 54304 53327 74322 74323 53373 74326 74327 74242 56180 55034 54524 55035
hp 60
t 54993 56227 13645 40294 74211 54406 54662 54579 56449 54665 53987 54837 54328 54841 54672 55014 55821 54844 55015 54675 56252 55232 55277 56170 54557 77680 54858 54733 54863 55584 74115 53885 54651 54907
ap 28
hp 81
t 44878 42501 44201 42841 43522 5102 43862 44203 43523 43524 42504 43185 43865 42845 43187 43188 43528 42848 43529 27209 44210 42511 43531 41152 26872 42512 44213 44214 42854 42855 41156 44216 43199 42860 43542 62243 43203 44904 43884 44225 43885 43545 44226 42866 43886 42528 62249 42869 42870 42871 42872 44235 44237 42878 45938 66680 44240 44242 42542 42883 43225 62266 61927 44248 61928 44249 42889 44250 44256 42896 43579 42899 61941 42901 42903 42904 41545 26586 61947 42567 43587 42908 44269 42909 42910 62292 42912 4756 42913 62295 62635 42915 43256 43598 42919 62301 42921 62302 42922 42923 42924 44285 42925 44286 43267 42929 43610 42930 42931 62312 42592 42932 44293 44294 42597 43958 62320 42940 43960 43281 62321 46001 43282 42941 42942 43623 42605 43966 62327 42607 62330 44992 26633 42954 26634 43977 62338 26639 26640 62343 26643 43985 42625 43986 43988 43310 26651 43991 43996 69157 43997 43318 43999 69160 44000 43321 26662 43663 44005 26665 43326 62367 69167 44009 44011 44012 44356 62377 44018 44020 44021 44023 44025 27026 44706 44367 44028 44029 44030 21251 44031 44376 40976 42678 27378 43019 42682 44389 62070 44391 62412 43712 43034 42014 21274 43715 61737 43037 43720 41344 41345 21286 43730 43394 42036 43736 43399 43739 43061 43402 62103 43404 61766 62106 42387 61772 43072 43417 21335 43775 43777 43778 42419 43781 43785 44126 43787 43788 44129 41410 21350 43112 43793 42775 44139 42780 43120 42781 44822 42783 44825 44147 44149 43470 42790 44151 43132 44153 42794 44837 42797 43138 42458 43819 43822 43142 43143 42804 43144 43145 42807 43148 43488 42809 43829 43149 43151 41454 43494 43154 27174 43155 43496 43156 43157 42819 4400 43840 43841 43842 43843 43164 43845 43846 27186 62208 42836 43849 62209 42489 43850 62211 43851 43852 5093 44193 43515 44876 42497
hp 79
t 60009 74630 22605 60012 78202 78203 43864 60355 22275 22956 57976 22446 60358 22790 60361 60362 77872 22792 58663 22793 22624 22794 61385 41666 59346 77876 22626 41668 22628 41669 22459 22800 41671 42520 41332 65472 22803 41334 22804 60715 60376 41676 41336 60036 22636 22807 41678 64797 41339 59529 60720 61400 22810 41681 60380 22811 22813 22814 61405 59025 22815 60725 61406 59366 60726 59027 60558 65489 64809 60559 60730 22820 60731 42372 60222 60224 58865 78245 22826 60226 60397 60398 60739 59209 62269 58700 59380 63460 65501 78251 22832 39152 22833 59384 22834 59385 61255 22666 22326 41367 22837 62617 23518 22838 59389 22839 59219 41370 22840 22331 60241 41372 78261 22842 37972 65513 41543 43923 22674 22844 22675 22845 57697 65517 22847 78267 23529 60420 60761 65521 23531 22001 65522 60252 60254 41385 41555 60255 65526 23536 41727 41388 59069 58389 65529 58052 59243 42583 41395 65535 58396 59926 58397 78286 22698 22868 57889 22870 57552 58403 42595 58406 60276 59768 60278 22709 43789 79490 43791 78472 36993 59603 58754 60284 22715 22546 22887 41587 60288 78481 22551 41592 59612 64885 78485 22895 65226 60297 78488 22559 60300 22560 78491 78662 78833 58606 57926 22567 78498 41647 39739 78503 78843 78673 41784 58444 58104 77825 65245 78675 58446 78508 59978 22409 43153 41623 41628 23269 58800 60331 22593 78353 41634 59314 78694 23275 41638 58809 36879 60170 60510 41640 23791 37050 58642 64934 58985 78706 61197 60687
hp 85
t 65108 65109 64939 65110 78200 65111 64772 65113 57973 57974 65115 22785 64605 64947 22788 41148 57469 22621 57643 22795 22796 60367 22797 79068 59008 22798 57818 22799 79070 41841 78732 78393 78395 59835 39805 79077 57660 57490 59702 64973 60044 65144 65145 65147 78748 65151 58017 58018 58106 22830 58022 41876 57352 57523 64834 39844 64665 58376 22677 22678 22851 22682 64843 57704 59065 22685 58387 64847 59068 81850 58391 58392 57712 78792 58393 64853 58394 57544 58398 41738 58058 57549 59929 59420 59589 22700 64861 57551 22701 64862 22872 58912 60273 78293 78804 42254 58065 22706 57556 64867 22707 58067 58408 58068 59429 58069 59090 58410 59940 22711 22710 58070 22712 78132 58752 58753 60113 59602 58414 64873 78474 58755 64874 22716 59436 22717 59607 22718 57568 59439 22719 78820 59950 64881 58761 57571 64882 57572 59103 39892 80693 65106 64883 58934 22894 59445 60295 64886 57575 58935 59615 78656 58937 23237 65056 22558 65228 64889 57579 65059 65230 58771 57581 60301 64552 60302 57626 57584 58435 78665 41436 60306 59118 60308 78840 59970 60310 57590 57591 59461 64884 57932 59633 78844 22914 59974 57595 59295 59635 22916 60316 23256 57597 41448 78168 22578 41449 78678 22919 59470 60150 59471 23261 78681 22922 22583 59983 23264 22925 22585 65256 23266 60326 78516 22927 22588 23268 23270 22591 23271 65092 59313 78695 60166 57787 65267 23277 41808 64928 78189 60339 23279 23280 64931 65271 23281 23282 57795 23286 22607
ap 29
hp 48
t 47259 69359 66640 69021 47262 65962 66643 66304 69025 47946 69027 45227 66309 69030 66311 69032 66313 66653 66654 69035 66315 47278 62238 66319 66321 69381 47282 69382 66665 47285 66326 47286 43206 47287 65647 69387 69389 66330 47290 69390 66331 47291 47292 66672 69392 47293 66673 47294 47295 66336 66676 69396 66678 66343 69403 66684 66685 69405 45946 69407 47308 69068 47989 47990 69070 47310 69410 69413 45273 47996 69416 66358 69419 69420 48001 48002 69082 48003 69423 43244 69085 48006 69426 69087 69427 69088 61609 62290 69092 61612 66712 66716 66717 69437 66718 69100 48021 69441 69102 66722 69442 69103 69444 48025 48026 69106 69446 48027 45992 69456 48037 48039 69459 69462 48043 69463 47367 47368 47369 69469 47370 69470 47371 69472 66753 62333 69473 62334 69474 69475 47376 69136 47377 66757 30718 66078 47379 69139 66759 69479 69480 66762 69142 69482 27323 69485 69486 66767 69147 69487 69148 69488 69149 66769 66770 69490 47391 66771 69492 69494 66094 66776 69156 66439 31759 50120 43320 62361 48081 50122 69162 69503 69164 47404 66104 69165 62366 47409 69511 47412 62372 69513 47414 48094 62375 66116 69518 62380 47420 47422 62382 47423 62383 69184 47425 66805 69186 47427 66808 69528 69191 69192 66133 69534 48115 66815 69195 69196 69535 69536 66137 69198 48118 66138 69200 62400 66141 69204 69544 47104 69205 49486 69206 69546 69207 69548 69210 66830 69211 69553 69214 66156 66157 69559 47460 69560 49163 69564 62426 69228 69568 45089 66169 46451 69232 69233 31833 49174 69234 69236 69238 69578 69241 69245 46125 69247 69248 67548 45448 69249 66190 69251 65856 45456 67557 45457 67221 45801 46822 31862 45124 49545 65867 67228 49889 69270 69271 43091 69272 69613 69274 49214 65874 49895 69276 69277 47857 65878 46838 65538 69279 66900 69281 49901 67242 69283 69284 45485 69625 48206 69287 48207 46847 69288 69289 69290 69291 69292 43114 46175 66917 69298 68958 69299 66580 47544 66244 46184 66585 66246 68968 47211 49592 46194 65915 68976 68977 47217 49598 68978 68979 69320 68982 68983 68984 66605 68985 66606 69326 69327 30911 47232 47233 69337 68657 65938 47238 66619 47240 47241 47242 66624 45544 47244 61865 47248 47249 49970 47251 69012 65954
ap 30
hp 64
t 12982 13217 12644 53721 13941 34282 53853 13904 13351 34899 13501 35007 13502 34433 34944 33123 34285 34989 13442 12511 77388
hp 62
t 37399 36295 31281 34002 30348 36385 36388 11228 36391 29507 13783 36310 52800 52716 52717 31553 52718 36398 52804 36315 36400 53912 36234 36662 16262 14392 12947 12440 52815 13801 36667 13718 36331 53926 52821 29872 12278 30299 13130 29705 53080 52999 31579 53085 36256 52831 36597 29546 53176 53092 12463 53009 33714 52841 12892 36353 12553 53183 52929 54544 31595 28876 31511 53017 13924 51239 31520 33391 53877 52773 54559 10274 31694 36626 13081 36541 16314 17249 52866
ap 31
hp 46
t 49723 66045 69020 66216 65792 46242 50918 47348 49559 73274 47944 48117 47183 50923 49564 31544 47269 30951 47357 47272 30868 47188 66314 30785 47275 69376 50168 66744 50170 47283 69555 49921 49667 30883 31224 50096 49417 49672 47470 49765 49171 50618 50400 65919 30900 49685 69322 41021 50033 50034 73325 47400 69586 65932 47148 49956 49617 31601 31860 49966 43081 66459 49714 31442 49636 49211 47257
ap 32
hp 378
 39865
ap 33
hp 379
 20398
ap 34
hp 380
 52475
ap 35
hp 98
t 64216 64003 80878 80327 80332 80418 63420 79656 75491 80848 74175 80338 80720 79702 80765 79617 79660 80723 80724 79726 80385 73756 80559 75501 75503 79669 79798 75294 79548 63695 79721 80741 79724 74455 80746 80321 80364
hp 172
t 8457 8373 8288 8374 8289 8332 32238 8376 8503 8368 8293 8464 8294 9083 8297 8298 32736 8511 8299 8365 8366 9176 8284
hp 173
t 32382 32553 32468 32128 32043 32469 32555 32130 29836 48196 30006 32217 48538 48879 48711 32562 30012 30693 32479 31800 30695 32566 32481 48886 31889 32062 32063 32064 32065 46771 32746 32066 32152 32067 32068 32409 32070 32071 32497 32073 32414 48312 32248 30551 32254 32510 31831 48151 47047 32088 32003 32004 31920 32090 32005 32345 32347 32348 32009 48160 32010 32351 31757 31928 32099 31763 48169 32445 30660 31851 32022 32108 30663 32023 32110 32365 32026 32366 47582 32370 32456 32031 32542 32457 32372 32458 32033 32544 32459 32545 32460 32461 32378 32209 32550 32465 32381 32467
hp 291
t 33488 18188 33489 33490 33830 18190 33491 33831 18191 33493 18363 33494 17854 19044 18365 33836 33497 18197 33837 33838 18198 18199 33501 18201 33843 33503 19054 18206 18376 33509 18209 14639 35719 18210 33853 18213 34534 18214 18215 34536 18216 34197 33517 18217 18219 33181 33521 33861 33522 18221 33352 18224 33355 18227 33528 18229 33360 34041 33534 33535 17895 6678 18241 33881 34051 18243 17905 17738 34229 17910 14340 17911 33381 17913 14343 17914 18254 33384 18255 17915 34236 33898 14688 14349 33901 14691 33902 33394 33396 18267 33398 18269 14699 17760 15041 18272 18274 33404 34084 7395 14365 18956 33406 18277 33407 33408 18279 18281 6041 34262 18282 19132 34264 18284 17774 33925 34095 18286 18966 18289 18970 14381 33252 33423 34274 14383 18974 57226 14390 18304 14736 33437 33438 15079 14399 11851 19672 14403 18314 18317 33448 18319 17809 18321 17812 19684 33795 34137 18328 33972 14422 19694 18334 33977 33979 18342 34152 14432 14605 33476 14777 33477 18348 33818 14778 18178 14779 33479 33480 18180 33481 33821 33822 14782 33483 17843 33484 18185 18356 18186 19037 17507
hp 330
t 69358 67282 67240 66561 67326 66608 66908 66738 66909 66272 66273 68994 66019 48085 66617 67000 66831 68960 65560 66666 66242 68622 68963 47245 69515 69048 68964 66669 66160 69016 69051 47419 69350 68883 67188
hp 321
t 49382 50785 50700 50872 50960 50832 51002 51981 50876 50875 51982 52065 50748 52067 52490 52153 52154 50965 50837 51134 51606 51011 50971 50675 52079 50719 51149 52172 49285 50816 49372 51585 51032 70880 50821 50864 50694 52140 50823 50695 50869
hp 258
t 73310 70958 50118
hp 177
t 45558 45219 45565 45566 45567 45229 45570 45910 45572 45574 27555 45915 45576 45916 27557 45579 27559 69379 45580 26881 45582 45583 27563 69383 27223 27565 27566 69386 27567 26887 45927 26888 43209 45250 26890 26892 69393 69394 45934 26894 26895 45935 45596 45597 45598 26898 45600 46280 26900 45601 69401 26901 45602 69402 45262 26902 27584 26904 27585 45605 27586 27587 27588 45608 26908 46288 46289 27590 46290 45611 27591 26911 27592 45612 46291 27593 27252 26912 27594 26913 26914 45615 26915 26916 27598 27599 69079 27600 46300 27601 27261 27602 26922 46302 46303 27604 69424 27605 46645 27606 27608 69428 26928 27609 27268 69429 69430 26930 27270 27611 26931 45292 69093 45633 26934 27615 69435 69436 27617 26937 45638 27618 69438 69439 26939 27279 27620 46320 69101 27281 27622 27624 26945 46326 69107 45647 26947 46327 26948 46329 26949 46330 27631 26951 26952 46332 46333 26953 27634 46334 45655 26955 27636 45656 27637 45657 26957 27638 26958 26959 27640 27641 27642 27643 26963 45664 27644 26624 27645 45665 26625 27647 45667 26627 45668 26968 45669 45670 45671 45672 26632 45332 45673 66754 26974 45675 45335 45676 62337 45677 26978 26638 45679 45684 62344 69484 45686 27326 45688 26648 26990 62353 45353 45354 45695 45696 62363 45706 45707 45710 26670 45712 45713 45718 45719 45720 45725 45385 45726 45386 45727 45387 46070 45392 45393 46074 45396 27036 27039 45744 45745 27045 45746 45406 45747 45407 45748 27048 45750 69550 45751 45752 45753 45413 45754 45755 45756 27056 45416 45757 45419 45760 45761 27061 45762 27062 26722 69563 45764 45765 26725 27065 45766 45426 27066 45767 45427 27068 26729 45770 45430 26730 45771 27070 43051 45432 45773 26733 26734 45775 46115 27415 45776 26735 27416 45777 26738 45439 26739 45780 45781 27081 45782 45104 45105 45785 27425 27426 27427 45109 45449 45110 69250 45450 45111 45451 45112 69252 45452 45113 26752 45114 45454 45115 26755 45116 45118 27438 45119 45459 46820 26761 45122 69263 26763 46823 26767 45808 45810 45470 27110 45471 45812 46152 27112 45813 26773 46154 45474 26774 45815 69275 26775 45475 46156 26776 45817 27456 46157 45818 27457 45476 46158 26778 27459 27119 26780 45480 45481 26781 26782 27462 45823 26783 27465 46845 27125 45826 27127 27467 27128 26788 27468 26789 27469 27129 27130 45490 45831 27131 45491 45832 26792 27132 45833 27473 27133 45834 45836 26796 69297 26797 27477 26798 27478 26799 45840 26800 27480 45841 26801 45501 26802 45502 27482 45843 45503 26803 45844 27483 26804 45845 26805 45846 26806 45506 45507 27487 26808 26810 45510 45851 26811 45512 45513 26813 45855 45518 45519 45522 45863 27505 45866 27506 45187 45868 45528 27508 27509 27510 27512 45874 45534 27514 45875 27515 45535 27516 45536 48257 27517 45878 27518 45879 27519 45541 45883 45886 45546 45891 45552 45553 45554 45556 45217
hp 226
t 34948
hp 320
t 51082 34717 51125 34299 51129 33280 35865 34173 34088 33876 51089 34812 34175 51132 34218 51600 34091 34600 51090 34261 36048 34774 51774 52454 33883 51095 51053 33926 33378 35338 33893 34108 34788 34194 33897 34577 35515 51072 34710 51073 35433 50947 34076 51076 51034 34714 34588 36075 34291 33314 34292 34250 51037 51080 34591
hp 292
t 78073 77904 78075 77905 64179 78078 64096 77866 79398 63377 78040 64743 77941 64744 64747 79454 64154 64112 64113 63391 80689 64115 64159 79545 78060 64121 80696 64123 79423 80656 80572 77894 64168 80361 64170 79429 80535
hp 115
t 73863 74375 55590 74545 81515 39143 81432 56273 74421 74380 39148 56278 81568 81526 74007 74094 56287 56288 56290 74693 81578 55611 81408 74737 56292 81495 74738 56293 56294 74526 81497 56295 81584 81500 81287 74573 80948 81502 80949 81588 74533 81589 56260 56303 80953 80954 81295 81595 81510 81340 81511
hp 269
t 51338 51340 70720 71400 70721 51342 70042 70723 70724 70384 70044 70385 70725 70386 70726 51347 70387 70727 70728 70388 69708 70389 70729 70390 70731 76511 70051 51352 70392 70052 51353 70733 70393 70734 51354 70053 70395 70054 70736 51356 70396 70737 70058 70739 71419 70740 70060 70061 51362 70742 71423 49323 70063 51364 70744 70745 72446 70406 70746 70747 70066 70408 35049 70410 70411 70752 51373 70753 35053 51374 70414 70754 70074 71096 70416 70417 70757 70758 70418 70078 70419 70759 70760 70080 70081 70763 70083 49345 70765 70767 51388 51389 70429 51390 49350 70431 35071 51394 49354 70774 70435 51396 70780 51401 70441 70101 70443 70104 70105 51406 70106 70107 70448 70449 70450 70451 70452 70112 70453 70113 70115 70116 50737 70117 70118 70459 70119 71480 70460 70120 36121 71141 70461 36122 70462 70121 70463 70122 70123 70805 70126 70127 70810 70131 70812 70132 70813 70133 70476 70136 70478 70138 36141 70481 72521 51783 70143 70824 71170 72530 70832 70833 71174 51795 51796 70837 70497 70499 51461 52141 70841 70842 51463 71184 51464 51465 51466 69827 51468 51469 71191 51471 71192 70854 52155 51475 70176 70858 70178 70860 70180 52162 72562 69844 72567 71207 34827 70188 70870 71211 51833 72574 51834 34835 51837 51838 51839 72580 34840 35522 51503 70547 76328 51508 51509 52190 70210 35530 51511 70891 51512 69872 51513 52193 70213 51514 35533 52195 51516 52196 70216 51517 51518 51519 71240 72600 77020 70902 77022 73623 72605 70905 35545 52207 70227 35547 51529 70909 70910 71591 76351 70912 70913 70917 35217 70578 70918 35218 71599 35220 70922 71263 77043 35223 70925 35225 72626 71269 51551 51553 70933 70934 51214 70936 70257 51558 70938 51559 70939 70260 70261 51562 70262 51563 70263 71284 70264 71285 72645 70265 51906 71286 70266 51907 70267 51568 70268 71289 69929 70269 71290 70270 51571 70951 77411 71292 70271 51573 51913 71293 70954 35253 70274 35255 70956 70276 72659 51580 68580 71302 35262 68582 71303 35263 70284 70626 70287 51590 34930 70973 70294 51937 70297 69959 70299 69960 70300 69961 51944 69964 70304 51945 69965 70306 51607 70308 70649 70309 51610 69970 70650 70310 70652 51614 70654 70314 51615 70655 70315 51616 70656 71336 51617 70657 70316 70317 70318 51619 70659 70319 70660 70661 69981 70662 51623 70663 69983 51624 70664 70665 70666 71007 70667 51628 52648 51629 70669 70671 51632 70672 70673 70333 70674 51635 69996 70676 70336 70677 51638 70678 70679 70680 71360 70340 70681 51300 70341 70682 70002 70342 70683 71023 70343 70684 70344 71365 70685 70345 70686 70346 71367 70687 70347 70688 70348 71369 70690 70691 70351 70692 70352 70693 70353 70694 70354 70695 70355 70696 70356 70697 70357 71378 70698 70358 71379 70699 70359 70700 51320 70701 70702 70362 70363 51324 71045 71387 70367 51328 71389 71391 51331 51335 51336 51337
hp 69
t 29840 28821 28823 28993 29249 28825 28829 30104 28830 30531 30446 47616 30022 30535 30110 11156 30198 29859 30369 11161 53151 30372 29779 30120 30375 28846 28676 30037 29868 29954 30125 29956 30553 30383 30129 29025 47730 30391 31584 31585 30056 31587 31502 30057 31672 53008 31674 29974 30400 53011 30146 28702 29977 30148 30404 53015 29896 30406 30407 30410 30325 30412 30327 30413 30414 30329 29394 28714 30331 30332 30675 32631 28721 29061 28723 30510 30171
hp 176
t 48280 48451 48281 48454 31795 49136 48469 45749 46396 48471 48472 48133 48473 47085 48474 48134 48135 48476 48136 48138 47086 48479 48139 48309 46440 48311 69391 48482 48483 48143 48313 48484 48314 48485 48315 48486 48316 48487 48317 48488 46448 48318 48489 48490 48492 46282 48493 48494 48495 46455 45096 48498 48499 46465 49017 46810 45791 46811 45285 48518 45458 45632 48524 48526 48188 46148 46829 48530 46491 48532 48533 46153 46324 45135 46160 46162 48543 46164 46510 46170 45660 48552 27474 48384 48215 48385 48217 48387 48389 48560 48390 48561 48391 48392 48393 48224 48394 45674 48225 48395 46354 48396 48567 48227 48397 48398 48569 46869 48399 48570 48400 48401 48402 48403 48574 47043 48404 46364 48405 48406 48237 48407 46878 48408 48409 48410 46370 48412 48413 46204 48414 46374 46205 48415 46375 47077 48421 48422 48423 47063 48424 46384 46215 48425 46385 48426 46386 48427 48258 46387 48428 46388 48429 48260 46389 48430 46390 46220 48431 48262 46391 48432 48263 47072 48433 48264 46392 47073 48265 46393 48435 48266 47074 48436 46394 46395 48437 48268 47075 48438 48269 47076 48439 48270 46397 49120 48440 48271 48441 47079 47081 48442 48273 47082 48443 48274 47083 48444 48275 47078 48445 48276 48446 48447
hp 331
t 65577 66300 65579 62350 68981 46669 45311 65626 66648 45231 65551 65891 62237 66361 65639 66575 66745 66067 66153 69043 66834 69086 66878 48093 65646 66837 65562 47415 66625 65904 66074 65906 69178 48098 45253 46657 67313 65953 66166 67314 67316
hp 235
t 14702 33721 33276 14342 33256 16787 33639 14344 33279 33237 33726 32922 14689 14499 14437 14417 14693 14481 33567 18161 32909 15335 14572 16804
hp 246
t 63068 63918 68169 63919 63920 63240 68176 68177 63928 63248 63079 63249 63760 63250 63251 63082 63932 63252 63253 63254 63085 63255 63086 63087 63257 68188 63769 63260 63261 63262 63093 63263 63264 64456 63777 64287 63778 64120 63780 63101 63288 63272 68847 63103 63273 63784 63954 63274 63275 68206 63786 63957 64128 64297 64129 63959 64130 64299 62940 63791 63280 63281 64132 63962 64133 62942 63282 64134 63283 63964 64135 63284 63285 63796 64304 63966 64137 62944 63967 62945 64305 63968 63286 62947 63969 64140 64307 63290 63970 64141 63971 64142 64309 62952 64143 63972 63293 63973 63632 63294 63974 63292 63295 64315 64313 63976 62955 63977 63979 63641 63981 63982 63983 63814 62963 63815 64155 63985 63816 63986 63817 63987 63818 64158 63988 63819 63820 63990 63821 63822 64502 63993 63065 63994 64505 63995 62976 63997 62977 62978 62979 62982 63835 62985 62986 64311 63502 62992 64312 62995 63000 68611 67422 63005 63006 64204 68114 64206 68116 61656 68117 63017 68118 68119 68120 61660 68121 68122 68123 68124 68125 68126 68806 64387 63028 61670 63882 64392 63883 61505 63545 68819 63550 63039 61680 63118 68142 63893 68822 61683 64403 68144 63895 68145 63897 67977 68149 68150 67470 67471 68153 62951 67474 68155 63908 63058 67989 68160 68331 63060 63061 63062 62953 63063 63064 68165 63066 67487
hp 299
t 44145 44127 44228
hp 109
t 79730 79731 79221 79561 79736 79737 79738 78210 78552 78558 78910 79597 78577 79598 79599 79266 79104 79105 79106 79616 78936 79108 79109 79110 79620 79111 79282 79113 79114 78944 79115 79285 79116 79286 79117 79287 79118 79288 79119 79120 79121 79122 79292 79123 80992 79124 80994 79125 81165 79295 79126 81166 79127 79808 79639 79131 79642 79813 79134 79135 81007 78968 79819 79820 79822 78972 79823 79657 79658 79829 81869 79830 79831 79152 79153 79833 79154 79834 78984 79155 79835 78985 79836 79156 81025 79837 81028 79161 79164 79844 79165 79845 78995 79166 79847 79167 78997 79848 79849 79850 79680 79851 79681 79001 79852 79002 81043 79684 81044 79005 79685 80365 79687 79688 79008 79689 79690 79691 79522 79863 79693 79015 79696 79016 79697 79017 79698 81059 79700 79701 79024 78855 79025 79026 78857 79027 78858 79198 79028 79029 80900 78860 79200 78861 79201 79711 79202 79203 79204 79716 79207 79208 79209 80909 80911 79212 81082 79213 79215 79727
hp 84
t 78708 57969 22779 78710 78543 78718 59171 57471 60363 58325 58837 78729 59009 57649 59011 57651 57821 60372 60373 57653 58163 60374 58844 58336 60206 60377 58337 60378 57658 59018 60379 57829 58340 57830 65141 60382 57662 57492 60383 64972 57493 78744 64974 78745 65146 57497 36928 57498 60389 58860 57501 57502 60393 58693 78243 60394 58013 60396 58698 78758 60399 58019 59382 57513 59213 58364 58874 57687 58027 58028 57690 57521 57696 57527 57699 57700 57702 78102 60253 58386 57366 78276 59070 64850 57371 58053 57714 58054 64684 65024 60265 78796 65025 58057 58399 57719 78120 59080 58060 59081 57723 59083 58913 59424 57384 64864 59425 58066 78807 39197 61298 58918 59430 59091 78471 58921 59432 59092 58413 59433 60283 58073 59435 57565 39885 57397 57567 59098 22547 59099 60119 81369 59440 58079 65050 59101 59779 59444 59614 60125 22554 60126 78486 22556 57576 59108 59109 59449 59110 60130 59111 59451 22561 22562 60133 59113 22563 59453 59114 57585 60136 59116 22566 22565 65065 57587 60138 78838 58948 60139 59119 58949 59460 22568 58101 60311 22571 58102 58952 59463 22572 58953 60144 58954 57594 59466 59636 58956 37027 22917 57768 60318 22918 58959 60319 22580 22921 59132 23262 57602 59133 22924 59644 23265 77836 57436 78686 22587 57778 22589 78181 57781 57611 57782 65091 23272 57441 23274 57614 64926 57616 78698 60171 65273 23283 65104 22776 60177
hp 319
t 81258 78878 78499 78966 78457 78542 57550 78888 78889 78848 78850 78851 81571 81275 78854 78556 81579 79284 78945 79031 78862 79032 78863 79033 79034 58889 78992 79035 79290 81330 78568 81162 79037 79038 60340 78871 78998 78873 78874 81084
hp 104
t 76669 80409 80579 80410 76672 76673 76674 76675 80246 76677 76678 80248 80249 76680 80250 76681 80422 76682 80592 76683 80252 80424 75324 75325 80425 80595 75326 76685 80596 80766 80427 80428 76688 80258 76689 80429 80599 76690 80430 76691 80601 76692 76693 80603 76694 80094 76695 80435 76696 76697 76698 76699 76700 76701 76702 76703 76704 79934 76705 76706 76707 76708 80448 76709 75349 80450 76710 76711 80451 75352 76712 76713 80453 80283 75354 76714 80454 76715 75355 76716 80457 76717 76718 75358 80288 76719 80459 76722 80632 76723 76724 80294 76725 80465 80638 80299 80470 76731 80301 80472 76732 75372 80473 76733 76734 75374 80475 76735 75375 76742 76744 80487 76747 76748 80488 76068 76749 76579 76750 80320 76071 76752 76072 76073 80494 76754 76244 80324 76074 80325 80840 76080 76082 76252 80333 76084 80334 80335 80336 76767 80344 76775 80345 76776 80346 80857 76777 80347 80858 76778 76098 80690 76101 80523 76786 76446 76106 76787 76788 76789 80870 80871 76622 76454 76284 75264 75265 76625 76626 80366 75266 76627 75267 75268 63879 76629 75269 75270 76631 75271 76632 75272 75273 76634 80545 75274 75275 80546 75276 76637 80548 76638 80209 64229 80550 80890 75280 76640 80551 75281 80722 75283 80555 75286 64237 80557 80387 76648 79539 76649 80389 76650 75291 76652 76653 76656 76657 76658 76659 76660 76661 76662 80743 76664 76665 80576 76666 76667
hp 268
t 35018 76838 76840 69702 69703 35023 76843 35024 69705 35025 70045 69706 35026 69707 35027 76848 76849 35029 71411 76851 35031 35032 35033 35034 35035 35036 70056 70397 69717 35037 70398 35038 70399 35039 35040 51361 69722 53742 51363 69723 76863 70065 35045 69726 35046 51367 69727 70067 35048 54205 51370 35050 70071 35051 51372 35052 70413 69733 35054 70755 35055 69736 69737 70077 35058 35059 70422 70082 69744 69745 69747 69749 35069 35070 69751 69752 72472 51393 69754 69755 51395 54115 69756 51397 69757 70098 51399 36099 70439 70099 54121 36102 70442 69763 51404 36105 36106 51415 69775 71138 69778 69779 71481 51422 36123 51424 69784 54144 70124 54146 71148 70128 54148 69789 70129 54149 51430 69790 70130 69791 36132 51432 54152 69793 70473 69794 70474 51435 69795 70475 69796 69797 69798 54158 70480 69800 54160 69801 54161 72522 69802 54162 36143 70483 35802 70484 69804 54163 70485 54164 69806 54166 69807 71168 69808 69809 71171 69811 54171 72532 69812 71173 72533 71175 72535 72536 71179 51800 69820 69821 72542 71183 72543 69824 69825 69826 69828 69829 71190 69831 71193 69834 71194 71195 69835 70516 54196 34816 69837 54197 34817 69838 69839 54199 72560 71200 71201 72561 54201 34821 71203 72563 54203 70524 54204 34824 72565 71205 70525 72566 71206 70526 69846 69847 69845 69848 54206 54207 71209 69849 72570 71210 69850 70530 69851 72572 71212 69852 34832 34833 71214 70534 34836 76317 34837 76997 72578 34838 69860 69861 34841 71222 34842 69863 34843 34844 77345 35525 70546 69867 70548 69868 69869 70549 76329 69870 70550 69871 75652 70555 69877 76337 34857 76338 69878 35538 70559 72599 70220 75660 34860 70561 72601 77021 69882 75661 77361 76343 72603 75662 69884 72604 77364 69885 76345 72606 69886 77366 72607 77026 77367 76348 34868 35208 77028 77029 72610 35210 77030 77031 77032 72613 77373 34873 69894 77033 77034 72615 71255 72616 70576 34876 77036 72618 69898 34878 72619 69899 70580 72620 77040 70581 72621 77041 72622 70582 70583 34883 70584 35564 70585 72625 77045 71266 70586 77046 71267 72627 77047 70588 77048 34888 77389 77049 70590 71271 70591 35231 70592 72632 77051 72634 70595 69915 70596 71276 70597 71278 70599 70600 71281 70601 69921 70602 35241 70603 35243 35583 70604 70606 71287 72647 70608 72648 72649 70609 72650 35250 70611 72652 71632 72653 70613 71294 70614 70615 70616 70617 70618 70619 75720 35260 69944 70624 70625 34926 70628 70629 70631 34931 71313 69953 71314 70295 70636 70296 71317 70298 71319 34942 34943 71324 70648 69969 34271 69971 70311 69972 70653 34955 72015 71338 69639 69640 34281 69641 72702 69982 69648 69990 69650 69992 69652 69659 69660 69661 71022 69662 70003 69663 69664 71368 70349 71371 69672 69675 34996 51318 51319 34999 71380 70021 70361 51321 69681 51322 69682 69683 71046 35006 34825 35008 36028 35009 76830 71390 35011 76832 76834 76835 69696 69697
hp 329
t 66128 65958 69529 69530 66130 66641 66132 66642 66813 66814 66135 66646 66819 66140 66820 69031 69542 66992 66143 66652 66994 69037 66148 65979 66151 69552 65983 66154 66835 69557 69558 66840 69561 66161 45251 66162 69562 66163 66164 66674 66165 69566 69056 66167 66172 47984 66175 45272 45280 48000 45281 45282 45283 45284 66195 48005 45286 48007 46648 66708 46649 46650 46651 48011 48012 45293 48013 48014 45295 48017 48018 66210 66721 68932 48022 69273 68933 68935 67235 68937 65537 66218 69278 66220 66051 66562 48032 66903 66052 66224 48035 66906 69286 66059 68950 66060 48041 48044 66240 66072 68625 66245 66755 66925 66076 66927 69137 66758 66079 66590 65910 66251 69481 65913 66253 69483 66255 66085 66088 68980 66604 68986 66607 66777 48078 65929 48079 66100 66780 68991 66782 66103 65934 47234 69505 65937 69507 66791 69512 66792 66793 66794 66285 69514 66115 69516 66117 66798 66629 65952 66632 69523 66634 66123 66124 65955 65956 65957
hp 217
t 33573 33063 14534 14535 14450 33576 14538 35704 32901 33071 14542 33583 32904 33075 32906 14461 33164 56965 17695 34355 32911 14553 32830 14556 35721 32917 33682 14558 32918 35723 56974 32919 34365 56805 33177 32925 53835 57150 56896 40238 33100 33696 14574 34549 32936 33193 33536 33706 34557 14497 33707 33113 40508 57253 14413 53770 40510 33712 33543 35754 33547 14508 33550 35676 32873 14516 33046 33557 56847 34407 33643 33048 33559 56935 53706 33561 57021 33051 33135 33052 33563 34418 33570 33571 33741 33572
hp 289
t 62431 63199 61628 62268 69408 43186 61718 69412 68648 62104 63211 61553 62067 62069 61731 69041 61944 61945 61563 62457 62244 61778 61822 69047 61610 61526 68879 62423 61616 69017 62340 69353 61703 61620 62258 69357
hp 227
t 50993 50663 70895 50868 50975 51071
hp 315
t 61454 61625 61880 61881 61627 61882 61883 63206 61847 62272 62230 62444 62231 68734 62445 61765 61853 62277 62448 61854 62279 62450 61940 62112 62452 62113 62454 62114 61903 61777 69344 62289 62121 61867 68667 62123 61570 61869 61910 61571 61870 66715 61872 62257 61452
hp 314
t 63960 64099 64184 64171 64186 64188 64178 63958 63416 64107 63246 63343
hp 272
t 42413 42689 41394 42734 42373 42693 42695 42697 42612 42698 42402 42701 42702 41683 42703 42046 42599 42026 42368 42369 42667
hp 296
t 42498 43009 43519 43861 41992 42673 62215 42675 42847 43189 43190 42510 43191 42513 43024 42685 43025 43196 43197 42012 42692 43887 42700 43212 44233 62260 62261 62262 43053 62263 42034 42374 42715 43396 42377 43227 42378 42039 43059 42384 42047 43070 42392 43412 42393 42395 42565 42569 43426 62300 42412 42582 62303 42414 42415 62305 42585 42586 62308 42588 42589 42590 43271 42591 44026 43272 43783 43273 42496 43274 43275 42596 42600 42601 43792 42602 43962 42603 43794 42604 43798 43288 43799 42608 42609 43800 42610 43801 42611 42613 43804 42614 42274 42785 42615 43295 43806 42617 43128 43808 42618 43298 43809 43299 42620 43812 43133 43813 42453 43814 43304 43815 43305 43136 43816 43137 43817 43818 43139 43309 43140 42461 42631 43823 43824 43485 43825 43486 43826 43146 43487 42466 42468 42469 42639 42470 42471 42472 42474 42475 62365 42477 42478 43328 42479 43329 43161 43163 44013 42144 43505 44016 42316 43508 43509 44869 43510 42490 43511 43341 43512 43172 43342 43513 44874 42664 44024 62216 43006 62217
hp 295
t 77562 54145 34936 77564 54147 54020 54106 77524 77567 77526 54194 77527 77529 54112 77530 54198 54114 54116 76939 76818 54165 77328 77331 54169 77333 77334 77380 53580 54175 77383 70543 77558
hp 175
t 47705 32724 30706 31474 30860 30392 47032 47033 29843 47650 46970 31287 47799 47034 47629 29848 47698 46997 47656 47912 30593 47678 31274 47659
hp 256
t 67234 72930 65791 67325 73105 67241 65716 71667 67248 65718 71584 67079 71585 71586 71672 71587 67167 71588 49489 65724 73630 65725 65640 67171 72865 67086 65726 71677 71507 73717 72866 66921 68451 70834 70920 70835 72706 68541 70751 67011 68542 67098 67184 72711 72712 70929 70930 70845 70931 70846 67106 70932 70847 72887 73059 73060 70935 67027 67283 49348 49349 70940 73150 70941 72727 67202 71622 67033 65844 65674 67206 71543 71546 70867 70782 70869 71549 71635 65855 71550 71551 49282 67219 71554 67055 67226 66974 67229
hp 255
t 67658 67999 71739 67659 68001 68002 68003 67664 68004 68005 68006 71746 67668 71748 67669 71749 67670 67671 68013 67674 67675 71756 67676 68017 71757 68357 68018 67678 71758 68359 68019 71759 71760 67679 68021 68361 68022 67683 68024 67685 68366 67689 67692 68376 67696 67699 68039 67360 68042 68725 63626 67707 68727 67369 68735 67716 68400 67720 68060 68402 67722 68403 67723 63643 68064 68065 67725 68406 68068 67728 68408 68069 67388 68070 67730 68411 67731 68071 68072 68073 67053 68074 71814 67734 68075 68076 67736 68078 68079 67739 67744 67064 67065 67405 67066 67406 67749 67750 67752 67753 71833 71834 67755 68096 67756 64356 67757 68098 67677 67759 63001 67423 67426 67767 68108 67770 67772 67773 67774 67434 67437 67779 68459 67440 67442 68803 67446 68127 67108 64388 67789 67790 67791 63031 64393 64396 63716 68137 63037 64399 67800 63720 68141 65761 63041 65762 67464 71890 68152 68492 62712 67473 67814 65775 71895 67476 67477 67478 67819 65779 68161 68162 68163 71903 68843 68846 68175 71920 68183 68184 68185 67505 71926 71927 67847 63767 71928 67848 71929 68189 67849 71930 68190 67850 71931 67852 71932 67853 68193 67854 67855 68196 67516 68197 68198 68199 67859 68200 68201 68202 67522 68203 68204 68207 67529 68211 68214 68215 68219 63799 68222 67204 68226 68227 68228 68230 67893 64494 67216 67898 68239 68240 67220 67902 68244 72324 68245 67225 68246 68247 68248 67568 68249 67910 68250 68251 66892 68253 66893 68254 66894 68255 67915 67575 67920 72001 67922 67583 68264 68265 68266 68268 67932 67592 68273 67936 67937 67258 67939 67941 67942 68283 67603 71684 67949 62173 67954 67615 67956 68297 68299 67959 67961 68302 67623 67624 67625 67626 67627 68647 67969 71710 67970 71712 71713 71714 67974 71715 67635 71716 67976 71718 71722 67984 67985 67646 72747 67648 67988 68330 67991 67651 68332 68333 67996 72077
hp 100
t 77773 75482 77694 73784 75145 75146 74806 77783 77784 74894 74469 73790 74131 77787 74472 75154 75155 76941 74476 75156 75157 74903 74904 74905 74906 75165 75167 77633 74913 74914 74321 74916 77636 74917 74918 53413 77809 74919 74494 74325 77810 75599 77812 74497 77813 77729 74924 74925 75180 77816 74926 74927 77818 77733 77648 77819 77649 74760 75186 75187 77653 77568 77654 75189 77569 74765 74850 77741 77656 75191 74767 77743 77658 77659 75194 77660 74771 74434 74184 75460 77670 77671 53363 77760 74361 74191 77763 74452 74283
hp 219
t 54617 54463 14590 54529 54460 54455
hp 265
t 72737 49256 47239 66853 68744 49471 72974 49407 65581 49240 65539 73296 72765 65689 68665 48096 49308 66904 49437 66841 66184 70881 49292 50164 65699 50039
hp 334
t 34069 33882
hp 225
t 54142 53718 77178 53719 53551 53723 53724 53555 54065 53896 54066 53726 34348 53731 34947 54244 33674 53736 54077 54078 54249 54079 53739 54251 54084 54085 53747 34963 53748 53664 34964 54089 53665 54090 53921 53581 53751 53922 34966 54432 53923 53667 53668 53924 53669 54010 53925 53585 53671 53756 77387 12450 53930 54016 53932 53933 53679 53935 53596 54446 54022 53598 54025 54028 14419 34990 34310 32779 35756 54032 54033 53608 34313 54034 54035 34995 53696 54036 53697 53698 54038 32788 53700 53701 53702 54212 53703 53715 54045 53875 54046 53707 54047 53708 53963 53709 53624 14439 53710 53965 53539 53880 53966 53711 53882 53713 53628 53714 54054 53884 35779 33230 54225
hp 306
t 39118 81596 57841 81410 39081 58270 58186 58209 58295 55618 58211 58276 58298 81504 58300 81506 58302 58282 39073 56178 81594 39032 58115
hp 169
t 30003 31131 31514 31280 31132 47665 31941 31219 31114 30989 31160 31608 30758 30970 30780 31354 30781 47144 30484 31147 31062 30893 30809
hp 249
t 61548 67968 61478 68852 61874 61661 63010 61462
hp 247
t 67998 67997 68007 61547 68008 68009 61549 68010 61550 68011 61551 68012 67673 61554 68015 61555 68016 61557 61558 61559 68020 61566 68706 68027 61567 64288 68029 64289 68031 64291 64293 65657 68717 64298 64301 62946 68733 61608 61611 67392 64333 68754 64334 64335 64336 64337 64339 68759 64345 68768 68772 61633 68773 62994 68774 67414 61635 62996 62997 67419 62999 61640 61641 63002 68102 63004 63007 63008 63009 68789 61649 61650 68791 61651 63011 63012 61652 68112 68793 63013 63014 63016 61657 68797 63018 63019 63020 63021 61662 64382 63023 61663 67444 63024 63025 68805 63027 68808 67448 63029 68809 68811 61672 68812 61673 61679 67459 61681 61682 63042 61684 63044 61685 63045 61686 63046 67467 68827 68828 68148 61688 61689 63048 63049 61690 68151 61691 61692 61693 63053 68154 61694 68834 61695 63055 68156 68837 68159 67479 68844 67486 68850 68853 68854 67499 68861 68862 67842 67504 67506 64448 64449 64454 63776 66838 64459 63782 64464 63785 64465 64467 63792 64472 64473 64474 64475 67542 67546 67547 64497 61443 61444 61445 61446 61453 61455 61460 61461 61465 68609 61470 68612 67934 61474 61475 61476 67938 61483 68623 67944 62504 61484 63185 61487 67947 67948 63188 68289 63189 68290 61490 62170 68291 63192 68293 63193 62854 63194 67955 62516 63196 62517 63197 62857 62518 62858 62859 61501 63201 62861 62522 63202 61504 62864 62525 62865 63205 61506 62527 61508 63208 61509 61510 61511 67631 61512 61513 68653 61514 67975 63216 61516 63217 61517 63218 61518 72741 68322 61522 63222 61523 63223 63224 63225 68325 63226 68327 63227 63228 63229 67990 63230 61531 63231 62891 61533 62894 67654 67994 61535 64257
hp 168
t 31638 31620 31684 31642 31664 31644 31603 31582 31667 31646 31668 31647 31669 31053 31670 31628 31675 31570 31634 31656 31572 31658
hp 279
t 22808
hp 76
t 62729 40970 62560 62900 65452 62902 43182 42502 64944 62735 42507 62568 62908 64779 62909 40980 42508 65460 61721 64781 62571 61892 64783 62233 62234 43874 61727 42517 40989 62579 41159 62580 41163 62583 69044 65475 64796 62246 65477 64798 64968 62248 64800 41341 64802 41343 64803 65483 62764 41174 62765 64805 64806 41686 65316 61747 61917 65488 62768 63449 62769 65490 64810 61580 41351 64811 63451 65492 64470 65493 62434 41355 65495 65496 65498 65499 41360 65500 61590 62271 63462 65502 62612 65503 41363 62443 65504 41365 63466 65508 62618 41709 64319 41710 62620 61771 62621 65512 64322 64833 62962 62623 41374 62282 62796 64326 64837 63137 62287 64498 62968 64839 62969 65520 62631 64842 62633 41384 65524 64845 64846 41386 62636 65016 62467 65017 64848 64508 65018 64849 62639 65530 62640 65531 64851 62641 65532 64852 62642 62473 65533 62474 62645 64856 62816 62646 62817 62478 61800 62651 62822 64863 62144 62825 62315 62656 62657 64357 62658 62489 61809 62659 62492 62153 62323 65045 62156 62666 64878 62498 41079 62671 61992 41593 41426 62676 66587 62677 62678 62169 61830 62680 61832 64893 62683 66595 41435 64895 62686 41437 65408 61840 43313 65414 62696 62529 43319 62190 62700 62702 41113 43323 44003 61855 65426 65087 43158 41458 62708 62879 62709 62369 43160 65430 62541 41290 41291 65429 65432 62543 65433 61864 62885 62715 65435 62717 41298 62549 41299 62550 66631 41301 62893 41303 41134 62724 65444 44027
hp 318
t 60348 81726 79007 79053 81816 81263 81774 81817 78969 79055 78970 81819 78971 81309 81736 79045 79064 81361 81702 81746 81875 81747 81918 81792 78987 81793 81836 81795 81838 80903 81839 58338 78993 81798 81713 78994 81545 81332 81672 81546 81547 81674 81590 81548 58853 59024 81167 79041 79042 81168 81253 79086 79043 81254 79087 79044 57413 59028
hp 224
t 79558 78879 78199 59755 78541 81772 79222 57463 79479 79564 57464 78204 81180 79566 79567 79568 79484 78209 78890 78211 75323 78384 78554 78214 78385 57561 79576 79577 78897 58923 78898 79238 78899 78219 78390 79328 57569 78904 57570 81797 78567 78907 57573 58933 80353 79589 81800 78569 78570 79590 78231 81802 79082 78232 78572 78571 81804 58939 79339 78575 58941 79596 79512 80533 57583 81809 78921 78241 78242 78244 79264 79095 79265 79011 78502 79692 78247 79267 78507 60232 79443 81823 78253 79613 78849 78254 79614 78255 79275 78852 78257 78853 79023 79706 81832 79216 79708 78859 79794 79710 78946 81837 81072 78947 78352 78875 78270 79036 79291 60337 78868 78529 79039 78530 81845 81761 78532 78877 57539 78876 79217
hp 119
t 77220 70634 77116 77179 77223 77521 74313 53405 77504 77227 77505 77187 77230 77507 74320 77231 77509 77148 77531 77150 77214 77556 77195 75050
hp 257
t 49468 73608 49298 49469 49470 49300 49301 72761 50152 49302 49303 73529 49304 73190 49305 49306 49307 65713 65714 49309 65800 65972 50163 65973 65721 70738 49318 49235 65642 49297 49324 73550 65645 49412 49584 70750 49164 49419 50100 73392 49507 73308 49338 49509 66935 49340 49426 73312 49427 49344 50024 72890 70766 49264 70770 70856 49351 49436 49269 49270 49271 49356 49273 49274 70864 65679 49275 70865 49360 49276 70781 49278 49280 49450 49281 49283 49369 49286 49371 49287 49457 49288 49458 49289 49290 65695 49291 50142 49463 49296 47341
hp 178
t 47141 47136 29834 31050 49933 30872 31653
hp 273
t 42457 43393 42628 43605 44010 42481 42460 42862 42483 42462 42907 43590 43784 42956 42788 42491 43150 44871 42789 42916 44152 42476 42455
hp 297
t 43008 42838 42329 44199 44539 26690 27031 26692 45052 42842 45053 42503 43863 42843 42844 43525 43016 42676 42506 43526 43867 43527 42681 26871 43532 43533 42853 43026 43536 43027 43876 42857 42856 43537 42858 43028 43029 42859 43030 43709 43200 42691 43031 42861 43713 43714 42864 43035 43036 43546 44227 43718 42868 43039 43719 44229 43721 43041 43211 43722 43687 43214 43387 43727 42877 43048 44238 43049 44239 42879 43900 43392 43052 43902 43395 66686 42886 43566 43567 43398 43057 43400 43741 44257 43408 44259 43410 43411 43071 61942 43413 43582 42902 43414 43415 43245 43416 42905 43585 43076 43418 43758 43588 43419 43589 43591 42914 43085 43595 43087 43429 43430 43601 43602 43094 43604 42755 43776 43436 43606 43437 42927 43438 43607 44288 43098 43609 43270 43782 43612 42934 43786 42936 43957 42937 42938 42939 43620 43453 42943 43454 43795 43626 43797 43118 43628 42948 43629 43630 43631 43802 43803 43123 42784 43805 42786 43807 42957 42958 43469 42959 43639 42791 42792 42282 42793 44833 43474 43644 42795 62345 26645 43645 43646 26646 42796 43647 42798 42799 43820 43141 43821 27331 26652 26653 42634 43147 26660 26661 42473 26664 44006 26666 42817 26667 26669 42480 26671 45033 43844 42486 43506 42996 42827 43848 44019 43681 42832 44022 42834 44195 43856 42837 45047
hp 333
t 49722 31619 49726 53127 31622 53042 52533 53129 52704 53130 53132 53133 31629 53135 31630 50841 53136 53222 53137 53138 50844 51184 53139 51185 50847 53142 31640 53061 51110 53065 53236 53150 50431 51198 49668 52391 50693 49675 49676 50867 49677 52994 50784 53079 49679 31660 49680 31662 53082 53168 53169 53170 31666 53172 53173 53088 53004 53174 50369 49774 53090 28951 53177 51138 53093 53179 53095 29975 53181 50376 53097 50463 51059 50295 49701 53101 52423 30665 51067 50387 49721 52431 31697 49719 51165 49720 50401
hp 80
t 60179 41651 58652 60352 41654 22274 22784 41655 57975 60356 22276 60357 22957 58659 60189 60360 41660 41663 22627 59348 60368 60369 78049 60371 59014 60375 22805 65138 22809 65140 78230 22642 22302 65143 22303 79594 78237 58858 59029 23500 78753 22823 58863 23503 22824 58695 59035 22825 78756 78246 60229 78760 22321 79611 22323 22663 59044 78085 22835 22836 58876 78256 22329 78262 78093 60243 60244 23525 60245 23527 59398 60248 60249 59400 78269 60250 22000 78103 23533 23534 78787 23537 78788 78789 23539 78790 77942 60263 78794 78795 41566 78287 78798 78799 60271 78802 60272 78123 60274 60275 60277 55517 58917 78128 77959 60279 59601 64875 78475 60285 41757 60287 41588 23059 60290 78142 78483 57574 60294 58936 78489 78490 64890 64891 58773 78834 23415 78835 41605 41776 78836 57586 23418 41608 60309 59121 41612 59632 41616 41617 60317 41618 78511 58961 77832 41622 59642 77835 65255 78685 78176 77837 78178 60328 60160 78180 60330 60161 41631 60163 23273 78693 60165 41635 65266 41637 60168 77849 78190 78191 78192 78705 22606 22777 78027
hp 123
t 80833 79218 79644 80835 80837 80838 80328 80839 80754 80414 75315 80841 80756 80842 75317 80757 80162 80764 80255 80511 64192 80767 64195 80856 64198 64199 64200 64202 64203 64208 80868 64210 64211 64212 64127 80192 64213 64214 80449 64215 64217 64218 64219 80199 64220 64221 64222 64223 63547 80464 64232 64233 79196 64236 80216 79197 80217 76222 64238 80218 79199 80219 64240 64241 64242 80732 64243 79458 80733 79373 79544 80734 79374 79460 80735 80736 79547 79462 80737 80824 79464 79210 80825 64251 80232 80827 80742 80744 80745 80577 80832 80747
hp 232
t 53252 77392 77814 53594 53424 77735 77607 53425 77440 77398 77441 53344 77442 77612 77443 53261 77401 77613 77273 77444 53349 77276 77277 70520 53352 53267 77279 53353 77621 77623 77668 53418 53362 77672 77716 77292 77463 77590 53535 53408 74915 77594 77808 77596 77299 77599 77302 77303 77218 77304
hp 332
t 50573 53124 49639 50830 31025 49640 53125 31705 49641 50493 31028 50834 49644 49645 53131 28906 50411 50839 53134 49649 50840 49651 50842 50417 50843 49823 50589 51014 50845 50591 51186 49741 51187 50507 52464 31044 29684 31046 49664 31560 49665 31051 49666 50433 51199 49669 50860 31056 50862 50692 31569 49760 51291 50356 50187 51972 50614 50955 49681 50192 49682 50703 49854 52149 50704 50450 50790 31411 49686 50791 50452 49687 50878 49773 50453 50879 49433 30565 30595 49690 49691 50712 50203 49693 50459 49695 49699 31001 49361 50468 50470 49705 50471 49706 50472 49792 50473 49708 49793 50474 50475 51156 50987 31012 51158 49713 28889 50819 50312 49717 31613 50483 31698 50484 31699 31021
hp 322
t 50828 50998 50829 50658 50659 51000 50831 51001 51003 52024 50835 52450 52025 51007 50670 52287 50502 52458 50505 51611 36651 52461 51019 51020 36231 50512 52213 50513 50855 36577 49840 36070 51031 50997 51719 70165 51720 36166 52486 51127 51722 50958 51723 51043 50789 51980 50961 51896 50962 52663 52068 35920 52241 52156 50656 50969 50972 50973 52928 35928 52078 51060 35931 50469 51064 36192 51153 36279 50817 51157 50994 50824 50739 50825 50996 50657 50827
hp 294
t 79473 79559 79219 79560 77861 79477 78117 79478 78119 79565 79481 79482 79483 78464 79399 79569 78805 79570 79486 79572 78212 79573 79489 78215 79575 78216 77877 80513 79578 78218 80514 77879 80515 79495 79580 79240 77882 79582 79498 77883 80348 80519 79584 78224 77884 78225 80688 79331 77886 78226 79502 79672 79673 80524 79674 78229 80525 80355 80526 80695 80356 80357 80700 79555 79341 80701 80703 78238 80363 78496 79556 79261 79432 79602 79433 79434 80369 79604 79521 78077 78672 79607 77824 80659 79610 78250 79441 79442 79612 79444 79445 79615 77833 64063 78258 79279 80810 78260 65258 64749 77840 79455 79369 77841 80561 78182 80822 77848 79634 79211 79466 79636 79552 79553 79554 77854 78959 77856 79557 79472 79387
hp 68
t 31405 50105 31069 49600 31071 50706 47646 30605 49688 49945 31032 30906 47695 30994 47105 31126 47658 30493 31045 49619 31301 47664 31602 30965 31688 31604 31392 31019 31223 31351 31352 31523 31736 31014 31057 31228 31058 31144 31059 31314 31399 31612 31103 31486 31358 31741 31359 31190 31573 31743 31617
hp 259
t 66827 65930 65872 67187
hp 293
t 63898 64196 64197 80304 80221 63880 64114 64093 80306 63917 64094 80224 64117 64118 67796 67797 63888 64207 64122 80591 64017 63338 80233 63871 64105 80213 64255 63894 80278 64193
hp 171
t 32383 32341 48875 32131 32174 32046 31750 32473 32561 48286 48290 48717 32271 8346 31809 32149 32362 31853 9073 48514 32494 48277 32324 48177 48306 32455 32074 32329 48862 48184 32374 48186 48229 32463 32251 29829 32252 32210 32337 32380 48191 30681
hp 264
t 68242 67212 68795 66926 66832 66907 67185 67239 67165 67144 67230 67252 67243
hp 113
t 75648 75564 72590 76585 76247 76587 75653 75654 75570 75230 76506 75657 75572 76592 75232 75233 76253 75659 75235 76595 76255 75578 76429 75664 75238 76258 76260 76431 76346 75240 76261 76263 76603 76349 75077 75248 75588 75081 75251 76272 76273 75168 76953 75425 76617 76278 76960 75091 76876 75262 76793 75009 76288 76885 76293 77236 76388 76304 75541 75712 75202 75204 75544 76820 75205 75206 75546 75207 75208 75548 75209 75550 71216 75211 75212 75468 75213 75129 75214 75215 76916 76917 75133 76494 75134 75219 76837 71312
hp 270
t 67745 76500 71996 72677 72486 69725 72488 71172 71831 71959 72575 76531 72134 71986 76534 71988 76389 72137 71989 70991 72181
hp 248
t 63408 63939 63259 63239 64176 64177 64136 63243 63245 64139 63331 63247 64183 63952 64187 64166 64147 64169 63236 63237
hp 298
t 27006 26985 27049 27134 27050 26966 26905 26969 26995 27038 27059 26984 26893 27639 26960 26982 26961 27047 26814 27260 27091
hp 277
t 26647 62158 26649 43564 43162 43565 43312 42887 42888 62226 43040 43063 61593 62316 43617 62255 43046 26705 62256 62385 61706
hp 78
t 42499 42500 42509 41153 43873 41154 44898 42521 42523 23490 62594 23497 61579 23161 22822 58866 23512 59214 23520 22841 23521 23522 22843 23523 23524 41544 41546 62967 41548 41549 23530 62972 41553 41554 23535 42235 41556 65356 65021 65022 23543 41567 23548 42598 58584 41584 41585 41586 41589 41590 41591 41594 41595 41596 41597 41598 41599 42619 41601 41602 41603 45005 41606 41607 41609 41610 41611 41613 65413 43316 41619 41620 41621 43322 41624 65424 41625 41626 41627 41288 44008 41629 41630 41632 41633 65434 41636 41297 42317 41639 42659 41641 41642 41643 41644 42665 41645 42666 41646 41650 42672 41653 40973 42674 61715 42677 42680 41661 40981 62742 42683 62743 41664 42684 42345 41667 41670 65470 41672 42013 41673 41333 41674 42353 62074 41675 41335 44395 41677 41337 42357 41338 41679 41680 42360 41342 41682 42022 42024 42027 41348 41688 41690 41350 41692 41693 41353 41354 65494 42035 22657 22660 41361 41364 41705 41366 62787 41368 42728 41369 42389 22669 22670 41371 22671 41373 62793 41714 42394 41715 41376 42736 41717 41377 42397 41378 41718 41379 44439 42399 41380 42400 64840 41381 64841 42062 41383 23023 41724 42744 41725 41726 41389 23369 41390 41391 61792 43772 41052 41054 65534 41396 23376 41058 43780 41404 41405 41406 41407 62827 22708 41409 42429 43790 41411 41412 41413 41414 41415 41417 62497 41418 41420 42782 41423 44824 41765 41425 41766 41427 41768 65229 41430 41770 41771 41431 41432 41433 41434 23416 23417 41438 41441 41783 42803 41444 41785 20705 41447 41788 22068 41450 22071 41452 44512 41453 41455 41796 62539 44861 41466 41469 41470 41471
hp 335
t 52689 36329
hp 231
t 54674 54676 54995 54719 54656 54678 54657 55273 54998 54658 54659 55021 55022 55001 54984 54667 54992
hp 267
t 49234 70952 71676 70741 67110 73720 50112 49326 49265 70748 70749 71664 73300 70836 70943 71666 70923 72942 70838 71627 71670 70735 70949 70928 70843 70844 71503
hp 307
t 14459 53767 33114 33097 15322 17672
hp 323
t 36082 51128 50852 36062 35915 52447 52428 35941 33880 51135 35943 36049 50861 35923 34775 51116 51096 36051 36094 36073 51098 52459 36203 35929 50636
hp 101
t 53634 33235 35701 53637 53638 54064 53641 77697 53643 53304 54668 54243 55009 77453 53570 53657 53406 54088 77549 77295 77382 77723 77298 53331 53333 53249 54270 53250 77476 77817 54102 53678 53255 53341 53256 53257 53427 53346 54026 53348 53263 53350 53351 53607 53693 53354 53609 77069 53355 53359 53360 53955 53449 77589 53450 53366 54216 53367 53622 77679 53372 53883 54224 53459
hp 106
t 74373 56183 74374 74376 74377 74335 74378 74379 74423 74381 74339 74383 74385 56280 74428 74429 74387 74430 54800 74439 74440 74398 74442 74357 74400 74358 74402 74530 74319 74363 56301 74364 56259 56302 74534 74365 74408 74324 56177 74415
hp 105
t 67830 75990 80240 80242 75822 75993 80584 75995 75656 80416 75826 80587 79907 76168 76171 80251 80593 80084 76495 75665 76176 75667 80256 76177 80087 67508 75838 80259 76179 75670 80600 80431 75840 76181 75841 76182 75673 76183 75843 76014 76184 76185 80265 75845 76186 63606 75846 76187 76358 75848 75679 75849 75851 76192 76193 77044 76194 80105 76195 76196 75856 76197 75857 75858 76369 76199 76370 75859 80790 76030 76372 75862 79942 76373 71953 76374 76204 76375 75864 76205 80456 79945 76206 76377 76376 76207 79947 76378 75867 75700 76210 76382 80462 76552 76383 80293 80297 63637 80637 79959 63639 75710 80300 80131 76221 80132 75886 76397 76057 76738 76228 75549 76230 76741 75210 76231 75892 76404 76405 76407 76237 76408 76238 76409 76239 76410 76751 75901 76412 75902 76413 76415 76759 80671 80843 75575 72687 76089 76771 80342 64194 63517 75080 76155 63691 64032 75083 75085 76108 76449 63529 76451 76455 63875 75435 76456 63876 75776 63878 75779 80879 76289 75780 63541 76291 75784 76294 76295 63546 76296 80547 75787 76297 63548 76299 64230 75800 75792 75793 75794 75795 80215 80045 75797 76307 75798 75968 64239 76139 76480 80220 76310 76481 75801 75970 76482 80222 76312 76483 75803 75972 76484 75973 75974 76485 63563 75975 76486 75805 75976 76487 76146 75977 80228 75978 80229 75979 76490 76152 76492 63742 76493 75802 75983 80234 76153 75984 80235 75985 75987
hp 112
t 75350 75351 76459 74461 75356 75357 76633 75359 74473 74856 74474 75497 53356 75498 75373 75376 76396 75377 75378 75379 75380 75381 75424 76401 75382 76402 75383 75426 75384 75171 75470 76448 76406 75387 75388 75346 76069 75391
hp 266
t 67084 68360 67384 68107 67194 67259 68237 68364 67154 67197 67114 67540 73320 67222 67201 67223 67245 67246 67012 68437 66929 67250 67080 67251 68419
hp 290
t 64386 63877 63026 67490 63540 80115 71827 63881 64391 64095 68728 62779 75614 63885 64226 76381 62950 63887 64310 61677 63549 68097 67843 63551 63850 61471 68186 67761 64235 68146 75839 80005 63516 63984 65601 63519 67815 71853 64205 67945 64163 63526 63187 61615 61658 76024 63530 80106 76027 63873 63874 64341
hp 328
t 50062 65873 47342 50063 47258 47176 65876 47261 30942 66898 47263 47179 30946 47353 30949 49990 65801 30950 49310 49993 47189 30954 47190 50080 47191 47195 49575 30791 50086 49321 47198 50003 47199 49409 50175 49411 30967 49498 30798 50011 65908 47208 65909 49335 73309 50104 49425 47216 49511 30811 50107 47218 65918 47303 47306 47137 73318 47138 47140 66180 47226 73321 47312 73238 49440 47315 66441 66016 50121 47317 66357 50123 50038 66018 47319 66360 47151 66191 50040 73331 47236 47237 66447 50127 50043 66363 50129 47324 30835 66364 50131 30752 66027 47243 47329 30840 47246 30841 50052 47250 49460 49461 47337 47168 47253 47338 47169 50143 47339 47170 30934 50061
hp 308
t 58010 39905 39185 57800 39186 57801 57844 58059 58062 58020 57807 58021 57809 39876 39239 57811 39877 57855 39878 58026 57984 58154 57985 58155 57989 39758 57820 57440 57993 57994 57838 57995 39381 57825 39212 39766 57488 39767 58000 39216 58171 39218 39898 57792 57793 39220 39731 58006 58005 58007 39222 57837 58008 39734 58009
hp 160
t 48129 48236 48130 48152 31832 31749 31751 31753 31755 48226 48141 48142 31780 31781 48231 31785 31764 31807 48149
hp 317
t 33403 14703 33829 20148 33409 33496 33411 33242 33244 33499 20154 33500 32820 33672 34183 33250 14550 33592 19652 33422 33146 33508 35718 33595 14555 33680 32831 32832 14727 34362 14473 14728 14643 33260 35131 34366 14477 33263 14478 34370 34371 35731 14739 33185 14485 14400 33186 17887 15337 34377 14404 35740 33191 33531 35741 35743 17214 14409 17724 32770 34556 32771 33197 33454 33455 34306 32776 33372 14503 33373 33204 35753 33631 33206 14592 14337 33208 33973 14594 57265 14341 14597 32787 14682 33213 35762 14427 14598 33129 14601 33216 33217 33472 17152 33218 34323 14433 33219 34324 33220 14775 33050 14690 33221 33222 14692 34328 18264 14694 34414 34415 14781 17416 33397 33228 14783 33229 33144 14615 33485 14700 33231 33486 33401 33487
