ap 0
hp 376
 52991
ap 1
hp 377
 44859
ap 2
hp 93
t 50006 49156 28802 28847 52777 47465 52821 28893 52740 28812 10452 31067 52742 49725 52743 30261 29582 53129 52747 52875 52917 28905 53003 53047 10590 53091 50583 53177 53049 53178 53137 36393 52801 52759 36400 13197 28795 50004 52767
ap 3
hp 36
t 24676 24678 66159 69219 46865 46697 47718 24598 24599 26724 46701 48062 24772 68889 45090 24606 46962 45857 24608 45519 69490 24780 26991 46626 46371 26737 45097 68897 27077 26823 27079 43316 30651 45271 48078 69583 43743 27085 24962 45277 66527 24623 47916 66787 27007 24627 45538 26329 26331 45376 48011 27613 45379 24639 45499 69182 45297 69522 26342 46658 46403 31273 27619 26345 26175 48363 48025 45985 45391 69106 45562 69277 45393 26353 26183 46669 26355 68941 26953 45993 46843 48034 45060 69456 30611 27297 45063 26363 31293 27043 47019 24664 25853 24580 25005 24667 46682 45068 46683 46089 26883 46600 46943 24759
ap 4
hp 378

ap 5
hp 89
t 49092 29712 29065 31595 29068 48448 28887 24722 30365 30356 29028 31175
ap 6
hp 379
 20431
ap 7
hp 380
 20479
ap 8
hp 47
t 238 26208 42911 25786 26297 28549 43597 27490 24685 43599 26304 27536 26305 26645 26008 43688 28134 27541 25672 26310 26182 27543 25674 28523 42848 43529 44254 27169 25852 28658 25768 26194 25984 26197 25985 25603 26198 24837 25605 25775 45624 25607 25991 28669 26204
hp 43
t 25613 24763 26209 24595 26210 43040 26044 26300 25621 25622 26220 27410 26221 26307 26226 43396 43567 24616 25636 24618 26063 24619 27084 43745 24621 27171 27172 26238 26239 25815 27430 24626 25986 26328 24628 24630 26330 25990 25821 26332 43587 26162 43588 26335 43760 43591 26336 43592 43762 43593 26338 27529 43764 27615 43765 43766 27532 43767 25663 26173 25665 27620 25836 43771 43602 26348 26178 25753 26349 25838 26094 43605 26179 26350 43606 27199 26351 26011 43521 42928 42844 43610 27205 26185 43611 25845 27376 27377 27463 42934 27379 26784 43615 26359 27380 42936 24660 25850 27041 27211 27382 27383 24663 26193 27384 28574 27045 43620 43535 27302 26199 43630 26965 26880 27646 26201 26202 26203 24758 25609 26290
hp 39
t 42952 42867 42272 44998 26214 43554 42875 26215 44150 42876 42961 26046 43726 42963 42878 42879 42369 28600 42965 25625 45008 45688 43564 42970 42715 42375 43566 42972 42377 45013 42038 45017 42978 45018 42044 42980 27340 42045 42301 42983 27003 45024 42729 44345 45026 25136 27262 43753 25820 43586 28628 42994 43589 42824 43590 45036 45037 25828 42999 43596 42832 43598 42833 2968 43768 41984 42834 42325 41985 43770 42835 43007 82 25837 42072 42837 43773 42839 42074 42414 43774 41991 44881 41992 42842 43608 43523 2980 25676 42932 27292 42082 42933 43527 44038 41999 42849 42342 42937 42003 42258 43618 43533 27299 27385 42855 43451 25602 42857 43623 42858 26709 27644 25689 42094 42859 42009
ap 9
hp 55
t 24760 24591 24846 2958 26291 24847 25997 25615 24596 24675 26340 26170 26213 44139 26257 27404 26258 44280 26047 27152 26347 42923 25015 27880 24991 44244 26267 26184 26228 26315 27890 27393 42850 25639 42894 24577 24620 25171 26192 44257 27809 44045 27725 25601 24624 24666 24625 24752 24668 25604 25010 26285 27432 26412 27730 27689 24629 24673 25013 46307 24590 26205
hp 59
t 80565 58849 58913 41871 58850 77838 78317 79730 79635 58874 58661 79615 80529
ap 10
hp 90
t 77800 77758 53661 53619 77802 77761 77424 57196 77469 34969 77470 77471 54097 53886 54821 77473 34975 53675 54232 54105 35789 77481 54254 77483 77101 77229 53260 34902 34989 53945 57006 77492 57264 53864 53738 53828 33003 57058
ap 11
hp 381
 48959
ap 12
hp 134
t 29251 29157 15816 25083
ap 13
hp 382
 29627
ap 14
hp 383
 57343
ap 15
hp 61
t 78270 60084 59702 80571 78319 18607 60683 79044 78195 78323 59667 59794 79429 57457 79430 22609 79601 79602 64940 59458 65069 19424 24142 62691 59758 60059 81268 78208 79612 81227 59681 78296 60063 59215 77874 81529 78214 19395 78515 60070 81363 59307 59563 59223 59818 79581 41757 78266
ap 16
hp 384
 16383
ap 17
hp 385
 73727
ap 18
hp 38
t 58420 59187 14818 59189 58851 79252 59022 59193 59195 59875 58770 58771 58008 58859 59118 58693 58864 78584 58778 81390 58610 58866 58867 58782 6508 57508 58871 58787 58703 59214 58791 81317 58452 58792 58878 57858 58368 58879 58793 60409 81745 35166 58796 58711 14851 19357 57692 81918 58629 78861 58547 58633 79288 58550 57785 59147 57362 58638 58639 60254 58642 58472 58473 58388 81593 59154 58475 58390 76921 58986 35527 57372 18106 58142 59078 59165 57381 60187 59167 58828 58743 57383 81779 81864 59170 58745 60190 81781 59171 58832 59172 58579 6474 57389 58666 6476 59176 57902 58836 58837 79068 81788 57393 6564 6478 81874 58838 59180 81281 58844 58845
hp 50
t 58846 58378 57358 37726 57361 58722 81759 81717 58556 58088 57748 59097 57792 58387 81338 81679 35142 58815 57796 39776 78412 58692 81728 57928 39100 58140 80921 59802 58697 81778 35453 81736 57894 58106 57384 75333 81569 81824 58621 57473 81826 59387 81829 58625 59177 81746 79069 58755 81791 58714 57397 81750 39802 59184 58419 35002
ap 19
hp 386
 40143
ap 20
hp 387
 61375
ap 21
hp 388
 32719
ap 22
hp 389
 78846
ap 23
hp 390
 73662
ap 24
hp 44
t 69216 45076 69557 46608 69048 69558 46609 46611 69221 46612 69563 46954 47974 46615 46445 45425 66677 69227 46618 69567 45428 46621 46961 46622 46623 45433 45094 69575 45438 69409 69239 46802 46294 46634 46635 69077 69078 68911 69422 45282 69423 66703 46644 46649 46653 46654 45804 46655 45298 45470 48021 47683 69445 69446 46666 45477 47009 45990 66225 69625 45145 69627 69461 69292 45837 45497 69469 69132 69472 69302 47713 69134 47714 45166 69477 69307 69139 45509 69480 46020 48060 48061 69311 69482 69484 47894 69485 66765 45856 66087 66767 46030 46031 69151 69321 45863 69159 69502 66782 66613 69165 46895 69509 69340 69512 69520 69521 45381 45382 69523 45385 45387 46919 45730 31280 69533 69534 45394 45395 30606 45397 46758 69538 69539 46759 66654 66145 66655 69207 45407 46940 47620 45922 45073 69554 69555
ap 25
hp 81
t 50857 51537 50858 51539 51200 50860 51201 47461 50861 47463 50864 50866 51546 50867 51207 51208 50868 51209 50870 51212 51552 50873 51554 50875 51556 70427 51557 50877 70430 51391 51222 51562 51564 51566 51567 51228 51230 51572 51235 51578 66372 51247 51929 51251 66385 66389 51605 66396 66397 50757 50759 50761 50762 50763 50933 50764 51275 50938 50769 50770 50773 50774 34965 47545 51456 51625 51458 50778 51459 50780 50781 51631 51462 50782 51632 50783 51465 73226 51636 50787 51638 51469 51299 51641 51472 50792 51642 51643 50794 50795 51476 51986 51477 51646 51647 50798 51988 71028 51989 70011 51999 51490 52000 51491 51325 50816 52006 50818 51669 69689 50820 52011 50823 50826 51336 50657 50828 51678 51510 50660 51680 51511 51681 50832 51512 50833 51683 50834 50835 51686 50837 52028 50839 52029 50669 69709 52030 66481 52031 50842 50843 70053 50844 34865 70226 51527 34867 51697 51528 51698 51529 51530 51700 51701 51702 51703 51704 50855
ap 26
hp 391
 54076
ap 27
hp 49
t 58760 80520 81286 58252 58255 55536 38961 81463 39136 57922 81724 58180 55546 39141 79432 58012 58438 58609 81389 58269 39060 81391 81221 81396 79781 79441 79443 81401 58281 73922 57857 58282 58027 81830 79706 81407 57862 80900 78267 80988 81584 73852 81247 80992 81079 57959 81082 81423 78958 77854 57967 81002 57882 59072 39186 81856 57462 79310 81776 81351 81266 79568 81865 79571 59682 81272 39027 81019 58240 77875 58327 57392 57394 58417 39124 39125
hp 46
t 58251 81583 81415 74062 81417 81587 81418 81419 39133 39006 58133 81509 58263 81256 81511 81257 58181 81513 81514 39143 81348 39148 81566 81269 81570 39028 39157 81275 81573 58284 81406 58244 81408 39120 81238 39036 58247 39123 74696 39039
hp 62
t 39126 81457 58338 58254 38534 57999 58000 39897 39132 58172 57833 39048 39135 39731 39222 57753 58264 39734 58265 39140 39905 81470 39398 39144 78585 39400 39912 39914 81054 38554 39038 58277 38557 39153 81739 38984 39070 57345 39071 78852 57518 81320 58286 81321 78942 81749 39334 81754 58039 39000 39851 81416 81672 80908 81249 39090 39091 39007 81253 81508 81339 81000 81510 81512 57798 58225 39527 81518 57891 58401 81523 58915 39025 39281 39026 81017 39877 39113 39114 58241 39881 58243 39883 39714 39546 39121 39887 39037 57398 57824
ap 28
hp 83
t 69899 34881 77467 51543 51460 51205 51463 53674 53505 77474 53508 77478 51553 77564 53849 51214 77479 51470 51555 57250 77480 51471 77482 51388 53598 51559 51390 53686 51561 51478 71113 69671 53610 71036 69677 53612 50723 71209 54209 69679 69765 54211 53871 53276 54042 69683 77674 70025 53962 71049 70030 54816 70711 70712 69864 71054 70035 77430 69866 70716 71397 77263 77178 77433 70718 71061 71147 69787 70043 54234 76843 71064 54235 69875 77696 35791 71066 69708 69879 69881 69797 56708 69884 52208 71079 77030 34956 77544
hp 85
t 49241 47203 31141 31143 47466 66255 31066 30984 52999 66430 30900 47903 47479 47225 30736 49521 30227 47568 50883 50205 47486 47573 47489 49955 49534 66365 50216 66453 31094 49879 31010 31180 73256 66287 47842 49882 66458 47843 73258 66377 47592 66038 73265 66380 65870 31106 30257 66552 66383 47512 65872 50237 47265 31457 66477 31120 66480 47526 49567 49908 47274 30869 31211 66487 31468 31470 31130 49831 47452 31132
hp 79
t 70066 70067 70068 69983 70664 70665 51457 69649 69650 51461 69651 69992 71101 71102 69658 71019 51386 70001 51473 69663 51474 70003 51475 51479 53604 51480 70010 51481 71031 51483 70015 70016 51487 71211 69766 70021 69936 69767 69682 70023 70024 50815 70026 71046 69772 70027 69942 69687 71047 71048 70709 69690 70371 69946 71477 51502 71051 70118 70032 69692 70033 69693 70034 71141 70036 71056 70037 70038 71398 69784 77009 70635 69703 69874 70129 70045 51347 51518 69793 70047 70054 69969 70141 70142 71083
ap 29
hp 48
t 45417 26041 47972 66672 24683 66674 45936 69566 45074 24687 66678 69059 69229 47981 26902 61752 69064 45774 24865 45775 26907 69408 69578 26739 26740 69412 46972 66182 45953 42897 66018 68908 46129 26749 46640 27260 43072 26753 43585 45625 26755 43755 43756 27607 66197 27612 66715 45636 26937 43769 26262 43772 66723 66213 45984 47004 68934 24735 46668 46158 45479 69451 66731 68942 45824 69624 45413 69286 68946 47017 66058 69458 24578 69119 24579 66228 46680 69629 69122 69463 69464 47024 69294 26627 43287 47877 26799 69299 45840 69300 46692 69133 42953 26974 66584 69305 69136 24767 43128 69479 66589 24600 69481 24602 24604 24607 69488 46709 26989 69319 26649 26650 42969 69492 26312 27335 26825 25637 26998 66608 27000 65590 45530 66611 26322 24622 69503 69504 24964 46215 66955 45706 66278 42991 26161 42654 26164 69175 24975 66286 69519 46229 45549 66970 69181 24643 26343 69524 44196 66127 26688 26352 43863 66644 69535 30604 66985 45565 42846 24826 43187 24658 43190 27213 24665 45405 69546 27386 45406 69547 27387 26027 46599 49150 46601 24672 66152 69552 45412 24674 46604
hp 45
t 80776 77887 78314 59532 77892 59703 59534 78489 79423 79425 78491 79426 78151 79427 79428 79600 79603 79433 79434 79605 79606 79437 60314 79438 77995 79440 77911 59211 77828 77829 79444 79362 64743 78258 79364 60408 79365 77836 79368 78092 79538 78179 79370 78094 77840 79371 79541 59143 78269 78439 79460 64076 78186 79377 77851 79382 80829 78280 78282 77859 78286 77861 78287 77865 78464 79400 79485 78466 78640 79406 78471 77879 78648 79583 60375
ap 30
hp 53
t 6827 21702 20854 21024 21026 18988 21028 21029 19160 4710 21030 21031 7092 21033 7096 21208 4890 20955 19512 21556 8041 5321 6938 21728 21049 6175 21730 4221 40261 21051 6686 4306 7366 4222 12382 21733 21054 4649 21735 5246 24455 21736 7968 7119 21314 21061 6952 21233 21063 7124 7039 81755 7295 21152 21068 8149 7045 21244 5690 4333 20993 4335 20998 4594 24572 5362 20494 6980 20665 20838 31633 21008 6051 7158 5204 6651 6993 21019 21105
ap 31
hp 392
 65422
ap 32
hp 393
 56590
ap 33
hp 394
 20463
ap 34
hp 395
 24575
ap 35
hp 271
t 50038 73233 50084 31098 50032 50086 50173 50045 66483 50037
hp 265
t 59698 60384 59706 60388 59708 59709 60390 65159 65163 62105 65169 78769 78772 62113 78773 59394 78774 65174 59395 78775 59396 78777 59399 59401 59402 65184 59405 59745 78785 59406 59746 78786 59407 78787 59747 78788 59749 65190 59752 41734 78794 78795 64518 64519 64861 78462 41742 41743 64524 64527 65207 59428 78808 78128 65209 78809 65210 78811 78812 41074 65214 41075 64535 78136 64537 65217 78818 41080 78820 78821 64884 41085 78825 41086 64548 78829 78830 78831 78833 65234 65236 65237 59797 78837 65238 64898 65239 22740 64900 65240 59461 59462 65242 64902 59463 64903 65243 59464 65244 59465 65245 59466 59467 65247 64907 59468 22748 65249 22750 65250 65251 59472 65252 22752 41453 22753 65253 65254 22755 65255 22756 64577 65257 41797 59478 59479 22760 65260 22761 65261 22762 59483 64583 22763 59484 65263 22764 59485 41125 22765 59486 65266 59826 65267 22767 65268 59828 22768 59489 59829 59490 59830 59491 65271 22771 59492 41812 22772 59493 59833 59494 22774 59495 59835 59836 65276 22777 59498 59499 59500 64600 59503 64604 78207 64611 59512 64953 41154 41155 64956 65296 64619 59520 41166 63267 59528 59529 41850 65312 41174 59535 59536 59537 41858 59539 41859 23160 59540 62601 23163 41864 41865 64986 59547 59550 77910 41870 59552 77913 78593 59556 78597 64997 78602 41883 59565 62965 62967 59568 41888 78610 64671 59574 59575 65015 59576 41216 59577 59578 59579 23200 64680 59580 23201 59581 59582 41902 59583 23203 23204 65024 23205 65025 23206 59246 23207 59588 65028 65029 23211 65031 64692 65032 64693 41233 59593 65034 23215 80676 65376 65377 41918 65038 78639 64699 59601 59602 65382 59603 65043 65383 59604 78304 59605 41925 80687 41927 78309 59610 59612 65052 59613 41933 59614 59615 65055 59616 59617 41937 59618 59619 41939 59620 78660 59621 64041 59622 41262 59623 59624 59625 63365 59626 63366 65066 59627 22907 78672 59632 59633 41273 59634 78674 59635 59636 41276 78676 59637 65077 59638 78679 65079 65419 78680 65080 59641 59642 65082 59643 78683 65083 59644 78684 65084 59645 41964 65085 78006 59646 78686 59647 65086 65087 59648 78688 22928 59649 65430 78011 64751 59651 59652 22593 59653 41973 59654 59655 22596 78697 59658 78698 78699 59660 59661 41981 59662 79383 59663 78703 59664 78704 59666 59668 78709 59669 22949 59670 78714 65115 22958 59679 65461 65121 65123 65470 78732 62753 62074 65135
hp 248
t 21534 4218
hp 315
t 77553 77554 77555 77556 75008 77559 75009 75010 75011 75012 75184 77394 74845 70595 77566 75016 77057 75188 75018 77739 77740 75192 77062 75193 75023 77064 75195 77065 74856 77066 77067 74858 77068 77069 75029 75030 74861 77070 75542 75032 75033 77073 77075 75035 70616 76907 75037 75038 74871 75553 74873 77083 75048 70629 75049 74880 75050 77769 70631 75052 75733 70636 75057 76928 70637 70638 75738 77437 75059 75060 76931 74897 76260 69802 76942 75073 76945 75075 76946 77115 75756 76947 75757 76948 75758 76949 75589 77798 76950 74910 76951 76952 76953 76954 76955 76956 76958 76959 74922 76966 76968 76969 76971 77821 75104 75105 75106 76977 76978 75108 76979 77148 75109 76980 76981 76983 76814 77155 76986 75115 75117 76988 75118 76989 75119 76990 77159 76991 77162 75633 76994 77164 77165 77167 75638 74958 77689 77691 77522 77013 77533 77534 77535
hp 181
t 1375 1526 2930
hp 344
t 77116
hp 185
t 1271 1269
hp 68
t 20639 44442 44826 4793 884 20647 44448 20648 44831 44449 44747 44451 20651 44707 44452 44750 44453 44751 44454 44411 7947 44455 4889 44458 20658 44459 20750 438 44300 653 44811 527 20637
hp 111
t 59707 78578 78558 78909 78390 78645 78221 57461 78458 78501
hp 166
t 26980 27328 26988 43733 27330 43735 27331 27076 43056 27333 27334 43400 27336 26996 43061 43741 27337 27338 43063 27339 43404 43744 43064 43405 27256 43406 43066 43746 43407 27258 43067 27342 27002 27344 43749 27346 43752 27008 27348 27349 26754 43754 27350 27011 27351 27352 27353 27354 27355 27357 27358 43763 27359 27360 27020 27362 43087 27367 27368 27369 27370 43775 27371 27372 27373 27374 27375 27378 27381 27042 27044 26960 27047 27048 27389 27391 26967 27054 26884
hp 110
t 79224 79308 78216 79290 79258 79222 79228
hp 269
t 61651 67052 63228 64420 63019 68844 65444 61663 68126 63153 63196 63154 62859 62562 73103 62098 61886 62992 66987 67242 66945 63036 62143 63163 68816 63037 63038 62188 62103 61466 63053 61680 64442 63083 62999 61683 61513 63002 68826 62111 61475 63008 68151 61478 61693
hp 341
t 37532 37546 37526 37521
hp 103
t 79257 79597 81297 79598 79345 80960 79346 79349 79520 79521 79776 79522 79269 79270 64821 79698 79782 79700 79275 79703 79196 79708 79709 81241 79627 80989 79630 80990 79291 78271 79717 79719 60764 80911 81083 79724 81003 79643 79729 79644 79559 79219 81006 79732 79733 79223 79564 79735 77864 79565 79820 79737 79821 79567 79738 79312 79739 79740 79741 79316 79656 81103 79743 79234 79577
hp 326
t 42696 42612 42533 42535 42621 42536 42706 42707 41008 41009 23415 42710 42541 41011 42711 41012 42713 42544 41013 43904 42545 43905 43907 42717 42037 62014 43909 42719 43910 43911 42552 43912 42383 41703 43915 43917 42558 43920 41200 42392 42563 41715 42653 42568 42569 42570 42740 42571 43931 43933 43935 42576 61959 42749 42580 42750 42581 42751 42582 42497 42583 43943 42498 43944 42584 42585 42586 42501 42587 42502 42588 42503 42589 42504 42505 43781 42593 42508 42594 43954 42000 42595 42596 42511 42512 42598 43958 42513 43961 43877 42688 42604 42605 42520 43880 43966 42606 42607
hp 234
t 65922 66273 66948 66274 66944 66951
hp 189
t 24859
hp 176
t 28564 44800 44120 44844 42191 307 44890 44805 20645 44384 44809 42815 147 44814 317 20655 44839 44457 44034
hp 301
t 47604 46947 66338 47723 47628 47629 47715 47026 47432 47602
hp 300
t 47913 46617 47605 47914 66041 46596 66382 46598 47970 47885 47971 47887 48058 46592 46636
hp 106
t 79338 80448 80876 80541 79523 79525 79526 80464 79445 80721 79531 77831 79617 80722 79447 79618 80723 80724 79619 80893 79620 80386 80727 79622 79537 79539 80474 80475 80732 79372 79374 79629 79800 80480 79632 80482 80398 79718 80822 79636 80572 80827 80828 79725 79300 80745 80746 79641 79727 80747 80492 79472 80494 79305 79560 79474 79561 79562 79477 79563 79479 79480 79481 80841 79482 79483 79484 80845 79487 80851 79324 80854 79665
hp 97
t 59100 59101 58762 81713 59102 58763 59103 58423 58764 81375 58424 58425 58765 58083 58426 59106 58767 58427 59108 59109 57410 59110 59111 57411 58517 59112 81383 57498 59113 59114 81725 59116 59117 58608 57929 81729 81730 59120 81731 59121 81732 59122 81393 59123 59124 58955 59125 57426 57428 81399 81400 57515 81230 81741 81743 81403 59134 57434 57437 81664 57439 58375 81666 81752 81667 57444 58379 58719 57445 58807 57449 57366 58813 81764 58389 81765 57370 57456 57371 58647 57373 78624 58393 81685 58395 81772 81687 81773 81688 57378 81689 81775 81690 57380 81691 81777 57382 59083 81696 81697 57387 81698 81784 81700 81701 57391 81702 59092 57478 59093 58753 78306 58416 58756 58757 81709 58759
hp 260
t 65476 78056 78057 65478 78058 62760 65480 64800 62761 65481 65140 63102 80782 64801 62763 65483 65141 65484 62764 64802 65142 64803 79424 63444 64804 63445 65487 78067 65147 62768 65489 65490 65491 62771 65492 62772 65493 63453 65494 65154 63454 65495 79435 63456 65497 64817 62778 65499 63459 79439 64819 64820 63462 62783 80804 63464 63465 64825 80806 62786 63466 63467 63130 65510 64830 62791 63470 62792 65513 63473 64833 65514 64835 65516 80816 63476 80817 65517 62797 63477 63478 62799 65180 65521 41041 62802 80823 62803 63483 65524 64843 78784 65525 63484 63485 65526 64845 65185 65527 64846 65186 65528 79466 64847 65529 65188 65189 65530 64850 78790 65531 41051 65532 65534 65194 65535 62475 63495 80836 62816 62476 62817 62477 65195 62818 62478 65196 80839 62819 65199 62820 61460 63500 62821 65201 80842 61462 63502 62823 63503 80844 64526 63847 63169 62829 61469 65474 63171 63175 65475 63176 63856 64539 63859 61480 62161 80861 63861 61482 63184 62846 64887 63867 62848 61488 64888 62849 62850 64890 61491 62852 63873 62854 63194 62855 64895 62856 62857 62858 67619 62861 65241 62863 63204 63205 62865 63206 62867 63209 41109 63210 63550 63211 64571 64233 62533 63893 62874 63215 62875 62876 63216 61516 62877 61518 63219 62881 41122 63902 63224 41124 63904 41127 62547 62888 63908 63910 63231 63911 41133 62893 63573 62894 63913 41135 63915 62896 62897 63917 62898 62899 62900 65280 62561 65281 62902 65282 62903 63923 65283 62904 65284 65285 65286 62907 65287 62908 63928 65289 65290 62911 63931 65291 64612 41153 65293 64615 65295 64616 62918 62582 64962 65304 64964 62925 64965 65305 62927 63607 64967 62928 65307 64968 62929 64969 64970 65311 64972 62593 65313 64973 62595 65315 64975 62596 64976 64977 62598 64640 64981 62602 63283 77903 65323 65324 62605 65325 65326 62609 65329 62613 43913 62615 62616 64656 62956 62618 62620 62961 62623 63304 65344 64665 65345 63306 62966 65346 65347 65348 62969 65349 77930 65350 62631 62971 65351 65352 63313 62973 65013 62974 65353 65354 61955 65355 62636 65016 65356 62637 65357 65017 62638 61957 65018 62979 65358 65359 62640 61960 65020 62641 61961 61622 65363 61963 62644 62645 65365 62646 62647 65368 62649 62989 65369 62650 65370 62651 65371 62652 65372 62653 62654 62655 62657 64697 65378 61980 65380 61982 65385 65386 61649 65389 65390 63011 65391 63012 62673 61994 65394 63356 65398 62679 63021 63023 62683 62685 64049 61675 64736 64737 65417 79360 63042 62702 61682 79363 63044 62025 79366 80726 65426 78007 63048 61688 63049 63050 61691 61692 65433 80735 63056 63057 63059 62721 68841 63062 40962 80744 62724 63064 62725 79386 62726 62728 65108 62729 65109 62730 79391 62731 62732 80753 62733 62734 65454 80755 62735 63075 80756 78036 62736 65457 65458 80759 62739 65459 78041 64784 63424 62744 78045 78046 62746 64788 65468 62751 65472 65473 62754 62755
hp 293
t 76361 76532 75405 80634 80166 63528 72613 63529 76663 76366 76325 72606 76367 63726 76222 63558 76755 63538 76501 76332 75247 72654 75675 75654
hp 216
t 58663
hp 96
t 78229 79250 79591 79592 79253 79254 79255 79256 79596 79259 79260 79261 79262 79263 79264 79265 78246 79266 79268 79779 79271 79272 79358 79273 79274 79529 61424 79530 79701 79276 79277 79278 79788 79279 79280 79281 78347 79282 79283 79284 79199 81154 75545 79285 79710 79286 79200 79628 79289 79716 79631 79206 79208 79209 79124 79720 79210 79721 79211 79552 79553 79554 79555 77855 79556 79216 79557 79217 79558 79218 81004 79220 78540 81686 79731 79221 79478 81009 60694 78459 79736 79311 78461 81097 79227 81013 79231 81102 77872 77873 79574 81189 81020 79235 80935 79576 81191 77876 78217 79578 77878 79579 79580 81196 79582 81197 78224 79585
hp 268
t 80734 80819 79417 65520 64246 80821 64247 64248 63612 63400 41259 64974 64849 64893 64851 65191 80832 80834 80877 64897 80835 63963 65068 63496 64984 80837 80838 63926 63501 63884 64224 77868 80843 64823 80762 64229 63889 62913 80848 80764 63934 80765 64232 41283 80766 80000 63851 64235 63513 79367 64240 80858 80733
hp 177
t 44269 45040 44191 44446 45043 44447 81 42966 44416 44036 44418 42975 44122 44293 44462 42296 42339 44421 44040 44041 42979 44043 44298 42981 44468 44044 44427 44046 44471 44047 42814 44132 44303 42390 44388 43667 42988 44348 44306 42776 27859 44477 44395
hp 80
t 47116 47117 47119 47462 31145 47296 47297 47467 31148 66339 47811 47304 47307 47477 47312 49184 47315 50035 49186 47318 47320 31172 50043 47493 49195 50046 50047 66368 66369 30331 47502 50053 49203 65863 49884 50225 49885 47168 66379 50909 66040 50230 66381 31191 47342 47852 65873 47174 31194 49896 47176 31536 47177 49218 47349 47520 66393 47184 47358 47188 50928 66399 47528 47189 47190 47193 50085 50087 50937 66408 50089 50939 66410 50092 47544 47205 47546 47210 49252 47213 73224 49253 73225 47215 30216 73227 31577 47561 73232 49261 47563 47224 73236 73238 47570 47231 73243 50124 50125 50127 28877 73250 66450 31093 47583 73257 31097 73259 31100 28891 65953 65956 47257 65958 31109 66474 31117 30777 47777 31118 66479 49479 47440 31460 30271 49991 47613 66314 47614 47445 66315 47446 50166 47447 50167 66317 49487 31469 50170 50001 50172 47453 31133
hp 84
t 77547 77551 71006 34966 70583 34970 77385 34971 77472 70927 70078 69653 71184 71099 70589 76965 71015 72376 34891 51467 34978 34979 77395 70938 71196 71026 77061 69837 71197 77487 69668 69839 69669 34992 34993 70948 69674 71460 69676 69847 69678 51233 77753 69849 69681 77502 77503 71469 69684 34919 70110 69855 71471 69686 69941 69943 70624 69945 77425 51246 77512 69947 77003 77428 77259 69694 69949 70630 77771 53890 77435 69872 71063 69795 77530 71242 69882 71412 51270 71672 77538 35038 77457 70914
hp 105
t 76271 76441 76443 76444 76359 76445 72451 76446 76447 76362 76279 76789 76109 76280 76110 76281 76791 76282 76622 76793 76284 76453 76794 76285 76795 76796 76287 76456 76457 76372 76458 76373 76459 76375 76291 76293 76378 76464 76379 76465 76380 75531 76466 76381 76297 76467 76382 76468 76384 75536 76386 75623 76388 75539 76304 76475 76390 75711 76392 75628 76478 76393 76479 76312 76313 76399 76400 76403 76319 76320 75558 76416 76418 76334 76354 76420 75656 76421 75657 76422 76338 75659 72600 76425 76427 76428 76430 76432 76433 76434 76435 76436 76437 75588 76438 76439
hp 262
t 22637 22638 23235 41426 22641 22642 22643 41429 22729 22560 41430 22645 23156 22730 41431 22562 22611 22648 41435 59201 41776 41437 41438 41439 59459 41780 41782 22742 22659 41280 41791 59302 59218 41455 59392 59393 59225 59821 59397 59398 22679 22682 22938 59404 41300 59320 41470 59236 22687 59238 60088 59240 22606 41901 59241 59243 59838 41733 22610 22780 41735 65026 22695 41736 22696 59416 41737 22528 59248 41738 22529 22612 22613 65030 22614 41740 22531 59251 22617 22702 65033 60613 22618 22619 59424 22620 22621 41746 22706 22622 65124 65039 59516 41414 59435 41416 41332 22634 41419
hp 174
t 1439 1386 1438 201 215 1446 1458 214 1437 1384 1459 1374
hp 345
t 39895 57920 57955
hp 340
t 38414 58490 58488
hp 255
t 41421 42614 41424 41432 62853 41434 42709 41605 42372 41352 41184 42714 41612 41442 42718 41615 65330 41445 42381 41448 43065 42557 41454 43922 41203 43923 43924 43925 43927 42737 42228 42738 43930 41381 43932 42233 41299 41979 41301 42237 61958 41137 22692 42328 42499 41139 43948 22698 41399 43951 42506 42507 43868 42680 41235 41745 43957 41747 42514 41409 43875 41410 41071 42602 41412 42518 43964 42519 43965 43881 43967 42523 42694
hp 102
t 81711 73809 73810 73813 81723 81043 81384 81385 81392 81394 81397 81398 73920 73836 81231 81402 81233 81234 81235 81236 81237 81323 73844 81239 81156 81242 81157 81668 81245 80991 81161 81077 81162 81248 81163 81080 81164 81250 81165 80995 73855 81166 81081 81252 81167 81251 81254 81255 81170 81001 81171 81260 81261 81263 79734 81692 81352 79823 81699 81361 81787 81277 81703 81278 81364 81704 81706 81707 81708 81624 81710
hp 334
t 42303 20849 20553
hp 107
t 80777 62765 80786 80788 80453 80624 80793 80454 62774 80795 80796 80457 80458 80798 80799 80800 80802 80465 80636 80466 80637 80467 80638 79448 79621 80812 80473 79624 80815 79626 76737 79457 80818 79459 80820 76741 79462 79633 79634 80824 80825 80826 79637 79298 80488 79979 79468 79469 79470 79301 79471 76752 79645 79646 76756 80498 80840 79313 79314 79657 80847 80849 80340 80850 64021 64026 79666 80857 64028 80178 79669 80859 64712 80523 64034 80016 79678 80868 80528 79339 79679 80530 80531 64042 80532 80704 77984 64044 80705 80025 64047 80708 80709 80710 64051 64222 62694 80036 63377 79359 64064 79534 64241 80561 80562 79373 64243 79714 79544 79375 64075 79376 80566 80737 80567 62718 80741 80742 64086 64089 80752 80757 76508 79401 80761 64105 80595 80767 80768 80769
hp 264
t 59526 65306 65136 59527 65137 77888 65138 77889 65139 77890 59530 77891 59531 41342 80783 65314 65316 64978 65488 59710 59543 60394 79608 79609 79611 77912 77914 77917 77920 60411 77922 78733 78265 77925 65175 77926 78095 77927 65177 77928 78734 77929 64839 77931 65181 77932 65182 77933 65183 22683 77935 78616 78279 65019 65192 78283 65193 65027 65367 78288 78289 64689 59759 78290 78291 78292 78293 41063 60274 65203 78295 65035 59425 64865 65206 78468 65379 65040 78300 65041 78301 65042 78303 41413 65044 41924 65384 65045 65046 78476 65047 59607 78307 65048 65049 65050 78650 20510 78651 22720 65221 22552 78310 41422 41930 78311 65051 78313 65053 22724 65054 78315 41425 22726 22561 78152 22563 78835 23246 22736 59456 64728 65070 78160 59631 65071 78161 65072 65073 78163 65074 78334 77825 65076 78165 77826 78167 77827 65078 59807 59639 78169 78000 65081 64741 78001 59473 21564 59474 78176 77839 60159 59481 78181 59656 59657 65098 59488 59659 77849 22769 65269 77850 59831 59832 41813 59834 59665 22605 77856 22776 77857 59837 64937 77858 64938 59839 64939 65111 59501 65112 77862 65113 77863 65114 65116 78206 65117 77867 65118 65119 77869 65120 77870 77871 65122 41324 65464 65125 65126 65127 78727 41157 65128 41327 65129 59519 78730 41330 65130 65131 59691 65132 65133 65134 59524 78735 59525
hp 69
t 45034 44992 44908 42188 44866 44910 45038 44316 44868 44954 42106 42067 44873 44880 44923 45009 44924 20699 45010 44882 45054 44927 44801 42125 42126 44464 44804 44806 45020 44467 44340 42088 44385 44215 44173 44344 44174 45025 44812 44472 20672 44473 44813 44218 44900 44815 45029 45030 45031
hp 226
t 78226 79589 79590 78230 78232 78572 79593 78233 59533 78488 79595 78575 78490 60387 78240 78241 78496 78242 78243 78498 78244 79519 57419 78500 59886 79185 78252 78507 78508 78254 78509 78255 78510 78511 79191 58965 60410 58974 59570 78100 78223 78274 78275 78532 78533 78197 78284 78285 78200 59075 78541 78456 78542 78543 78203 59676 78209 78210 78211 78212 78467 78213 78215 78470 77877 78218 78219 78305 78220 77880 77881 59692 78561 77882 78222 78308 77883 79584 78479 78225
hp 65
t 323 1258 412 372 44615 44742 373 44616 287 8066 458 44744 587 44745 419 717 44408 592 635 338 340 766 978 44627 342 20657 768 343 726 258 429 344 5 345 431 729 941 21299 348 44463 350 436 44217 400 358 359 363 28201
hp 335
t 23352 44972 42066 23011 22274
hp 314
t 75591 76868 75763 75594 76869 75596 76871 75597 76872 75767 75598 75599 76875 76961 76876 77557 76877 75772 76878 75773 76964 76879 75774 77049 76880 75775 77050 77051 76882 76967 77054 76970 76886 76972 77567 75529 76975 76893 76895 76982 75537 75540 75541 76477 75712 75713 76904 75714 75034 75715 75036 76912 76913 75723 75554 76915 75725 76916 76917 76832 75727 75728 76919 76834 75729 76835 75734 77010 75735 76926 75736 75567 76927 75737 75742 75743 69794 69796
hp 323
t 42101 22382 42102 22639 42105 22982 42109 23240 41515 23241 42111 22986 22902 22987 22055 22058 23164 22994 22060 22911 22061 45012 22062 22997 22998 23169 22999 23170 23000 23171 23086 23001 23172 23002 23003 21900 23008 23009 23010 23012 23183 23013 23014 42225 23015 22932 22082 22083 20638 23018 42058 22935 23020 22086 23021 23023 44957 22860 42070 20652 23034 22273 22104 22105 44887 44973 44803 22534 42170 44976 22282 21942 44807 20585 42177 44897 42093
hp 295
t 76357 76528 72576 72618 72617 76530 71218 72620 71219 71220 72452 76533 76364 76323 72583 71479 76537 72500 69696 72587 71228 71229 69700 71231 76290 72466 72594 75612 72595 69877 72597 77020 71198 71325 76300 76343 75621 76303 69673 72564 72608 72609 75585 72571 72614 72615 69853
hp 290
t 72616 72107 72702 72703 72363 76529 72023 64204 72111 76539 63705 67700 67706 72296 72385 72640 72386 72387 72048 72643 72644 72390 72391 72393 72565 72649 72566 72396 71971 72651 64237 72652 72397 72653 72569 72313 72314 72399 72315 72655 72316 72572 72573 72658 71979 63907 72409 72665 72668 71734 71906 71737 72423 67751 79906 72341 72428 72343 72684 76510 72345 72430 76511 72686 72687 72688 76346 63681 76516 63682 72692 72693 76521 76523 63690
hp 261
t 62758 62759 63104 63106 62769 63110 62773 63116 79096 63117 65498 63118 62779 65500 63121 62781 65501 65502 64142 65503 62785 63125 62787 80808 63128 65511 63131 63132 64152 65512 62794 65515 63138 62119 64162 65522 65523 63143 63144 64164 63145 63146 63147 63150 63151 62472 64172 64173 64174 64514 62474 64175 64516 61456 63156 64517 62479 62141 62822 63164 61465 64525 62827 61467 63168 63170 62831 63172 63173 63174 61474 63177 64538 63178 63179 62503 63185 63187 63188 63189 63190 63191 63192 62172 63193 63195 63197 63198 64558 63199 63202 62864 61505 41105 63207 61508 62870 62871 63212 62192 63213 61514 62194 63214 62196 63217 62197 62878 63218 61519 62879 62199 63220 64580 63221 63222 62884 64584 63225 62885 62205 63226 64585 64586 63227 62887 62889 63230 62890 64251 62891 62892 41132 64593 64594 62895 64257 64599 62559 62560 61540 62901 64602 62563 64603 62905 62565 64265 62906 64606 64605 61548 64608 63248 64609 62910 64610 62571 41151 62912 64613 64614 61555 62915 62576 62916 61556 64617 62577 62919 64621 63261 62581 63262 64622 62921 64623 62923 41162 63264 64625 63265 64626 63266 64627 41167 64628 64629 62589 63270 62930 62592 62932 62933 63274 63275 41176 63276 64296 62936 78577 62937 62938 63279 62939 64639 62940 63280 62942 64643 62943 63285 64645 64646 41186 62607 64647 62610 41190 64310 62611 64312 64653 63293 62614 62955 62617 62957 63299 62960 63300 64660 77921 62621 64661 77923 64663 62963 62964 62968 62628 63308 63310 63311 62972 64674 62975 64676 64677 62977 64679 62980 63320 64681 64682 62983 64683 64344 61625 62648 64688 64691 64694 41236 62997 64360 64701 62662 80683 62664 62665 62667 63009 63010 61650 63351 61652 41252 63013 63014 61654 62674 63015 62675 62676 63017 62677 63018 62681 62682 63364 62684 41266 62687 62688 62689 64392 62692 62693 63374 63375 62695 61676 62696 64739 63040 64742 41282 63043 63045 61685 64747 63047 61687 62707 61689 61690 63051 63052 63054 63055 61695 64756 68837 79378 63058 79380 62720 79381 62722 64423 79385 64765 62727 64767 79387 79388 67488 79390 61711 41651 61712 64432 80754 63074 64775 64436 63078 63079 64440 62740 41661 78042 62742 64783 78044 63425 64445 64786 63426 63427 78048 79408 78049 79409 63429 78050 62750 79410 79411 63430 62752 78052 79412 78053 63433 79414 78054 63434 78055 63435 63437 79419 78059 63440 63441 63442 63443 65144 64805 63446 64807 63447 63448 63449 63450 64810 63451 64811 65152 64813 63457 63460 65160 63461 65162 63463 65165 64827 63468 61768 64831 65173 63474 63475 64836 64837 65178 63480 64840 61780 63481 63482 64844 63826 63487 65187 63827 63828 78789 63831 63492 41732 78792 64854 63836 63837 65197 64857 63838 63841 65202 63845 64867 63849 63850 61812 63857 63858 65218 63860 63862 63863 22723 41765 63866 63868 63869 63870 63871 78834 64901 78166 64909 63890 63897 78178 41799 63900 64920 64922 65265 64927 61868 22773 65274 43515 63578 63920 63585 63927 63589 61889 64951 63932 64952 63594 64954 61894 64955 63936 63937 63598 63938 63939 64960 63940 63941 64961 63942 63943 64963 63945 63946 64966 63947 63948 63949 63951 64971 65317 65319 64979 65320 63961 43906 65327 41867 43908 41872 41873 63974 43919 65341 63985 65007 65008 65009 65021 41903 65023 61965 43946 43949 41909 41913 61974 61976 61977 61983 65392 61998 41942 62002 65408 41949 65410 41950 65411 62019 62020 65421 62022 65432 64073 65435 64078 62041 63751 65452 65460 65466
hp 228
t 39131 55373
hp 82
t 49157 50008 49158 73214 51541 71092 50013 50779 72797 72883 49598 49175 73146 49431 50112 49263 73066 51987 50118 49183 67121 50036 49611 50123 49953 50721 49617 73672 49364 49194 49450 50726 49197 50733 73683 50903 52009 73684 30929 51503 50653 49215 50155 50920 51601 50752 50838 50924 49226 49312 30953 49228 49399 49994 49401 50931 73542 49231 49402 49404 50000 49406 51532 50768 49323
hp 254
t 41336 41337 41338 41339 41679 41341 41428 41175 41347 41433 41179 42539 41349 41010 62860 42716 41334 41444 41020 41021 41361 41447 41362 41022 41363 41111 41452 42730 43921 41371 41117 41372 41118 41373 41374 42739 41380 41382 41384 40960 41385 41387 41388 40964 41389 40965 40966 41391 40967 40968 41393 40969 41394 40970 41140 40971 41396 41056 40972 41057 41397 40973 41058 41059 40975 41145 41060 40976 40977 41147 41402 41062 40978 40979 62909 41404 41405 41065 40981 41406 40982 41407 41067 41408 42516 43876 41668 41328 40990 41415 65301 41418 41335
hp 330
t 46860 46861 47032 46862 47033 45078 47969 45418 45079 46950 47035 47800 45081 46952 45761 47717 46613 46953 45083 46358 46360 46955 46362 46364 45089 46620 45769 47896 45772 45518 46624 47899 46625 45095 47901 45096 46627 45692 46373 46628 45098 45694 46375 46376 45101 46377 46378 46633 46974 45105 47911 46892 45107 45109 45110 46641 46812 46643 47919 46814 46648 45121 46825 46656 46402 46997 46912 45726 45301 47088 46833 45304 47089 46834 47090 46920 46835 47006 47092 45307 45732 46837 46922 46838 47774 45735 46670 46840 46671 46841 46928 47099 45399 46929 45740 46930 45741 47101 46931 47102 46932 45404 45489 45065 46935 45066 45747 46597 45408 47873 45410 47875 45496 47027 47029
hp 235
t 72886
hp 188
t 48326 47023 47014
hp 101
t 63691 64202 80014 80864 80015 72024 64205 63865 80866 64121 63697 64122 63613 63614 80869 80870 63701 67696 80871 63702 63703 63704 64214 76540 63707 64217 64132 76543 80879 80794 67793 63544 63548 63549 80177 63552 63127 67718 75792 75793 67719 71969 80725 63555 72570 63560 63561 64072 67813 63563 67814 63906 63568 63569 67735 64165 80145 63571 64166 63742 80148 63488 68504 80149 63489 64000 80150 63574 63576 71736 67827 72077 72418 71739 63494 64005 63579 80156 64094 76164 63499 76165 67836 72681 67838 64098 76168 76509 63504 72429 67756 76171 72602 64103 63933 63509 63680 63510 80002 76517 64108 63684 63599 63514 72694 75839 63515 80855 72696 64197 63688 63518 63689 64199
hp 165
t 43631 27356 43612 43761 43594 43742 43595 42851 43534 43600 27366 43069 43645 43646 43031 43584 43628 43629 43609
hp 270
t 50776 50911 50935 50934
hp 168
t 20667 21001 21055 20646 790 20893
hp 272
t 69680 69867 69873 69652
hp 274
t 46945
hp 64
t 44140 26251 44272 42915 42960 44235 27193 44279 26302 27876 44070 44286 27883 44121 44124 44210 44125 27733 27891 44127 44213 44256 44258 144 27896 44133 44219 44134 44135 26499 44137 44138 44181 44267
hp 113
t 81328 81498 81244 81499 81500 74531 81501 74617 81290 81502 74618 81503 81337 81427 81258 74713 81259 81642 81516 81602 81517 74718 75485 81478 81411 58276 81482 73748 81483 81314 58194 81316 73794 81572 81615 73838 81276 81488 81404 81576 81283 81662 81577 81492 81493 81579 81494 81495 81496 81497
hp 175
t 25143 25101 25144 197 25145 2918 25146 25147 25827 25616 25276 28548 2923 28551 28552 1352 25833 1482 25623 25835 28556 24605 28557 25626 25839 213 2933 1532 1405 1363 2938 219 2941 2956 2943 26022 224 2944 1543 225 25726 25812 227 2906 25644 25645 2908 25647 26030 25817 25988 1592 25818 1593 1594 193 25141 236 195 237
hp 227
t 81756 59105 81376 58809 59107 57409 58430 58772 58437 58821 57376 58907 58779 58781 58952 58953 58741 58742 59126 78253 57471 57386 57344 59089 57432 58963 59090 59091 81914 58371 58754 59094 59095 59096 58374 58970 59098
hp 100
t 72701 80181 76527 80013 80184 72619 80865 76531 80186 72621 80188 76534 80872 63532 80533 72546 63536 80027 80539 80455 80542 80797 63542 80543 80459 80715 63545 63885 64225 72641 64227 72642 80633 63547 80635 72645 72646 72647 80469 75795 72650 72567 75798 80560 72656 80476 71976 71977 72657 80478 72574 80479 72659 72660 72661 71981 72662 71982 72663 71983 72664 80146 72666 72667 72669 72670 72671 71822 72672 72673 72674 76754 80155 72676 76162 72678 72679 76167 72682 75828 72683 72599 72004 76170 72685 75831 63677 80337 75832 76512 76172 75833 72519 72604 72689 76173 76513 72690 72521 76174 72691 76514 75834 72012 76175 76515 75836 75837 76518 72014 75838 76519 72610 76520 72611 76522 63517 72698 80349 76524 76525
hp 263
t 41420 41592 41678 22555 41340 23236 23152 41427 23153 23154 42198 65318 41689 41350 23161 41436 23162 41333 22992 41778 41440 41355 41781 41783 41446 22578 41023 41449 41789 41450 41365 28191 62106 41366 41451 41367 41370 41375 41376 62116 41462 41377 22933 22595 22681 41297 41383 22685 23196 41386 22686 23198 41390 22948 22865 23120 41395 22781 22954 41739 59420 22616 22701 41061 41741 22703 41744 41323 23218 41748 44979 41665 21350 21521 22456 22371 23222 21522 23138 23139 23055 41417 23143 42184 22550
hp 331
t 46436 46361 46280 46282 46963 31238 24609 24610 47645 24611 24612 24613 24614 46289 46290 46206 24617 46207 46380 46975 46381 46382 46383 46213 26154 24797 24798 47069 24799 45710 47241 24802 31262 46393 24803 24804 49031 24806 24807 47247 26934 24809 45720 24640 24641 24811 45722 24642 24812 24644 26344 24645 24816 24817 49043 24819 24650 46921 24652 24821 24822 47093 24653 24823 24654 24824 24655 46924 24825 26356 24827 26358 26190 26361 47016 26362 46337 47103 46933 46934 24753 47025 46941 46942 47623 46944 47030
hp 169
t 42967
hp 276
t 70634
hp 171
t 280 366 281 44056 282 283 198 44058 200 28506 202 44233 25703 28594 205 206 208 28428 1485 1400 1655 28602 1403 28518 44245 1407 218 305 136 140 310 313 26070 146 316 231 318 150 151 322 44097 44098 44099 44100 28631 156 157 158 163 28553 164 165 1440 28555 166 167 44113 44284 44114 44116 256 44032 257 44033 28563 1449 259 26270 1451 1367 262 264 267 44470 25687 272 27728 273 444 274 190 275 191 25691 276 277 278 279
hp 164
t 42697 42783 42104 42699 42704 42620 42705 42791 42622 42623 42708 42368 42371 42712 41692 42376 42036 42378 42379 42720 42976 42977 42043 42724 42385 42046 42387 42728 42732 42818 42733 42734 42566 42825 42827 42402 42577 42579 41986 41987 41988 42838 42073 41990 42841 42843 22018 41995 42335 42675 41996 42591 42336 42081 41997 42337 41998 42424 42084 42340 40980 42001 42426 43786 42002 42852 42599 42430 42006 42346 42347 42687 42603 42860 42095 42862 42609 42610
hp 299
t 47021 47712 46973 47729 47784
hp 78
t 67006 73553 72788 70748 73554 70749 70750 73725 73556 70666 50777 71093 71094 71009 70840 70755 71095 70925 70670 71011 70926 71097 71012 70843 70758 73648 73565 71100 70760 73566 70761 70763 71103 73653 72889 68216 71023 70939 70770 50796 70771 72902 72905 50720 50126 72907 49362 72912 72828 49198 70958 72830 49371 50731 72831 73682 49375 71050 73685 72922 71395 50743 71059 71060 73018 72766 49392 50753 50754 50756 49397 49398 73031 71502 49403 73119 50766 49154 73210
