ap 0
hp 368
 61183
ap 1
hp 369
 53048
ap 2
hp 90
t 58690 59285 60646 58819 58820 59013 60162 59248 60643 59185 60780 60739 60293 59316 60187 60507 60209 60104 58849 58660 58749 60534 59899 60772
ap 3
hp 37
t 75158 75393 75414 77584 74442 77631 74933 75468 74003 75257 77680 75151 75386 76449 77575 74983 75578 23729 76259 54542 75133 75601 75391
ap 4
hp 370

ap 5
hp 83
t 44693
ap 6
hp 371
 20472
ap 7
hp 372
 20158
ap 8
hp 38
t 49170 47066 31576 30046 45261 46856 49639 45262 29962 47792 47771 47007 47645 49602 47010 31817 47926 46546 46908 49607 47929 49333 30060 47805 30466 30573 46915 30852
hp 43
t 47599 47770 49643 47774 31283 30774 47775 46427 46937 69549 65811 65983 47794 24674 30623 46095 47796 49668 47799 48311 29782 47804 46954 31994 29785 31656 47807 31997 32679 26220 29791 30472 49686 48327 47649 30140 65841 47482 48332 47653 29976 47658 29978 47659 46979 29979 68740 32699 47661 47832 47662 47667 46990 68750 30842 47505 47675 47506 47166 65695 24728 47508 47680 47681 47683 48364 47515 47685 32387 47526 46848 47528 24578 30020 50251 46852 31553 47704 47535 47706 24757 46858 47708 24588 65559 30879 65560 48560 46861 47711 48392 47716 47717 47718 47719 46870 47720 47721 46872 29702 47722 47723 69314 29875 47726 31237 47729 47730 46710 31581 47731 31582 46543 30563 47734 47054 47735 31248 65928 30059 31250 29892 31252 46895 46725 47747 49108 47579 31261 47752 46903 31603 32624 31094 31265 46568 31268 32119 46739 31610 31271 47762 31273 47763 31274 31445 29746
hp 36
t 47640 29960 30557 47642 31281 47432 50493 46625 47603 30478 47733 31328 47648 29885 48032 31543 47693 46929 47781 47527 50417 29975 47784 47656 46850 47531 46894 47617 47788 29980 46938 30193 46853 30534 27602 46727 30622 46859 46986 47582 46860 30540 31263 31264 48264 47585 49926 31270 47761 48059 31825 48400 30040 31953 46957 47808
ap 9
hp 59
t 9858 10198 8500 8331 9180 10201 9692 9352 29922 10033 29242 11395 9695 9525 11565 9526 9697 8337 9527 12078 29246 15648 11570 12081 12082 8342 29932 9532 9192 32652 11745 16336 11916 11747 9708 11918 16338 8349 10219 11750 10220 12091 10052 9712 9882 9714 13455 9716 11927 11418 11758 11929 11420 8360 8361 9891 11762 11932 11933 11424 12275 9896 11767 9217 8368 9898 9899 9592 12111 9731 9901 8881 11772 9902 9903 12284 8375 11775 9905 11436 12116 9226 12118 11948 16368 9908 12119 11439 8379 11950 12121 9229 9231 11102 16372 8385 12125 8555 12126 8387 12127 11958 8558 9749 9409 8391 16381 11793 11963 10774 8397 11117 11967 10100 9590 9421 9593 12144 9594 9595 11467 12150 9600 9601 9602 9603 9944 9604 9605 10796 9947 8587 9272 29164 16076 9788 11828 11150 32400 12002 8773 9793 13022 8264 8267 8438 29695 9637 9297 9639 9300 9641 12192 9301 12193 32424 9305 8458 12198 9308 8459 12199 29368 9822 9652 12203 11183 8464 12204 11524 9314 11014 9655 8296 9658 8469 11189 9319 8470 11020 8471 11191 9661 9832 8473 9154 8474 9324 8475 11704 9325 8476 9666 8306 10177 9327 9838 9668 9839 9329 8311 11883 9333 9674 13245 9676 8316 10356 9677 13588 8488 8318 8489 15967 9679 11719 29059 12060 12908 9681 12061 9342 10193 9853 9343 11895 9685 10536 9177 8327
hp 55
t 47725 31491 31534 47705 47663 48360 48323 47835 30581 47773 47709 31222 47797 46863 47694 47525 49847 47802 31121 46911 29974 31145 31932 47700 47764 48573 31976 47724
ap 10
hp 95
t 44710 42245 21336 44541 44713 21423 44461 43272 4853 44975 44382 44640 4353 4354 42944 20675 21271 21272 20082 20679 44820 20171 21362 4363 42189 5216 20771 5302 20773 44659 21417 5220 20777 4374 44494 20779 20610 21292 44667 20698 21293 20783 44500 44335 20790 20621 20961 20622 5238 21304 44510 44680 20795 20966 21476 7536 21478 44516 44686 44857 21313 44860 21315 20976 44523 44269 44525 5088 20983 44358 20813 44529 45040 5091 20986 44362 44363 4500 20991 4501
ap 11
hp 159
t 25306 26306 8541 25968 25927 9205 26355 2470 8867 8528 26251 32329 25317 26304 26062 25701 25319 26022 26108 26109 26024 26067 25304 46216 25879
hp 157
t 2590 2591 8797 1955 1998 2040 2423 25841 8673 2681 1323 3279 8846 8677 2769 8806 1708 8891 8977 1881 2604 8810 9175 2565 1928 2396 2100 2738 8774 9326 2570 1339 2572 8564 2742 2573 2658 2617 2660 2703 2745 2405 25568 8612 9039 2282 2792 117 2411 2454 2711 1946 9426 9428 8875 8706 2458 2715 2417 8708 2504
hp 155
t 24747 24675 32451
hp 153
t 1402 2721 1532 1362 1618 1661 1363 1364 1407 1663 1365 1366 1367 1495 1368 2984 1370 1499 1711 1757 2523 2821 2695 1510 2701 1979 1511 1512 2704 2746 1514 3045 1515 1346 1474 2410 1476 1519 2625 1477 1352 1479 2712 1396 1482 1397 1356 1399
ap 12
hp 134
t 38098 38088 38748 17381 16701 38101 16692 17383 40611 33578 40273 40284 17389 14500 16667
ap 13
hp 373
 8127
ap 14
hp 374
 61374
ap 15
hp 50
t 53548 54314 54145 54316 54062 54153 54408 14545 54240 53649 53735 54419 53571 74906 53998 53319 53915 53745 53662 53663 53664 77379 53667 53924 54094 54010 53416 53673 54183 53844 74927 53678 54359 53764 77566 54192 53852 77483 53259 54194 54367 54369 54029 54454 54115 54201 77323 54376 53698 76819 53614 54124 54380 53530 54805 53616 77501 53958 53618 53619 53875 54130 54387 53622 77337 53708 53626 53627 54308 53547
hp 52
t 76498 69827 76330 72549 76842 77013 77481 69874 69832 76337 76849 54030 69756 76345 72522 76816 77198 72610 35007 76317 77040 76361 77041 76532 51415 70627 76534 77045 69821 69864 76836 70632
hp 56
t 49722 53123 31618 31278 49723 49724 30770 31535 31366 47687 31027 31286 47777 30182 48288 29844 50414 30783 46849 50419 46935 46936 30448 47703 31639 30450 30026 31642 47793 31643 29859 31644 46945 31646 31648 31736 30717 31652 47803 30548 31653 49674 31655 47806 31231 31488 46875 31575 31660 49680 47641 49683 47644 31240 29881 47562 47647 47563 29969 47480 31587 47823 29973 47484 31249 31589 47655 30655 30231 47657 31593 31594 47660 29811 31596 31597 31257 31598 31344 47664 31601 29987 28713 28714 49712 31692 47588 31609 31102 50397 31614 31275 48361
ap 16
hp 89
t 44750 44665 44113 44666 44711 46286 44381 44723 44553 44044 44046 44556 44303 46175 44690 44564 21360 44565 21445 21373 21364 21323 21450 27273 44700 44743 49078 21453 44403 44704 5095 21372 44705 44663
ap 17
hp 375
 65535
ap 18
hp 40
t 30217 49725 31663 31580 30645 47476 50536 49601 49774 49477 50412 31588 29888 49695 30613 49824 40644 50250 29977 29894 53144 49618 31259 48174 47496 49791 49749 50600 47158 29988 49710 47586 30332 47122 49974 53161 30934
hp 51
t 10709 29239 10710 16320 11391 10711 11051 11052 36212 10202 10543 29924 32644 9696 10716 36386 12756 36387 10718 12927 16328 9528 52544 10726 16339 11239 9880 10560 10731 10222 9713 12944 10395 9886 9717 36577 36747 52898 9718 10739 9721 10573 52904 36415 36758 10749 11089 14149 14320 10751 11091 13473 11943 36423 17043 36424 52745 52406 9566 12457 13479 16369 9910 12801 36602 36432 15184 12974 11105 9915 12976 13487 36607 52589 12303 9586 13666 35937 10777 52938 12988 11119 13669 52771 10952 13674 10615 52608 13679 10960 29491 52781 10961 10962 10623 13343 13003 29323 10964 10456 11477 11138 11481 11482 52284 29334 13525 11146 9789 11151 16252 52973 16253 52803 10477 29687 11841 52811 52817 10828 29531 29361 14741 11173 11345 11006 52827 52829 12541 12373 33965 11015 11526 13567 11188 52840 12381 11192 10512 33973 11023 12894 52675 10515 52849 12389 52850 53021 52851 10182 11031 11032 11034 11037 29908 10870 52860 10191 13592 12915 10705
hp 63
t 53739 54080 53379 54273 53891 53849 36105 53744 52703 77587 54002 53620 54116 33122 52674 54118 54056 52697 53356
ap 19
hp 376
 57078
ap 20
hp 377
 57343
ap 21
hp 378
 28607
ap 22
hp 379
 73702
ap 23
hp 380
 60664
ap 24
hp 58
t 76456 70847 74802 75398 75228 76334 75018 74126 75274 53940 76381 71196 74937 77020 75576 74939 75024 75663 70138 54031 77024 75154 77025 74900 75240 70098 12511 76304 53864 77324 55013 75244 77030 75081 69981 76314 69855 75551 53665 70749 77047 54051 76321 70116 75090 54139 53545 75603 77686 53759
hp 42
t 54185 76328 76371 76329 76840 76331 69744 75016 75569 77057 19129 69875 75147 74850 77358 77487 74809 74852 76340 18286 72603 54073 17864 76455 53268 70354 76347 76308 74949 77032 54040 76224 76309 76311 74782 76269 76312 77035 75209 53918 76359 18223 76364 76154 76876 76536 74922 76537 76324 70758 76327
hp 65
t 52700 77691 15514 12540 16322 15345 36596 12371 52831 12882 13605 13396 12759 13568 13570 36435 16207 13190 13573 11301 16382 12983 15534 52721 14301 13664 17107 13242 52724 17365 13668 33304 12777 33390 52899 10102 52687 12397 12909 12572 14314 14188 52735 14104 10833 11088 12023 53929
ap 25
hp 97
t 45048 44664 43306 44837 42797 5099 44200 43351 4506 5144 42842 21338 43523 44375 44844 20959 4511 4809 20789 21343 43359 42891 21174 43147 43530 44721 4262 27085 44212 42300 44213 21308 21309 4352 42899 20970 43282 42942 5203 42816 43284 4482 44393 4825 4528 4360 21275 4530 44692 5168 44155 20980 44909 42914 4453 21332 45041 4454 27914 5093 43432 4459
ap 26
hp 92
t 37866 37017 61412 37188 60778 58781 60524 60781 60485 61207 38004 19263 37155 58661 60744 60788 40898 58409 61044 18756 37754 37713 61047 60622 60537 37036 57692 38099 18720 60712 18764 18085 58632 60843 58676 37004 61228 19325 18688 18603 37177 58683
ap 27
hp 39
t 56209 53968 56247 74124 74334 56017 74367
hp 60
t 54590 54431 56143 54550 13581 16332 55167 56155 54456 54873 39510 55937 13587
hp 47
t 54712 53666 56210 56280 53954 74398
ap 28
hp 79
t 60178 78540 23293 22783 61034 22784 42675 58825 60525 22785 22786 58826 22956 22618 22620 41830 59170 22791 42002 58662 22623 42513 22793 22964 22794 22795 58666 42688 60856 43878 41669 58840 59011 65133 40993 58673 22974 38104 58675 22805 59016 22807 59018 61399 42529 22809 59360 60210 64801 65141 42531 59871 22301 22811 22643 22812 22813 59363 61403 42534 41514 22814 42024 59024 59365 61405 58688 60728 60558 60220 61411 59202 23162 41693 43903 58694 59545 64985 64647 61418 60908 41868 59379 59720 22830 42721 42041 42723 22833 58704 59554 22834 59895 42726 22835 59897 41877 59559 42730 22839 58711 42733 59564 41544 60924 78776 42566 64837 23527 42738 59738 41547 22848 41719 22849 22683 59063 42745 22686 59916 60257 65188 59578 23539 59410 60770 59580 22691 65531 65191 59413 22694 41564 65535 22695 41566 22697 65027 41908 60779 22529 41569 23380 22530 22872 22535 62828 41579 78811 22711 58921 60112 58751 59434 22544 22884 22716 22717 81537 22547 64538 43970 59950 65226 78826 78656 59788 60128 78659 78151 59281 65232 59282 65233 41604 57756 78667 41947 78328 41611 23252 23253 60315 59976 23256 22917 22578 23258 78170 22581 59981 60152 59982 22921 59302 57434 65256 22588 60501 22932 78183 22593 77844 22934 60165 22937 36878 22770 78190 60170 64931 22940 23281 57453 22943 61365 60176
hp 85
t 22608 41308 22609 22610 22611 22781 22612 22613 22614 22615 22616 67496 22619 22621 22962 22622 41832 78554 41834 22966 22967 22627 58498 58669 22970 22630 59520 22971 60030 22972 22632 64962 78733 22973 22803 65134 22804 22975 64965 22636 64967 59528 22640 64970 22641 59531 22642 64971 61402 64973 58684 59364 22645 64975 60726 65146 58176 65147 58689 22649 65149 60729 58691 78752 65153 59714 64984 22825 61416 78757 65158 57848 78588 61419 59549 22661 22831 23511 22664 57684 78765 22665 57855 23515 22837 59728 41879 41880 41882 41884 22676 59736 22846 22847 41887 22679 60080 59570 22851 22682 41892 41893 22684 22685 81676 22687 41896 41897 22688 41898 65019 41900 41901 41733 41903 65026 59586 22866 22699 58059 41909 41911 22532 22533 58064 41914 58065 22706 22536 22707 78467 41919 22710 22879 65217 22887 22549 22550 59610 60121 22891 39212 59783 22553 65224 57913 22554 65227 65228 78828 78488 22898 41429 57751 41601 58093 57753 58094 22734 22566 22737 41606 22567 60309 22740 41949 59801 60314 65245 22918 60149 59979 41959 41450 22920 22751 22582 41453 22923 22583 59984 59985 59816 22926 60157 23266 23267 57777 78519 22929 22930 57441 23270 22591 65263 59995 78186 22935 65097 23278 65270 41471 59661 65272 41644 65275 65277
hp 81
t 43858 44709 42839 44370 43520 44880 44201 45052 44882 43353 44714 42844 43525 44886 42847 44378 41318 42848 43358 44889 44209 43531 44891 43533 40984 44724 44386 43536 42857 43537 44217 43538 44218 44388 43539 42013 20764 44225 44396 42866 44226 44907 44908 43889 43890 44910 42871 43893 43894 43895 62086 43896 44236 43897 44237 44238 43899 43561 43563 42886 44926 44927 62269 20620 62101 44251 20623 20967 62108 62109 42559 42900 62111 21311 43581 43921 20802 42902 44264 20805 21486 20977 43417 20807 20978 44951 43422 20812 43593 62124 43934 20815 42916 44956 44277 43428 62130 44114 62134 42924 62135 42927 44969 44800 62140 44801 62141 43271 44295 41407 43619 44811 44301 43963 41586 43287 21358 44821 43972 44144 43295 43296 42278 44149 44150 42960 44831 43811 43981 42281 42283 45004 42966 43307 43820 43311 43314 44846 44506 43998 43666 4400 44010 44861 43330 43331 44521 42993 43334 42825 44865 42827 42997 44868 44528 44018 43509 44019 44190 4411 45042 43003 43343 44024 62215 43516 45047
ap 29
hp 48
t 69230 45091 69614 46792 68851 69063 67195 46499 46669 30521 45227 46715 30735 65586 65587 66692 66310 65844 46550 69543 66993 65889 31421 65592 66954 68781 68867 67508 67296 47619 68955 66917 65684 66747 46900 68959 67004 66796 69389 30930 46528 65824 68714 46531 67143 45217
ap 30
hp 64
t 53760 54058 53889 34381 34999 10944 54019 74759 13580 77438 13859 14114 12329 36787 51451 33645 53557 33137 13907 14310 35013 54057
hp 62
t 15340 12537 52699 13857 52702 29923 12499 36597 14160 36390 13569 36477 16887 52714 13786 52889 17189 9879 52677 52848 12475 12390 52809 12904 13289 52985 52986 17032 33693 13804 52692 33865 52820 12361 33824 53036 33698 14064
ap 31
hp 46
t 30061 31457 45304 50103 49950 66977
ap 32
hp 381
 39865
ap 33
hp 158
t 13471
ap 34
hp 382
 52475
ap 35
hp 321
t 14702 33062 33573 14364 14620 14621 14792 14622 14539 14540 14370 14372 33498 14628 14629 14631 17268 14549 14615 14361 14636 19653 14638 14554 33594 15319 14639 14387 14559 15324 14561 17202 14397 34119 14656 33103 14659 33615 16873 17214 33026 15348 32865 14675 33546 14591 32952 32867 14337 33719 14340 18420 14680 14341 33722 14343 14683 33129 18340 14346 14687 14433 14348 14434 14349 14435 14350 14775 33135 14351 14691 33222 14436 14523 33647 14437 14777 18350 33395 14781 17161 14613 14528 33059 14360 14701
hp 256
t 78093 63388 63367 63389 63412 64178 63413 64179 64009 64904 63246 64183 64119 64014 78805 64568 63420 79401 64166 63380 65102 64168 78130 65274 64636 64170 63236
hp 277
t 51340 71400 51341 70721 51342 70722 51343 70723 70384 70724 70385 70386 71068 70388 71069 70389 70390 71071 70391 71072 51352 70392 51353 70393 70734 70394 70395 70396 70736 70397 70398 35039 70399 71081 70402 70742 51363 70403 70743 70064 51364 70404 70744 70405 51365 70406 70746 51367 70407 70068 70408 70748 76529 70409 70410 76530 70750 71091 51371 70411 70412 51372 70752 70753 51373 70413 70414 51374 70754 51375 71096 70416 70756 71097 35057 70417 71098 70757 70418 70419 70760 70420 35061 70761 70763 70764 70765 71106 70766 51387 70767 71109 70090 35071 35075 71117 71118 51738 70099 71461 71122 70104 70444 52086 70447 71128 70112 51412 70452 51413 70453 70454 70117 70457 70118 70458 70459 70460 70461 51421 70462 51422 71143 51423 70463 70804 70126 70470 70132 51432 70473 71154 70814 51435 70475 51436 70139 71159 70479 70480 70141 51441 70142 51442 51443 70485 70486 70832 70833 51795 70835 51456 51457 51797 70837 51458 70838 51459 70499 70839 70500 70840 36161 51462 70842 51463 70843 70164 51465 52145 70167 51467 70507 51469 70510 70511 51475 49436 50119 51479 71200 70520 51485 50129 34149 51829 50132 70193 34154 51499 52184 52186 52187 70208 51508 70210 51510 34851 51511 70212 51512 52192 70213 51513 70214 51514 52194 70215 52195 51515 70216 51516 70217 51517 52197 70218 51518 52198 70219 51519 70220 70221 52202 52203 70224 52204 70225 52205 70226 52206 70906 70227 52207 70230 70231 52211 50173 70235 70237 70239 51543 51544 69904 70924 51546 70926 71267 73647 71268 51548 51549 51550 70930 34891 34892 70932 51213 70933 51553 70935 70256 51556 70257 51557 70258 70938 70259 70599 71280 70260 70261 51561 70262 51562 70602 70263 69923 72644 70264 70265 71285 51565 70266 71286 51906 70267 51567 70268 70269 69929 70270 72652 51233 70273 72654 70274 69935 70276 71299 69939 70280 51920 70281 70282 70962 51582 70964 70288 70290 70292 70972 70294 70974 69954 70295 70635 70296 70297 36297 70298 73358 69958 70299 70302 70303 70304 36647 70308 70309 70649 70989 70310 51270 70650 70651 70312 70652 70313 34953 36653 70314 71334 36654 51275 70315 70655 51276 70316 69975 70317 51277 70656 70318 70657 70658 71339 70319 70659 51280 69640 71340 70660 70661 70322 70662 70663 69644 70324 51624 70665 70666 71006 70667 70668 70669 69650 70670 71010 69651 70671 70672 71012 34973 70333 69993 70335 34975 51635 70336 69995 70677 70678 70679 70680 70681 70682 71022 70343 70683 70344 70684 71024 70345 70685 70346 70347 70687 70348 70688 70349 70689 71029 71030 70690 70351 70691 70352 71032 70692 71033 70693 70694 71034 70355 71035 70695 51995 70697 70698 70699 70700 69681 71381 70701 71382 70702 69683 51323 70703 52006 71387 52007 71389 51330 51331 51333
hp 172
t 45224 45225 69025 45232 26875 45236 26876 45239 45920 45240 45241 45242 45243 69044 45246 45248 45249 45929 45251 26892 26893 26894 69055 26896 69058 26900 45260 61582 45263 61583 45945 46626 45947 46628 43229 46630 43230 46631 43232 45956 46639 45959 43240 45961 43241 45962 48002 43243 45966 46650 43253 48014 45295 43257 27621 69445 48028 45312 69113 48033 69454 45315 45316 45317 66738 45321 66061 45323 45324 26624 69124 69125 45327 26627 69127 45328 26628 69128 45329 45330 69131 45332 69132 45334 66754 69135 26636 69136 45337 69137 69138 26639 45339 69139 45340 45341 46021 69141 69142 46023 66763 26644 46704 46024 69144 69145 46026 69147 46029 46709 26650 46030 46031 45352 46033 45353 26653 46035 45356 46038 46039 46041 46042 26664 46044 26666 66106 69506 26668 45369 26670 45370 66110 45371 46052 45372 69172 46054 45375 69175 69176 46058 46060 69180 69181 26683 69183 46065 69527 26688 27370 46070 27373 26693 26695 45056 46077 46078 45058 46079 45060 45061 45063 69206 45069 69209 69550 26711 26712 69212 61732 26713 69213 69215 69216 69217 43038 69218 43039 69219 43040 26722 69222 45083 26724 45084 69225 26726 68887 68888 69229 68891 26733 69233 26734 45094 43056 69236 43057 45097 45099 69239 43060 69240 61762 45102 43063 27084 43746 43066 43747 26749 68910 26751 45122 45123 43086 46833 26773 45134 46836 26777 69277 26780 69281 69282 45142 27123 69624 26784 69284 69285 69287 45147 69288 69290 45831 26792 45152 45153 45155 69295 45496 45836 69296 69297 45158 69298 69299 26803 45163 68965 69307 66928 45171 68975 68977 45857 45178 45182 68984 68985 69326 68988 45189 26830 45190 45193 26838 45538 26839 45879 45881 26845 45205 45206 26847 45207 26848 45208 26849 45213 45896
hp 232
t 78368 78198 78369 78539 78200 78371 79051 78201 78881 78542 78204 78544 59675 78545 79735 79057 78378 78888 78209 79060 78213 79233 78385 79065 78895 78897 79237 78559 78219 59521 78561 77883 78225 77886 81797 78906 78907 79247 79588 78230 78233 78404 78234 78405 78235 78406 78236 81807 79596 79767 77898 78238 78409 79599 78070 59710 78240 78411 79089 78241 78412 79770 59542 78242 77902 77903 78414 78413 78244 78415 78925 78245 78927 79098 78248 78249 78590 78251 78422 78252 78253 59724 78425 79785 78256 78535 78257 79789 78433 78094 79286 78607 78269 77938 79090 78959 79814 78284 78455 78966 79477 78457 77855 78460 79664 80521 79334 81886 79682 81053 79187 60319 79871 81238 78690 78350 77843 79771 78184 59654 78185 78187 77848 78531 78363 59664 78195 78536 59667
hp 69
t 29748 29408 29918 29409 29919 29070 29240 30092 30433 29414 9782 30097 30440 28827 29763 29423 30443 28830 29085 11236 11152 29938 30451 29183 28758 30460 29950 28932 29443 28678 28849 29104 29784 28850 29360 29700 28851 29787 29024 28684 30134 29116 28776 28777 28693 29289 28780 53175 28950 29378 11018 29209 28700 29380 29213 29214 29048 30411 29646 29222 30072 30413 29224 30329 30330 29056 28717 29060 30335 29063 30423 29235 30085 11131 29066 30087
hp 173
t 46748 46408 46918 46578 46579 46410 47430 47431 46581 45221 46412 46582 46583 47434 46584 46585 47605 46756 46586 46757 47097 47607 46587 46418 46588 47438 46759 46589 47609 46419 46590 47610 46930 47611 46591 46761 46932 46763 47612 47102 46762 46764 47444 46765 46766 46767 46258 31469 46939 46940 46431 47111 46601 31471 47113 46943 47114 47454 31815 47115 47285 47456 46776 46946 31276 46948 46608 46949 47461 47291 47462 47463 46405 47464 31826 47466 47467 47128 46959 46576 46452 47473 47475 46462 46463 47488 46128 47489 47490 47152 45792 31342 45793 47154 45796 46137 47498 47499 47500 47840 47161 47164 48354 47165 47167 47507 47509 48362 47516 47519 48030 46674 46507 47529 31456 46851 66062 47194 46916 47536 47537 47539 46917 47880 47541 47542 46692 47372 47883 48223 47207 47888 47548 46529 46869 47890 31460 48060 46871 47891 47551 46873 46363 46874 47214 47894 47215 46876 46536 46877 46878 47898 46880 47901 46881 31957 46882 46544 46884 46885 46545 46886 46887 46547 46888 46548 47909 46549 46719 46889 46890 48079 46891 46551 47911 46552 46892 46893 46553 46723 46554 66104 46555 46896 46556 46726 46897 46557 46218 46558 47748 46559 47920 46901 46561 47071 46902 47584 46564 46565 46225 46566 46736 46567 47927 46909 46569 46910 46570 46740 46571 31951 46741 46572 47931 46573 46758 46743 47083 46913 46744 47933 46574 46745 46914 46746 46577
hp 289
t 34210 33192 33108 33152 33070 33241 34388 33158 32819 34350 33373 34224 15056 34479 33246 34478 34778 33121 33164 34524 14379 33165 33251 33166 33421 34484 33039 33169 33041 33214 35594 33172 33598 34533 33045 33811 34534 34194 34493 34536 33177 34537 14478 33178 33179 34540 33181 34201 34584 34116 34117 33140 34118 15079 34462 34420 34506 34209
hp 328
t 33149 33490 33831 34681 34683 33154 34684 36046 33497 33326 33838 36050 34183 33844 34694 34185 34186 33846 34187 34188 33850 34192 33344 35385 33346 33353 33354 34205 16866 33870 33360 34721 34725 6676 34728 34049 34563 33883 34733 34564 34565 36095 34736 34227 34737 34058 34740 34063 34574 34575 52425 35426 35427 34069 34580 34750 34752 34753 34754 34755 51755 33907 51077 34758 52440 52441 34081 6712 34083 34764 34595 34087 34600 51093 34093 34605 34095 35458 33929 51098 35971 33934 33936 33937 34787 33938 34109 33940 35980 33941 34622 35982 34114 14395 17455 34456 15077 34628 34797 34798 34799 34631 35991 35992 34293 34803 34294 34805 34636 34125 33446 34127 34808 33448 19000 34130 34131 34302 36002 36004 51134 6767 35328 35329 34651 34141 34652 34142 36013 35334 33975 35335 34656 34146 34657 35338 34660 33980 34661 35341 33981 35342 34662 34664 35345 35346 33816 34156 33477 35348 34157 33818 35349 34668 35350 34671 33821 35353 35354
hp 160
t 14458 14536 33651 17097 14633 17015 33463 33325 17049 12587
hp 272
t 66606 66649 66916 67490 66651 68193 66646 66655 65646 66647 66445 67572 66627
hp 227
t 54358 54274 54363
hp 249
t 61622 61815 61794 62114 61860 61892 61776 61448 61895
hp 266
t 70848 71507 49429 71562 49430 70947 73338 73373 50115
hp 265
t 70209 70890 67151 65621 65622 65623 72764 65624 65625 72766 73107 65798 65628 65799 65629 72771 65803 65809 73119 73121 50172 50175 73127 73638 72959 66501 67526 66506 66507 65830 65831 66513 65834 65835 70255 65836 66516 72980 73150 72811 72982 65845 66527 73668 72988 65849 72989 73330 73331 73333 73334 73166 73337 72998 65690 66544 65694 66545 66546 66547 66548 66550 73691 65704 73184 73355 66557 66387 65539 66559 65709 73360 73361 73027 67078 73372 73712 73033 73374 73376 50086 65557 73377 73379 65900 65561 73381 73721 73384 73044 65565 73046 73387 73047 70157 66594 66424 66596 66426 66599 70849 65580 66430 66262 66603 66604 50114 73405 66605 73406 73407 66269 50120 66271 73241 50121 71542 50122 73243 50124 50127 73588 70189 73250 50130 73421 50131 73422 65603 72744 66625 50135 65606 50136 73087 66288 50138 66290 67140 50143 66635
hp 324
t 78199 78286 78372 78202 79222 77864 78801 79396 78546 79397 78208 77870 78211 77871 78127 79232 77874 64615 79407 64022 64108 77881 78221 64197 78563 78224 79585 78226 64203 78229 78400 77890 78401 78231 78147 78232 77892 79425 78065 79257 78237 64044 79259 78239 78243 78417 79267 77824 78250 77826 77827 78082 79357 78168 78169 77830 78000 77831 77917 77834 78259 78260 77921 78177 77838 78263 64749 78180 78181 64751 77842 78268 78271 77933 78105 78191 78192 78277 78108 77853 78197
hp 293
t 63366 64727 64007 64730 64052 63373 64011 61462 63374 64055 63375 64736 64737 63377 63505 64738 64058 64016 63379 64739 64017 64060 63423 64018 64061 64019 64020 64063 64021 64023 78050 64748 78051 64026 64750 64028 63378 78059 64034
hp 113
t 77093 75648 75653 76333 77099 75654 75572 77785 77021 77787 77023 75155 76348 74904 76095 76350 72695 75757 77033 77034 77036 74913 77039 74491 76363 74918 77044 76874 74836 74837 74838 74754 74839 74840 74841 76032 76457 74842 74843 76374 76799 74844 74929 76291 74847 76379 74934 76296 74853 75789 74854 74855 74857 76133 74858 76474 74859 74860 76306 74861 76307 74862 76223 76054 74864 76480 76310 74865 74866 76398 76824 74870 76403 77678 74958 72579 77765 76065 74875 76491 76322
hp 292
t 78793 78794 78795 78754 78797 78712 78755 78798 64561 78799 78800 64564 78802 78080 78081 77954 65248 78806 78084 78807 78085 78808 78086 78809 64530 80724 78090 77962 78091 64704 78815 78135 78816 78818 78138 77968 78820 78012 78141 80733 78100 78823 65266 78101 64543 78143 78102 65225 63362 78785 65271 78786 65059 78107 65273 78788 78109 78789 78790 78791 78834 78835
hp 299
t 36038 18358 18359 34510 34170 33150 34171 18361 19042 33493 34514 34515 33837 33327 33161 33501 33842 15312 17693 19564 33845 18375 32828 33168 17019 18210 18213 33855 18215 33345 16859 17029 33180 14650 17031 17371 14652 33863 17034 17208 16872 34213 50703 16876 6677 18240 18410 34223 14336 18416 17567 14677 34229 14339 34230 14681 15192 18422 17914 17915 14686 14690 33561 33221 33903 34243 33393 6705 17415 33397 6708 17419 14700 15040 33401 15041 33402 18274 17764 33235 14535 17765 18278 18279 33410 18281 17431 15051 33412 17773 33244 18284 14374 34265 34266 71326 34268 15058 19649 18969 14720 15061 14724 34279 33599 14729 33261 15071 14731 33432 33263 15072 18304 15074 17795 15075 14736 15076 18307 17116 14739 17120 14742 18314 14405 18316 15085 33277 33107 14748 14749 18320 15090 18321 33451 18323 19003 33453 17475 51986 33459 34139 18335 14603 18347 18348 14779 14610 17841 18352 18353 33483 14614 33144 35355 33145 15296 15297
hp 306
t 27325 27324 43562 26966 27268 26378 43580 26996 26380 26424 26254 26425 27106 26426 43235 27277 27256 27108 27279 27111 26962 26368
hp 323
t 61708 61456 61627 61459 61544 68686 61886 61464 61467 61808 61554 61555 61726 61557 61813 68699 61560 61816 68616 62156 61817 69042 61902 61733 61903 68618 68620 61735 61738 61824 61569 61571 69054 61746 68716 61832 61748 61749 61752 68807 68638 61753 61500 67535 61841 61842 62097 61757 61759 61845 68649 62106 61767 61597 61598 68657 61772 68659 69000 61775 68663 69004 68665 61610 62036 69007 61782 61697 61528 68670 61785 61700 61615 69012 61703 69014 61449 61876
hp 234
t 53580 54079 54039 53699 53702 54126 54043 54065 53726
hp 320
t 81599 81855 60265 39186 60266 58910 58911 60271 79144 57640 58236 57727 81697 58918 79064 58920 39795 79066 78386 39881 39883 57563 58075 79070 39718 81793 39888 81794 78394 57569 79077 58901 81798 81713 79079 79080 57575 81801 79081 81376 79082 57662 39217 81803 57408 39218 81804 57578 57834 59025 39219 39900 57582 81808 81809 57584 57755 81810 81811 79092 81732 57507 81818 81393 39914 79100 79101 81907 81822 79103 60318 58364 81570 78340 57432 78342 81828 81403 81743 57606 57778 58883 57694 57439 57524 60330 79202 81667 57613 57528 57359 57444 57614 57360 57445 57615 57616 57702 81760 60341 57538 81764 78961
hp 331
t 52273 36018 34786 51787 34766 36063 35938 35853 52344 52301 35918 35854 35876 35919 35983 52387 35855 36090 52242 35923 36030 36031 52479 35969 52438 35908 35907 35844 52293 34060
hp 104
t 80244 80245 80246 80247 80599 80601 80604 80606 71431 80613 80279 76544 76545 76546 76547 76548 76549 75360 76380 76550 76551 76552 76553 76554 76555 76556 80296 76557 80298 76559 76730 76560 76561 76562 76563 76225 76227 76568 80649 79629 76570 76230 76571 80651 76231 76237 76753 76755 76417 80667 76418 76248 75908 79989 76249 75400 76760 76590 76250 76592 80332 76252 76593 76594 76255 76766 76256 76767 76596 76087 80507 76258 76598 76599 75410 76260 76261 76601 76092 80682 76262 76093 76603 76604 76264 76605 76776 76265 76606 76267 76609 76610 76271 76611 79502 76614 76275 80355 76786 76616 80696 76617 76788 76108 76789 76619 76791 76624 76286 76627 76798 76630 76632 75783 76633 76634 75445 80545 76635 80546 76636 75447 80547 75277 76643 76644 79536 79541 79542 76652 79543 76653 76654 76655 79546 79547
hp 76
t 65022 62644 41395 41310 62732 62902 43863 65199 62820 41401 41316 41403 62908 41574 41406 41321 43872 42514 62830 62746 42518 64960 65473 42524 64966 65223 41678 41339 43975 64887 64802 62425 61576 62427 64976 41434 41689 42540 22651 42541 65493 62774 65498 41614 67454 62103 62613 62614 41366 62107 22840 64833 43923 41374 61944 42567 64838 62459 65520 64841 65522 42744 65185 65186 42746 40961 62637 62639 62897 41647
hp 295
t 70888 70211 52110 73619 51181 70818 51526 51612 70144 70145 52126 70232 70147 70148 52043 73719 70149 73720 70150 52130 51621 70151 52132 51623 50687 52133 49158 70153 52134 70155 52135 70156 51628 51629 51630 52141 52143 51804 52144 70165 70166 50701 52147 70168 70169 70170 70171 70172 73659 70175 52070 50798 51481 36096 70183 51909 70186 70190 70195 51836 50731 52096 52097 51674 73607
hp 334
t 34762 33403 34763 33489 34765 34680 34767 34682 18959 6804 33836 34094 33500 18966 34776 33928 33843 33504 35377 15318 34699 33935 15320 14641 34788 33516 18982 36152 33347 16858 33433 18388 34199 18984 36833 33434 6744 33435 33521 18986 36155 33437 17033 34630 34715 15335 33355 35993 33189 33444 6755 34722 33362 6758 33534 33449 36084 33366 36003 33368 34815 34050 34646 6766 34051 34562 34136 34052 34647 33798 34053 6770 6685 33460 6686 34056 17056 33462 34057 18418 14594 36014 34145 34061 14597 33467 34062 6693 14598 33383 34147 14768 34148 14769 33472 33812 34748 34665 34070 34666 34071 34667 33817 6788 35263 14608 33478 34074 33905 14694 34075 34670 33994 33484 33399 6797
hp 270
t 72418 75818 75819 75820 76160 76161 76501 75822 72422 76162 76503 76505 76506 76166 72427 76168 76508 76509 76169 75830 76510 76511 76171 71752 71753 72433 76176 76177 72437 75838 76179 72439 72440 72441 75841 72101 72442 75842 76182 72443 71763 72102 72444 75844 75845 75846 76526 75847 76187 75849 75850 76531 76535 71437 76538 76540 71782 76543 71793 67715 76215 72136 76222 72149 72153 70794 67736 75899 70803 72507 67747 68432 68433 72519 67759 72521 72523 71846 63694 72198 72199 71863 71865 71868 71870 71872 68472 71873 71875 68476 68477 71878 71880 72221 71881 71882 71883 69843 67127 71888 71889 71891 71894 71896 71899 75979 71902 75986 71906 75988 71908 75989 71909 75991 71912 72593 75994 75995 72255 75996 75997 75998 71919 75999 76000 71920 71921 76001 72261 76002 72262 76003 76004 76005 76006 71927 76007 72267 76008 76009 72269 76010 72270 76011 72271 76012 76013 71933 72273 71934 71935 72275 80097 80098 76018 76021 71942 71606 76366 80108 76028 71948 68549 76029 71949 68550 71950 76031 71951 68552 68553 68554 68555 68556 71957 68558 68559 68560 72640 71960 71961 72641 68562 71962 68563 72643 71963 71964 72645 68565 68566 72646 72308 72649 72310 68571 72651 71974 67894 72656 71296 68577 71977 70957 71978 72318 68580 72320 71980 72321 68582 72664 72665 72667 72668 71321 68605 72686 68606 68607 70987 72693 72694 72354 72355 67937 72698 72699 72019 71681 71682 71684 71685 71686 67608 72028 72029 72031 72371 72032 71692 72033 72034 71694 72036 72376 72037 72041 71703 75784 75787 71707 71708 72392 75792 72052 75793 72393 75794 75795 75796 71717 75798 71038 75799 72061 75801 75803 72063 75805 72414 75815 72076 75817
hp 318
t 58233 58298 58118 58311 39073 58272 58135 39074 55649 58327
hp 165
t 9642 9638
hp 123
t 76796 76647 76669 76628 76692 76607 76612 75402 80567 76657 75449 76724 75450 75409 75452 75453 75454 75411 80426 76621 75455 76645 76558
hp 339
t 69060 66128 67403 69401 69232 68893 69234 68894 68895 66133 69280 65585 69241 66947 69242 69412 69243 66056 65888 45955 68991 65549 69204 67547 46636 66613 65934 65976 69292 65977 65596 67551 68869 45281 66957 69210 68913 45282 45283 66959 69041 68915 69001 69596 26843 68622 69005 66117 68880 66082 68881 69518 67310 48015 68884 66210 68885 69608 69140 68886 69610 66805 45258
hp 279
t 71506 76522 76524 76206 72234 71533 76507 71005 76339 71579 72876 72496 76365 71501 76219 71502
hp 235
t 49277 51551 51637 70889 49405 50702 51638 49258 51616 49364 52127 50133 51643 51919 51559 51560 49393 51625 49226 52137 49439 52138 50631 51907 51568 51355 51633 51634 51337 51464
hp 259
t 34606 36051 36029
hp 101
t 54910 77693 77695 77696 54238 53566 53567 53742 54083 77718 53408 53411 53583 77723 53413 53417 53418 53249 53419 53250 53252 53253 77733 53254 53427 53258 77568 53261 77741 74851 53262 77571 77743 53263 77744 53266 53269 53440 53271 77581 53274 53276 53446 53277 53447 53278 53279 53449 77250 53450 54981 53453 53284 53625 77595 53286 77766 53456 54986 53288 53289 54989 53460 53461 53632 53292 53462 53293 53294 53634 54994 53295 53296 54996 53466 53637 53297 77776 53638 53298 54997 53639 54999 53299 53300 54658 53301 53471 53302 53642 55002 53303 53643 55004 53644 53305 53645 13865 55005 55006 53307 53647 55007 53308 53648 55008 55009 53311 53312 54673 53314 53654 55014 55015 53316 55016 55017 53317 55018 53318 55019 53659 53320 53490 53661 53321 53323 55024 55025 74915 55026 53327 55027 53497 53328 55028 53329 53499 53331 55032 55033 55035 54865 54016 55039 77650 53341 54701 53344 54874 53345 53685 76805 53346 53516 53347 53687 53348 54198 77658 53351 53353 53354 53355 53525 74946 53357 74948 53359 53529 74950 77670 77675 53366 74956 53367 53368 53369 74959 53372 54052 74962 53373 53374 74966
hp 297
t 68678 61709 61625 61711 67491 61884 68685 61545 68688 68775 61550 68776 68777 68694 61725 61810 68866 61556 68782 61898 61559 68870 61730 68615 61561 68617 61818 61564 68960 69045 68621 69046 68877 68962 61567 69047 68963 69048 69049 67520 68966 69051 61911 69052 67523 68970 68631 68637 61755 68725 68726 61502 68812 68727 68728 68814 66689 68729 68730 61846 61507 67543 68733 61764 67545 45957 61853 68656 68914 61521 61864 61524 68664 68920 61440 61526 68668 61529 68669 61701 61616 68672 61532 61534 68676
hp 283
t 78113 41309 42542 78116 41906 41951 41697 59591 41022 41829 78677 22708 59598 41833 41536 78767 78768 78769 41029 78773 78688 59563 78778 40996 41846 78695 78270 78781 78144 78189 41385 41003 42109 78150 41899 41602
hp 314
t 56130 81525 55733 81595 58316 81347
hp 315
t 14637 14632 14643
hp 105
t 80069 76499 80240 80071 75821 80581 80241 76502 79902 80582 80583 76504 76335 80076 72258 80249 80250 80591 80082 80762 80592 80593 80085 80596 80087 80597 80598 80090 75840 80260 76352 76353 75843 80603 79923 76184 76355 76354 80605 76186 80607 76358 75848 76360 80610 75851 80271 76362 80612 80273 80614 80274 80616 75856 80276 75857 80617 80277 75858 76368 75859 76030 80619 75860 75861 76541 80621 76542 75862 80113 75864 80284 76204 75865 80115 75866 80286 75867 75873 75875 75876 76216 75877 80299 76052 75884 75885 75886 76057 80646 80647 75887 75888 76739 76569 75890 76062 75892 75893 76573 75895 75896 75898 75900 75901 80662 75902 75903 75904 79984 75905 76756 75906 79986 76757 75907 75909 75910 79990 76761 79991 75911 76762 80333 79994 75914 80334 80335 79996 76089 80852 80004 80005 75928 76608 75929 76781 75931 76782 80526 80016 76790 72035 75776 75777 75778 75779 75780 80200 80880 75781 80881 75782 80884 68474 75785 75786 75788 76129 80379 75791 80382 80215 75969 75800 76481 75971 76483 75973 75974 63734 75975 76486 75976 75977 79548 76488 75978 63739 75980 75981 75984 80064 75985 76496 80066 76497 75987
hp 267
t 66722 66975 69465 69615 66985 66720 65982
hp 175
t 31216 47695 31524 31694 31132 29963 30570 31122 31123 31570 31220 31221 31615 50390
hp 109
t 79728 79218 79730 79220 79221 79733 79224 79565 79225 79566 79226 79227 79738 79228 79229 79230 79741 79231 79234 78214 78560 79246 79264 79104 79784 79105 79276 79617 79618 79619 79110 79281 79625 79626 79118 79633 79124 79125 79635 79639 79640 79300 79131 79301 79641 79472 79642 79303 79304 79305 79476 79306 79646 79307 79478 79308 81008 79819 79309 79480 79649 79310 79481 79820 79311 79822 79482 79312 79143 79483 79313 79651 79314 79315 79655 79656 79487 79657 79317 79658 79659 81019 79150 79660 79663 78983 78984 79327 79158 78987 79667 79669 80520 79501 79841 79331 80522 80523 80524 79676 79677 80528 81888 79168 79678 80529 79509 79679 80530 79680 79341 79174 79344 80535 79345 79856 79346 79348 79519 78499 79349 79520 79350 79521 79861 79522 79523 79184 79185 79695 79186 79526 79356 79697 79188 79358 79189 79698 79359 79190 79700 79191 79192 79193 79703 79194 79195 77835 79196 79706 79197 79198 79708 79199 79709 79711 79032 79714 80565 79207 79209 79719 79210 78530 79212 79722 79213 79214 78534 80575 79725 79727
hp 338
t 68890 67235 66598 66131 69574 69235 66688 66691 69286 68990 66739 66740 66912 66742 68954 66744 66830 68956 68957 66704 68916 66706 66921 66708 66964 66709 66923 66710 66711 66712 66713 68967 66714 66715 68969 61744 66929 68973
hp 329
t 73609 51169 49470 51686 51688 49309 51690 34693 50504 49993 51019 49320 50851 35380 50002 51873 51874 51198 50858 49331 50692 50693 36073 51885 50695 49169 51720 50700 50872 50873 35914 52064 73655 52065 52066 52067 51558 52068 50708 49351 51731 52072 36094 50715 49355 52075 50717 51908 50718 51569 50719 50890 51911 36101 50552 36102 50723 29134 49363 50726 50727 51918 50728 51579 49370 51921 52092 49374 50736 50737 50739 50740 51931 49382 49387 50748 52108 52109 49224 49394 49225 52115 51606 49396 52116 49397 50758 51609 50929 50759 49399 49401 52462 50593 51782 52124 49235 51784 49404 50936 52125 49406 51617 50765 49407 51618 51786 52128 51619 51620 50770 51622 51793 49244 70154 50775 49246 52136 49247 51627 51968 52139 52017 51631 49931 50781 51972 49422 49253 51973 49254 51974 51975 52655 51976 51977 50787 51639 51979 51980 52150 51981 49261 52151 51982 51642 51983 52153 51984 52154 51985 52155 51988 50629 71369 51989 51650 51991 51653 50635 50805 50637 50977 28879 51999 51830 50641 50642 51832 51833 50645 36025 51835 50647 36028 51838 51670 51671 50653 73604 50485 49297
hp 112
t 75222 76242 75223 75224 75225 75227 76420 75230 75570 75573 75235 75575 76595 76257 76597 77108 76428 76429 75069 75239 75581 76432 76434 75245 75416 76436 75246 76437 75417 75418 76268 76440 75420 75250 76442 75252 75253 76444 76445 75086 75426 76447 75429 75431 76451 75261 75263 75434 76794 74756 75437 77732 76372 76458 74928 76460 76290 74846 76462 76293 76464 76465 76466 74936 76467 76470 76386 75196 75197 76388 76303 76389 76390 75200 75201 76392 75202 76393 75203 76394 76395 76566 75206 75462 76399 76229 75550 75211 75045 75215 75471 75216 76236 75217 75218 75134 74880 75221
hp 100
t 74798 74799 74971 74804 75144 76675 74806 74116 77700 77702 74814 79745 74816 77707 74817 77708 74818 77709 74819 74820 74480 74821 74822 75162 74823 74824 74825 74826 74997 74486 74827 74318 74828 74999 74488 74829 75000 74489 74830 75001 74831 75002 74832 74833 75004 74834 75005 74835 75006 75007 77728 75519 74845 75017 75191 75192 76384 76385 77746 74856 77580 76397 74868 74871 75213 77086 74876 75047 74877 74878 74879 77770 75220 75051 75052 76416 75226 77097 76930 76932 75403 75408 75412 54842 77794 75415 76439 75759 77799 76441 75251 76443 75423 77805 77807 75770 74752 74753 74926 74757 75438 74758 76288 74248 75439 79689 74760 76292 74763 74765 74768 74769 74770 74772 79702 74774 74944 76475 75456 74776 74947 74779 74780 74781 74951 74952 75463 74783 74953 74784 74785 74955 74786 74787 74957 74796 74788 74789 74790 74960 74791 74961 74792 74793 74963 74794 74965 75476 74797
hp 98
t 75394 75395 76438 76461 75568 80203 80863 80800 74807 76446 79634 76448 75131 79614 75152 80848 75579 80850 76642 76600 76602 75413
hp 248
t 65533 68805 65357 65018 65488 62525
hp 268
t 36506 36464 36167 36465 52298 36171 36342 51803 51079 52292 52430 36472 35921 36516 36347 36483 52476 35945 51776 36519 35904 35905 35927 35906 36523 35929 36524 52419 36504 51783
hp 80
t 60008 58818 78370 65112 59672 23464 81607 44887 78548 23299 22789 22963 59513 59515 78217 59008 59010 61906 78397 61908 59699 22810 41511 65143 65144 23329 59541 23333 22823 23164 59715 59547 59718 59548 64988 59719 22829 22828 23340 23512 78083 22832 62104 23004 63465 59725 59555 59556 23518 59900 41541 78262 78602 59903 22843 41718 59739 23529 64842 41722 78784 78444 59574 60256 22856 23537 59748 41558 78111 78281 59581 60262 22693 23033 41563 59756 65197 59757 23377 65198 22698 65028 59758 60102 78123 23385 41575 23215 59596 59938 41578 78813 22714 78817 22548 22719 59949 23401 60294 78825 78657 78149 23409 57750 43983 23414 60304 64725 41777 23255 60146 78167 78171 78341 59301 78173 41623 57779 78689 78182 59653 65264 78694 59827 78697 59658 59659 23452 78193 59663 78194 58816
hp 119
t 69762 77052 76904 77011 77054 76905 77482 77184 76803 76908 77185 76888 74891 77653 76909 77018 74914 76891 76892 74874 76893 77510 75070 75750 76940 74923 69802 53377
hp 84
t 65278 65279 59504 78715 39106 22960 78381 22961 59512 78384 58664 59514 22965 78726 22626 61386 22968 22969 79069 22799 78390 78391 79072 58672 78393 59693 78395 78396 79078 58678 22639 60720 58510 59701 58001 81802 59362 65145 60215 59536 60557 65148 59708 59538 59539 65150 58010 59540 60730 61410 59371 61414 79094 78416 22656 59546 59377 59889 59553 59557 77918 59558 78771 59561 59901 59562 58033 57523 78774 58034 60754 78775 58715 59565 60756 78777 59737 78779 78780 78442 59742 59572 57703 59573 65184 78104 59575 59746 78106 57706 78787 65187 57537 59068 81678 60261 81852 59582 59583 81683 57883 81854 60264 60774 78967 22528 59759 78119 59589 39361 22531 78122 57722 78804 78126 59597 59599 22539 22541 22542 78133 58922 78814 22715 22546 22886 57566 60288 78139 60290 22551 60292 65053 57573 22555 59446 39898 78318 57409 57580 60131 65061 57752 65062 78153 60303 65234 57414 65235 37016 65066 60306 57586 57587 22738 78668 60139 60308 57759 60140 57760 60310 60313 22914 22916 65247 60316 22577 22919 22580 65252 22922 78683 22585 22927 59648 23268 22589 22590 59651 57611 59652 57443 41972 60333 23275 58295 60167 59657 65268 78698 65269 78699 60339 59660 57792 59662 78702 60174 60344 59666 60347
hp 335
t 69613 68720 61626 68724 46795 62435 46456 26863 69066 66984 68813 68856 61504 61505 66690 68732 27212 68948 61809 68864 68865 68695 66741 61896 69207 61641 68952 68868 69592 68871 61562 69002 68961 68281 61779 68878 68666 68964 43251 68879 62121 68624 69050 68627 68711 61531 69053 61829 67568 69226 68972 66719 61621 69612
hp 269
t 36208 34104 36166 34785 36210 52020 33810 36169 36190 36192 36469 36193 35939 36470 36195 36110 36196 36197 36325 36219 36199 36481
hp 225
t 14533 32808 33574 33065 14537 33577 32813 33579 14541 33071 33582 35791 34179 14546 14377 14548 33078 32827 14553 34528 19654 32829 34189 14555 33170 54506 32918 15325 33771 33602 33093 33095 34370 32926 32927 54262 33182 34542 33183 33608 33269 34374 14485 33270 33695 34375 33100 57240 33101 33102 33614 33784 33616 33276 33617 33618 32768 33619 33109 33024 34556 53766 34557 32945 34305 33201 34307 53857 34392 32948 33033 33629 32781 14676 33036 32782 14678 53949 14509 14679 32956 32786 32957 34317 14427 33042 33638 33127 32788 34319 33724 32875 33641 32876 14431 33642 33643 14518 35768 32879 32794 33134 32795 33050 33646 32882 34413 32884 14439 34414 14356 14442 34503 33058 32804 33571 33741 14447
hp 264
t 66979 70892 72935 66645 73105 73106 72938 70899 65630 65802 72945 72946 71589 71590 73122 73123 73124 65645 71596 73126 71597 73637 71598 71599 68540 65650 66503 67184 73645 65655 73136 72970 67190 72800 73140 72971 73141 73142 67193 73144 73149 73151 72814 66869 50040 71631 50042 71635 73335 73336 71636 70959 71645 71647 70798 71650 70970 73352 73353 71654 67238 71659 65710 73362 73363 73364 71495 71496 71667 71668 71498 71669 71500 71671 65723 71674 50083 71676 71677 71678 71679 71512 73386 72707 65737 72710 72713 73393 73396 50112 65753 65584 70174 65755 72728 72898 71540 71541 72901 73412 71543 50123 70184 68484 50125 50128 71549 72740 70869 71550 73080 72741 71551 70871 73423 70873 66624 72914 70874 70875 70876 72916 70877 50137 70878 72918 72749 50139 72750 72921 72752 72923 73096
hp 273
t 65959 66427 66428 66514 65961 66515 66813 50876 65964 70788 72957 51905 66504 65846 66505 47277
hp 115
t 81002 74138 73738 73780 73739 74399 80922 55465 74167 73743 74084 74106 73745 75168 73746 74170 73747 74172 74173 73791 80911 79806 75280 74175 75174 74369 74135 73733 74371 73734
hp 218
t 14410 14582 33725 17167
hp 171
t 46506 49134 48251
hp 68
t 30258 50404 49703 31662 30239 30260 31557 49515 30262 30263 31623 50409 49731 49839 31522 31649 31628 31162 30249 30229 31228 50036 50377 49679
hp 317
t 55689 39035 39119 39408 39409 39032
hp 179
t 32383 30558 32173 32174 32046 31242 48157 30604 48200 29798 32050 29968 31923 29842 31797 29843 31798 31799 32012 30611 31973 31889 31253 29808 31933 29897 30661 29813 32151 29899 30621 30664 30665 48176 32069 30624 48518 30710 31902 29989 30585 29863 31903 30204 30544 30588 48184 30716 29994 29867 31780 32164 32760 32166 32378 47636 32507 30509 32551 47639
hp 322
t 64513 63909 78264 78010 78266 64720 64086 63417 63907
hp 319
t 57649 81364 79006 81557 81812 81834 58355 81390 57698 81371 81841 58232 58235 58278 57620 57621 81400 58344 57665 58282 58325 58326 57626 57605 57627
hp 255
t 68345 67334 64285 67352 63617 63620 67361 67364 63625 64305 63626 64307 63627 66694 67037 68066 67052 63995 67395 64338 62980 67405 67406 67408 67412 62994 68097 62997 62998 68099 62999 68100 68101 63001 68102 67422 63002 63004 68105 67426 63008 68108 66749 63010 68111 63011 68112 63012 67432 68113 63013 63014 68114 63015 61655 68116 61657 61658 63018 68119 63019 61660 68120 68800 68121 61661 63020 68122 64382 63021 61663 61662 68124 64384 63024 68125 64385 63025 61666 63026 64387 68127 63027 61667 64389 63029 64390 61670 63031 64391 63032 63033 64393 63034 61674 64395 68815 63035 64396 67456 68136 67457 63036 61677 61678 64399 63039 61679 67460 61680 61681 67461 68141 61682 68821 68142 61683 67462 67463 63044 68823 68144 63045 68145 67465 63046 67466 68146 63047 67467 68827 68148 68828 64408 68149 68829 67469 68830 67470 63050 68831 67471 68151 68152 64410 67472 68833 63052 68153 63054 63053 68154 61695 67474 68835 67475 68155 68156 63055 68157 67476 68158 67478 68837 67477 68838 68839 62719 68163 68844 67485 68167 67487 68847 68168 63761 68183 68184 67851 67517 64457 63777 67518 63097 64459 63782 63785 68206 63110 64493 63133 64494 62794 61443 67569 67575 62482 61463 61468 63168 61469 63169 63170 61470 63172 61472 63174 68276 63176 61477 63177 61478 61479 63179 61481 61482 61483 61484 63184 63185 61485 61486 63186 63187 61488 63188 63189 67949 63190 62850 63191 62851 63192 63193 62853 63194 61494 63195 63197 63198 63199 61501 62863 63204 63205 63207 67968 63209 63210 62871 62872 62873 63214 62874 61515 63215 62875 63216 62876 63217 63218 67979 63219 63220 63221 63222 62883 63223 67643 67984 63224 63225 63226 68326 62887 68327 63227 63228 63229 62890 63230 67990 63231 62892 62893 62894 62895
hp 78
t 58821 62225 44885 41487 44888 22790 44890 22792 22796 42517 62237 42519 42520 42521 42522 22802 64963 23489 64969 61909 62600 22821 63621 23508 64989 23509 23514 42556 44936 23516 23517 41539 23519 23520 42561 23521 23522 41542 23523 23524 23525 41545 41546 23526 44947 23528 23530 23531 42572 23532 41552 41553 44952 23533 41554 23534 42575 23535 41555 41556 41557 41559 44959 41561 41902 44962 44964 41565 65025 41567 65369 65030 23551 41573 22875 41576 41577 44977 43960 41580 41581 58924 41588 43973 41596 41597 41598 41599 44999 41600 41603 41607 41608 41609 41610 41612 41613 41616 41620 42641 44682 41631 41637 41639 40960 41300 41641 41982 41302 40963 41645 40965 41648 41649 41650 41652 40973 41654 41655 41315 41659 40980 41660 41320 40981 41661 41662 41663 41664 41665 40986 41666 41668 41329 41670 41331 41672 41673 41333 42014 41674 41336 42016 41679 20600 41680 59361 60721 20603 41683 42704 42025 41686 41687 42027 42709 62089 41691 60731 42032 58692 62773 61413 41694 42714 42034 41695 42035 65496 42716 41696 22658 65499 58699 42040 42720 22660 41361 42381 42382 42042 42043 42383 41703 41704 42044 41705 41707 42727 41028 42050 42731 41371 42732 41713 42734 41714 23015 42735 41715 42736 65176 20636 41716 41376 41717 42057 41378 42741 41384 65525 20646 23026 41726 41387 41727 42748 22689 42751 20651 23031 42413 65195 42075 23375 22696 41058 44802 41746 42427 41408 23388 41410 41071 41751 44472 20674 41077 59777 41757 41761 41763 41764 20685 41765 42105 41767 44828 41768 41770 42111 42112 23413 44836 41436 41437 41438 41779 44841 44842 41442 44502 41444 44845 41446 41786 41787 41447 58109 41449 41789 41451 44852 41452 41455 22076 20718 44518 41458 41459 41462 23444 44867 41468 44871 44876
hp 294
t 70558 70569 13875 54197 77530 70401 77383 77521 77532 54025 70617 77524 77567 77334 54173
hp 178
t 9199 8286 8308 8309 8352 8310 8353 29817 8312 8355 8313 8314 8315 32074 29951 32526 8305
hp 247
t 62112 62113 61859 61901 62115 61861 61819 61862 61863 61866 61547 62122 61868 61849 61850 61851 62127 61811 61855 61856
hp 106
t 54823 74458 74459 73779 74119 73782 56190 75485 75486 74466 74467 74468 73788 74469 73789 56196 74471 74812 74388 74813 56199 74815 54841 74476 74477 75497 74396 56206 74397 74312 75163 75505 74321 74323 73732 74242 74157 54819 74159 74419 54785 74432 74348 74775 75199 74435 74351 75457 56078 74438 54803 74440 74355 54806 74443 74448 74451 54815 74453 54818 74454 74455 73776 74457
hp 224
t 53802 54484 54485 53721 54317 54487 70555 53812 13863 54492 53813 54068 53899 53814 54072 13868 53818 54074 53905 32825 35715 53906 54075 35714 53820 53821 53737 53908 53822 53823 57054 53910 54507 54342 53917 54004 54344 34626 53921 54347 33097 33778 12531 35736 54352 57074 54526 54527 33789 57249 53850 33621 54276 35747 53938 33623 35748 53768 53854 53769 54535 53770 54196 53772 53775 33632 54032 35757 53948 53778 54034 53779 54459 54035 53865 53951 54036 54633 53868 54463 33639 53871 53789 54045 53791 54047 53539 54477 54396 53801
hp 298
t 80833 80876 64195 80813 80091 64388 76500 72529 63604 75824 80182 63416 63671 64078 79954 64230 62807 63742 80849 68185 63875 75836 64363
hp 168
t 29928 32648 29929 32641 29232 29233 29818 29917 11196 29927
hp 176
t 8328 32554 9179 8499 32215 32515 32389 8504 32518 9313 8336 32519 9611 9187 8338 8381 8339 32522 9189 8340 8382 32523 32394 32524 8511 32395 32525 32610 9152 32527 8304 32572 9197 8477 8354 8356 8358 32414 8449 8494 8452 8367 8453 8496 8326 32552
hp 257
t 63196 61465 63208 64398 63009 61480 63212 61471 61451
hp 231
t 54674 54676 54867 54825 53636 54976 54998 54977 55020 54893 77716 55022 55001 53641 74296 54894 55003 54982 53306 54985 53988 54987 55030 53309 55031 54672
hp 296
t 63908 63918 63496 64123 63826 63497 63837 63295 63530 64225 63499 80818 63977 64001 63736
hp 330
t 51082 52443 51083 49384 49215 51084 51085 51088 51089 51770 50496 51091 49306 51772 51092 51094 51774 49395 52031 50757 49652 35885 49402 36655 51105 51020 50511 50512 51107 36742 52382 51193 51108 52384 51110 36745 52470 28673 36069 51030 52392 36243 36752 51118 36074 49165 52394 36755 36757 35911 52317 52318 73653 50448 52403 50874 36083 50364 28775 73569 50365 35916 51133 36799 36346 50541 50627 73577 52328 52073 52329 50716 35842 36097 34568 51143 52418 50889 52420 52336 50721 50892 52337 52338 50808 52423 52339 36188 51064 52340 36700 52341 35936 52426 52342 52343 52428 50984 50729 36109 52345 52346 52431 52347 51072 52348 50735 49546 50651 36796 36711 50652 52437 36288 36798 52439 51080 51081 36207
hp 246
t 65490 42742 65483 64964 65528 65358 65476 65020 65532 64979
hp 177
t 30682 32172 32470 32045 31961 32175 31963 32007 31965 32349 32351 32481 31844 31759 31888 30698 31761 31805 31848 29809 31807 29810 31851 32149 29812 29898 31853 29814 29857 32449 29900 32450 32153 32154 48474 32706 47795 32155 29860 29861 29819 29862 32452 29820 32454 29821 29823 48183 30673 30675 29869 29915 32337 32338 32381
hp 169
t 29790 29876 29961 32640 29879 32645 29841 32646 29926 29800 29801 29887 32649 8425 29803 8430 29873 8390 32657 29853 29854 32659 32702 29855 8394 8395 29815 29777 8400 29778 29779 29822 29780 29781 8408 29872 29957 29788 8411 29874 29789 8412
