ap 0
hp 376
 52991
ap 1
hp 377
 44859
ap 2
hp 93
t 53023 28885 31180 31011 70837 47844 52903 53159 31187 52778 49763 47214 66468 49681 52997 53168 53126 52914 52873 53171 52746 53001 53043 52748 50411 50369 52835 50582 52922 28869 52925 52926 49443 50250 52894 47107 30829 52888 53101 47491 31598 29601 30239 29602 47113 53020 47114
ap 3
hp 36
t 26238 45825 26716 66263 45397 45455
ap 4
hp 378

ap 5
hp 89
t 28904 28906 29024 31404 28886 31170 28876 29078 28846 29030 29104 28903
ap 6
hp 379
 20431
ap 7
hp 150
t 2884 8813 1684 9144 2929 2345 2538 2941 32353 48759 1999 8673 25471
ap 8
hp 43
t 27820 27227 42867 27993 26549 26551 27232 43552 43722 27233 27913 43553 27999 27236 27066 27323 27834 27242 27328 43566 27332 27247 28013 27928 27333 26314 26910 27337 26488 27339 26064 26575 27340 26579 27345 42900 27350 27011 26928 27183 43589 42910 27356 27271 25911 43763 43768 43601 27200 27204 26526 27037 27207 27209 27210 27381 27213 27385 27215 26450 27388 27389 26201 27307 43542 26458 27225
hp 39
t 27226 27418 42953 42932 42847 44378 27251 42935 44104 43531 42937 28020 27829 27915 43599 44344 28024 44174 42114 26369 42115 28156 27243 26268
hp 47
t 26469 27831 42127 43557 26887 27749 27262
ap 9
hp 59
t 78226 59186 78236 79426 80532 79427 77899 79345 79176 79603 41866 78246 79693 41868 79439 77910 79357 57427 59467 79616 79786 79362 78172 80469 79621 79536 64236 79622 78009 79369 80816 77842 77929 79716 80567 80823 59151 79722 80573 79724 79640 77855 79641 79471 79642 62812 79304 79219 80834 77859 78288 79223 58738 77864 58995 79230 80845 79656 79231 77956 79657 58662 78467 79658 78468 59685 59431 79407 60284 78475 58844
hp 55
t 26293 24594 26380 26468 27489 25961 26050 27581 26052 24608 26053 26224 26310 25120 26056 26312 25122 26313 42973 26058 28014 25124 26059 26145 26146 26147 26318 25213 26233 26063 26234 26148 26745 26151 25982 25897 26237 25135 26070 24626 24627 28624 27435 24632 45712 24634 25909 26335 24636 26336 27101 26337 42827 26338 27446 27447 26258 26344 24644 25671 26182 25162 26183 25674 26185 25677 26187 26273 25679 26189 25935 26106 27128 26194 26195 26110 25943 26200
ap 10
hp 90
t 53660 35727 51239 56044 53793 53665 77424 53413 35096 56219 35098 53968 34886 53503 33019 54014 34889 54781 34891 75141 53871 34894 56145 77097 54360 32982 34896 70639 51218 53812 53770 33003 34902 53901 54071 53774 53860 34352 77661 35724 34355 32998 74989 53442 34360 53401 53784 51276 53870 33001 34361 34363 35086 53402 55996 53915 35725
ap 11
hp 161
t 2470 32220 24976 2558 32692 32310 2157 32035 24938 2943 24832 2500 2097 2267 48190 2949 2229 8264 48342 3037 25584 48918 32237 2701 48878
hp 155
t 8697 3045 2623 24639 2837 2414 2883 2331 2673 8582 2678 2936 2724 9057 2514 2429 8719 8762 9190 25596 3028 3242 1669 8767 1501 2308 2140 2866 26327 2315 12263 8396 2107
hp 156
t 7235 19810 7260
ap 12
hp 134
t 2238 25237 9234
ap 13
hp 163
t 8271 9589 8229 8225 9633 8912 9976 9551 9763 8914 9764 9806 9977 9765 9596 9978 9979 9597 2627 8578 8239 8920 8227 9260 9472 8922 8794 9008 9561 9264 8927 8928 8588 8717 8591 9781 8764 8807 8936 8937 8258 8939 8940 8218 2105 9581 9583 8903 9715 9245 8226 8907 9673
ap 14
hp 380
 57343
ap 15
hp 61
t 78311 78652 80735 59188 79589 64758 78318 59873 77893 77850 59874 78277 79509 77895 78278 79553 78194 59877 78280 59707 79385 78196 78284 59882 78202 78160 78501 78204 79395 79438 79269 79611 59679 60318 59141 60319 64739 78169 79360 78510 60236 78002 64743 78470 79363 79448 78216 78175 60328 77925 60161 78225
ap 16
hp 381
 16383
ap 17
hp 382
 73727
ap 18
hp 38
t 58761 58720 58806 57405 34668 58426 78275 57407 58470 58428 58768 60044 59875 58691 58735 58868 58061 35453 58845 59891 57682 6853 6556 58958 58661 57769 58876 81572 60407 58666 60412 60286 58544 60244 58673 58800 57357
hp 50
t 58081 57741 61227 58423 81800 58588 57406 81718 59193 57748 55199 58769 59876 59706 59197 58772 34123 59199 60306 59881 60391 60308 58948 35489 59884 34725 58355 81562 58783 38639 60316 58701 35327 58959 59724 34140 81230 57686 58962 14338 58964 81583 61354 57955 58550 58635 60165 60251 79291 57788 61359 58894 60339 57789 58725 58386 81762 57707 35268 81679 73974 58389 60260 57710 58731 58647 60348 60351 15046 58653 18023 58399 60270 59676 81097 58743 57555 60277 37752 15058 59004 59684 57900 59006 58668 58669 59264 78477 57568 58418 59184 40739
ap 19
hp 383
 40143
ap 20
hp 384
 61375
ap 21
hp 385
 32719
ap 22
hp 386
 78846
ap 23
hp 387
 73662
ap 24
hp 44
t 45077 27228 27058 27060 45336 46357 26127 62257 26727 27067 45683 27068 69485 27580 27241 26987 45773 43564 45689 45096 26737 26739 27508 46463 45105 45703 27601 46813 47879 27352 46136 43162 27353 45713 45714 27610 26683 46575 45470 26176 69272 47006 45561 27032 43267 48367 46837 27373 44201 45395 27630 45651 27632 69369 46845 26192 27383 27553 45828 27300 61726 45748 27646 45412 27222 45922 26628 27223 26629 27055
ap 25
hp 81
t 52046 51537 51708 50603 52134 51709 51624 50604 51710 51625 50860 70836 70156 50606 50605 50607 50862 50863 51969 50865 51971 51295 70000 51980 50624 50879 51986 51646 49182 50628 50883 50629 50630 50887 52078 51313 70694 51570 50550 51996 51656 51657 51997 50853 51574 50725 52003 51664 51665 51580 50816 51666 50561 51667 50562 51582 51498 49203 50563 50903 50904 51668 50819 50905 52009 52010 50906 51501 52011 52013 50908 50855 50910 50827 51508 51678 50829 51679 52019 52020 50748 50919 50920 50921 50837 50922 50839 50924 50584 51604 50925 50585 52200 50926 50586 52117 50927 50841 50843 50928 51696 50847 51697 50592 51698 51613 52124 51358 50595 50596 50852 50597 50599
ap 26
hp 388
 54076
ap 27
hp 62
t 57868 81457 57658 39001 58339 58340 39003 60340 58342 81802 38412 55328 39051 39052 78875 81681 74628 81598 38418 58351 74630 39015 81347 81177 39017 81561 39871 81013 74639 39024 39620 81399 57685 81061 58112 78938 57690 81449 38953 81368 81581 39039
hp 46
t 79524 58338 58349 81554 57724 79655 57693 81071 39071
hp 49
t 74603 57561 58976 79535 81565 73863 57831 57385 79486 77882 57622 81391 81221
ap 28
hp 79
t 52216 52217 70324 49159 52220 51711 52179 52221 52215 52222 70074 70797 50823 69863 70076 52185 70332 70248 70335 52147 50702 50747 51513 71065 71066 69664 69665 53902 69669 53733 70777 71203 69845 71417 52209 53399 52210 70316 51532 52171 70106 52001 52044 69639
hp 83
t 54086 71088 77550 53411 70922 77043 71094 74834 52054 53415 70925 74836 34885 70926 70077 70927 52058 53418 53252 53255 34897 52069 77739 34900 52071 53775 53265 53947 77749 53949 34911 53444 70616 77588 77081 53284 77595 77084 53458 34929 53460 34930 77431 34932 77434 77775 77436 77272 34944 34945 53816 53308 34948 77280 53820 53310 77281 77790 34951 77283 70994 70995 70996 53317 34957 34959 57230 35130 53320 70321 77461 77462 77123 53495 77295 77806 71008 77468 71010 72370 71011 70842 70671 34971 70844 70334 55716 71017 53337 53338 71018 69999 54870 77482 34984 34985 71028 53521 53351 77662 52163 53357 56248 53358 71038 53869 53359 77671 35171 51496 51502 77513 77514 77521 53382 77693 53895 53388 51703 53389 53561 54072 32992 53392 71416 53397 53398 51700 53400 52041 52042 53403
hp 85
t 30839 66073 31096 31734 31097 31564 47842 30842 66373 31523 31566 73217 30972 31524 31101 47548 72879 30761 31229 28893 66039 47980 49510 66002 47174 66045 31111 30773 47351 47181 66052 67116 47183 73280 30781 47232 49997 47108 49743 53015 66405 31003 31513 48089 47325 47326
ap 29
hp 45
t 22720 77886 78144 22895 64885 60382 78319 59534 60384 41856 59536 78663 59625 59627 64728 59458 80711 59461 78756 57763 63375 60401 59640 78001 59304 78005 78090 61006 78008 58798 78010 78011 79626 78183 59398 78015 64841 60337 79802 60338 65269 59149 81675 59235 80485 80740 22602 78279 60006 79386 79387 78282 79303 78199 41736 80755 59251 61121 78207 79398 60189 79061 78296 78466 59682 59428 78299 77876 80512 59604 78219 80684 78308
hp 48
t 43291 43737 27631 27379 66098 43765 27063 27170 43544 45726 69464 43073 43712 26414 43393 45711 43522 43268 68875
ap 30
hp 157
t 8812 8933 8947 8934
hp 153
t 6955 6785 7296 6616 6658 18518 6745 5385 18263 6066 7341 7300 7215 6620 6068 6623 18948 6071 5434 6667 37566 6924 5776 6925 6670 7309 5396 6076 6034 40757 7311 6635 19470 6636 6891 8166 17092 6596 6979 7319 6639 19816 19647 6855 6092 14763 7284 6731 6520 18972 5755 18378 18125 6608 6735 6778 7204 6610 6612
hp 53
t 21020 21194 17030 7340 59192 7003 7005 6583 12703 12023 15851 15852 16024 7014 20870 19595 4638 6764 5405 6765 6085 6681 5237 6937 21048 6950 19106 18001 6781 21741 20468 6018 6954 21744 20215 7040 6957 6959 21069 21751 16566 21071 7047 5688 5945 7053 19805 6633 21083 19129 20917 6807 6808 17860 4515 7067 6643 6987 20927 6647 7157 4863 24332 12689
ap 31
hp 389
 65422
ap 32
hp 390
 56590
ap 33
hp 391
 20463
ap 34
hp 392
 24575
ap 35
hp 187
t 44821 42914 42873 44148 42874 44192 44235 44107 44236 42919 44151 44237 44365 44195 44238 44111 44154 27920 44198 44156 44496 44114 44157 44158 44286 44116 27159 44117 44718 28356 43530 44125 45033 27212 44127 28320 44852 45023 44522 44514 28365 28280 28323 44389 44900 28283 44815 44816 42948 42949 42864 44735 44310 42865
hp 84
t 69641 71256 35090 70620 77251 69941 69644 52219 71176 34966 69861 69903 70839 51247 71395 69654 71101 69657 34892 69658 70636 71234 51301 77141 71236 34943 70984 77033 71411 35160 52032 69670 71201 71073 77620 71204 71375 34826 71418 69676 69889 51699 77753 71124 71336 69637 69894
hp 64
t 887 20725 44897 28366 44144 26539 44814 44979
hp 354
t 74310 74325
hp 226
t 58516 59376
hp 181
t 28671 25866 25781 28332 25867 25782 28333 25868 27994 25871 25872 28507 26042 28338 25787 26043 25788 27745 25964 28599 28004 28514 25880 25965 28005 25967 28602 27837 25883 28611 25811 25813 26495 28621 25820 28626 28627 25822 25142 28288 28289 27779 28635 25918 25748 25751 26608 25843 25758 25929 28309 25759 28310 26439 27800 28311 28313 28143 28314 28315 28316 28317 27807 28318 27978 28319 25856 28322 25858 25860 27815 28327 25862 28157 25863 28158 25864 28330
hp 339
t 24426 23944 6918
hp 273
t 41506 42018 41679 41510 42359 42020 42360 42361 23152 41346 42027 41348 41349 42029 41350 22990 41690 42031 41352 41013 41353 42033 42034 41354 41015 42035 42376 41696 41017 41357 41698 41018 41358 41359 23170 23169 41360 42040 42039 41361 23172 42381 41362 23173 42722 41703 22323 41702 41364 42384 41704 41705 41365 23176 41366 42386 22326 41707 22327 23178 41708 42388 23179 23177 42387 42728 42050 42390 42389 42731 41711 41371 41372 22332 42391 41373 41544 41374 42734 41205 41375 23186 42396 23187 62628 42399 41380 42400 42232 41382 65525 42405 41387 23199 62639 41389 42410 41392 41393 41394 41395 41396 42416 41397 41398 22529 41399 41400 41401 41402 22533 41404 41405 24406 41407 23218 23050 24411 23225 22549 22379 42612 42617 22899 41113 41114 22929 41367 22597 22940 22941 40967 40970 40972 42332 41142 40973 40974 22955 41706 41145 41147 42385 40979 23175 65292 22324 22964 23136 65296 41667 41328 41019 23138 40991 42011 22975
hp 304
t 59164 60208 60231 60040 58872 59021 58873 59171 60404 60214 60406 58877 59897 59878 58858 59049 77877 59880 60411 58690 59202 6566 59160 59163
hp 324
t 75591 77036 75676 75592 75677 76868 75593 75594 75595 75085 75680 76871 75256 75681 75596 75086 77042 75682 70073 75683 75597 75598 75684 75599 75600 75685 77045 75601 75686 75602 77047 75687 75603 75691 69827 75692 75693 75694 76295 76465 75700 71196 75701 71197 75703 76300 76980 76385 75705 76301 76386 76302 76387 75708 76389 76390 76393 69849 76992 75037 76993 69854 76994 69855 76995 75636 75637 76998 75553 75639 75640 75641 75046 75642 77002 75643 75644 77005 75645 75646 75647 76922 77007 69868 69870 77018 77020 77021 77022 75664 69887 75669 77032 77034 75589 75590
hp 97
t 57400 57783 57614 60249 57359 57743 81543 57701 57786 57746 57364 57747 57790 60383 81719 57791 57452 58815 57711 57586 58692 58652 60267 57382 57601 57728 57516 60279 57729 57389 57347 57390 57431 57603 57475 57350 57733 57436 58671 60375 57609 58416 57736 57354 57781 57696 57739
hp 340
t 47626 46098 46524 46100 46440 46784 46787 46447 46363 46704 46789 46705 47895 45686 46110 46791 46111 47557 47558 46369 47899 46710 46881 46796 46797 46713 45694 46884 46715 46120 46121 45782 46974 46806 45107 46893 47573 45788 46468 47574 45875 45790 46727 45796 47582 46741 47592 46828 45808 46829 45811 46749 47600 46751 46581 46583 46924 46586 46587 46418 46588 46419 46589 46930 46761 46763 47443 46426 46851 46429 46431 46348 46519
hp 314
t 74657
hp 176
t 26632 27355 62375 26633 27016 26635 26636 27019 69179 27061 26808 43554 43598 27024 43769 27025 27026 62386 27027 27069 27028 27029 27071 27030 27031 69149 27330 27033 26734 27331 27034 69150 26652 27036 27334 27378 27038 27039 62357 69160 69171 27044 26788 43535 27046 27387 27047 43752 27348 26626 69168 27052 27349 27053 27351 27054 43630
hp 302
t 80182 80736 80355 80358 80535 80579 80622 80027 72548 77903 80538 80496 80582 80583 80031 76165 76336 80586 76166 80501 80333 80503 80334 80292 80547 72516 80506 80549 76129 80507 80550 76215 80508 80551 76131 76176 80554 76177 76220 80302 80600 76223 80303 76180 79966 64241 79967
hp 326
t 23147 60976 21628 23160 23161 23163 22993 23335 22316 24447 22330 42052 42224 23184 22337 22934 42229 23189 42060 23191 23278 42403 23194 23196 24387 23198 44448 22944 23200 23201 23204 23205 23120 23036 23208 44968 22954 23209 23210 23211 21427 24402 23213 21768 22363 22279 23130 23216 23217 23133 23219 22369 22285 23135 22286 23221 22371 23222 23137 22287 22374 21695 23226 41501 23228 42098 23144 21615
hp 100
t 80860 63522 80862 71854 80524 80187 75940 80361 80364 80024 80365 71952 80368 71953 80029 80199 71955 80714 80205 80716 80291 80036 80717 80038 80464 80890 80805 80722 64232 80383 80214 80809 79874 80301 79961 80473 79881 80052 79375 80311 71984 71815 72665 71816 71987 72668 72669 71820 72670 80577 80578 80750 71825 76500 76160 71827 71997 79988 80498 80669 76164 80075 80670 72680 80840 80500 80841 80162 80502 79314 72684 80676 80336 76171 75832 80859 80252 76173 76174 80689 80767 76179 76519 80345 80601 76181 80349 80519
hp 105
t 76526 76356 71174 76530 76532 72622 76363 76368 76369 76370 76541 76371 76372 76543 76373 76289 76375 71362 76377 76293 75783 76379 76210 75785 76380 76381 76212 76213 76353 75534 75875 76472 76388 75539 76221 76391 72653 76394 72654 76396 76313 76398 76399 76318 76488 76489 76407 76324 76496 76497 76498 76413 76499 76414 76415 76501 76502 76503 76419 76505 76506 76507 76508 76511 75666 72697 76354 76269 76524
hp 80
t 50091 49496 30967 49497 50093 49498 49925 49500 49587 47294 30974 31148 47128 73226 49513 73316 30734 31074 31159 73236 66351 50032 30227 49864 49440 50120 50122 50037 49442 50038 31593 49444 49445 49446 31001 50041 48086 49447 50131 50046 50047 49453 49454 49455 73258 30929 48101 47251 31526 30337 47168 47171 47173 66469 48025 47175 49474 47179 49475 47182 66394 30780 66395 47356 49991 49566 50164 49994 47529 50165 49485 47190 50166 47191 50167 47193 50084 50169 47194 47534 47109 47535 47195 50170 50171 47111 50001 50172 31048 50173 50175
hp 227
t 23220 59320
hp 274
t 64966 59527 59697 59698 59699 80780 64971 64801 59532 64802 59533 59703 64974 64806 64977 64978 41859 64980 59710 64981 64982 60392 60393 64985 64647 77908 78080 77911 78081 78082 78083 78085 78089 78602 78092 59392 78093 59736 64839 65010 65012 65522 65013 65182 65014 64844 65015 59405 65016 65018 65188 65019 65020 65191 65022 65192 65023 65024 65025 65026 65196 65028 65198 65029 78289 65199 78290 59418 77949 78291 78292 78293 77953 65203 59424 65035 59425 59426 65039 59599 78300 78640 65041 78301 77961 65042 59602 78303 65044 78645 59605 78646 59607 78647 78648 59438 78479 78310 77970 78651 77971 59612 78313 59613 78143 78314 59614 59615 78315 65056 59616 59617 59618 59619 59620 22561 65062 77982 59623 59795 59626 59456 59628 78161 59632 78164 78165 65076 59636 78166 59466 59637 78167 59469 65080 78680 78170 64741 59471 65084 59474 59645 59475 78006 59476 59647 65087 59479 59650 78180 78012 78014 78697 78188 41128 78189 78191 78193 59494 59668 59498 59669 41144 78205 65116 78206 79397 59677 65118 78038 65135 65122 78722 65124 78044 65125 65126 65127 65128 65129 65130 64960 65131 59520 64961 78732 64962 59522 78734 64964 78735
hp 272
t 42019 42023 42026 42028 22648 42030 41351 41012 41864 41014 41865 41356 41867 41697 42380 41873 41363 41875 42051 41883 41384 22688 41728 22689 22690 22691 42072 41903 59243 41735 22528 22698 41740 41911 22531 41741 41912 22701 22702 41403 59423 41914 41743 22534 41915 22535 41916 60616 41406 22537 22538 22878 41918 59429 22710 65211 22713 42094 23227 22721 22722 22553 22723 22724 22555 22725 22726 22727 22562 23242 22732 41432 22563 22733 22564 22734 22565 23245 22735 22567 59290 22571 22572 22742 22573 59803 22574 22744 22575 41448 22749 59470 41790 22751 22923 22593 22594 22595 59316 22766 22768 22942 22772 22604 22605 22606 22946 22776 41987 22607 22778 59499 22781 22952 41824 41825 41827 23127 22960 41830 22961 41831 42002 22962 22963 41833 42005 22965 42006 42007 22967 41837 42008 41838 42009 22969 22799 42010 22798 22970 22972 42012 22973 65134 23145
hp 165
t 26206 26376 27569 27570 27571 27573 26544 27575 26215 25705 43556 27576 26216 26218 27238 26898 26220 27750 26221 26051 26222 27751 26732 26223 27583 27752 27753 26054 26225 26735 27755 26227 26567 27421 27592 27762 27423 27424 26235 27425 27426 26066 27427 26068 26069 26071 26072 26243 26073 26074 27438 27100 27442 27103 27784 26255 27445 25920 26940 27450 27622 26092 25923 27624 26264 25925 26606 25927 27458 26949 25930 27460 27120 27461 27121 27463 26103 27123 27125 27465 26276 27126 26277 27805 27467 26278 26108 27468 27639 26109 27469 26279 27470 26281 26280 27131 27471 26111 26112 26283 27641 27642 26284 25944 26114 26285 27475 26286 26455 26795 25947 26287 27309 27311 26631 26122 26973 26634 27149 26981 27151 27662 26471 27832 26642 27835 27505 26485 27344 45705 27518 27519 28541 26685 26686 27374 27382 27552 26199 27050 26202 26204 26205
hp 111
t 79076 78227 77887 79587 78228 79079 78230 78910 60380 59190 78231 78486 57408 78489 57409 57410 78490 57412 57413 78239 78494 57585 57414 57415 78241 78497 57588 78243 57589 60224 57759 57590 78499 57421 78503 57594 57424 78251 78506 60232 59894 57344 60320 57345 78511 57688 78174 78855 57353 78434 78351 78267 78269 78439 78274 57365 78276 77852 57368 57454 57369 57370 57371 78285 78200 78286 78287 78203 57380 77867 78209 60276 79063 77873 77875 57391 60282 78472 77879 60285 78392 60372 77883 78224 77885
hp 96
t 79586 80478 79205 79590 79591 79209 79295 79254 79256 79302 79175 79770 79261 79218 79348 79263 80454 79562 79308 79313 79271 79483 79186 79272 79274 79614 79700 57472 79661 77878 79238 79196 79282 79197 79283 79284 79582 79285 79795 78861 79584 79287
hp 185
t 25100 25101 196 197 25105 25957 25958 203 25109 25960 25112 25198 25113 208 25114 25115 25711 25121 2937 2939 1666 3027 26062 2944 2945 25132 2947 25133 25134 2950 26326 2951 2954 2955 1595 1596 2960 1688 2963 193 2968 2970 2971 25668 2888 84 25841 2977 89 25165 2981 25847 25098 25849 26275 25850 25851 2986 25937 25258 25088 2988 25259 25089 2989 25175 25090 25091 2991 25092 25178 25093 25094 25095 25097 2998 24844
hp 303
t 79926 72575 72659 71257 71980 71258 72661 76487 72662 76360 72663 76531 76533 72666 72667 76537 72674 69742 72675 76161 72676 72677 72381 71276 72679 71277 72554 71279 72682 76170 72643 75619 76512 72687 72518 76513 76172 76515 72648 80044 72649 76517 76518 71249 71250 72694 76521 76480 76523 72656 72573
hp 68
t 21274 876 21277 44909 21365 4960 21280 21367 20602 968 800 28340 970 28341 801 971 20862 802 632 5053 20948 20525 465 21291 28262 892 468 808 893 978 469 894 5059 21297 21298 815 816 21301 20508 987 902 478 479 904 480 5070 905 906 20968 20884 21311 914 490 915 491 5081 832 917 833 578 834 4999 495 835 5000 836 5001 837 5002 838 498 328 839 840 841 501 842 20817 502 927 20902 44703 843 844 845 1015 506 335 847 507 337 510 850 1020 853 855 346 858 20493 859 860 20921 21261 946 5026 20922 5027 948 949 951 868 20674 955 44986 871 873 28328 958 959
hp 344
t 21568 20522 21575 21592 44983
hp 166
t 2979 26057 25125 26060 25168 25127 25192 1732 27444 2987 2966 26214 26193 2967 25791 25197 25753 25116 25669 25945 25928 25163 25865
hp 290
t 67734 67735 67902
hp 175
t 27140 27949 27141 27206 26718 26421 28359 27255 27234 26554 26724 27787 26555 28064 28065 28023 26643 27918 27217 28088 28027 26730 27369 27965 28029 27989 27904 27798 26673
hp 186
t 27906 28076 27908 27909 27952 27824 28080 27911 27827 27828 28254 27914 27744 27916 28002 27917 21372 28003 27833 28261 27836 28347 849 28015 27761 26534 28067 27813 28281 28070 27818 28075
hp 341
t 46351 46099 46526 46952 46527 46276 45767 45684 45685 46960 46961 45687 46962 46963 46964 45690 46370 46965 46880 45693 46885 49011 46886 47057 45783 46379 46975 46976 46891 46382 46895 46130 46729 46220 48433 46144 46400 45812 46918 46409 47004 47005 46580 46582 46923 47096 46928 47099 45739 47014 46929 47100 46505 46336 46932 47018 46933 47019 46934 46939 46514 46430 46515 46941 49067 46942 46433 46943 46350
hp 164
t 27568 26381 26552 26382 26553 27235 43555 27070 27584 27245 27415 27246 27248 27249 27250 27420 27422 27254 43745 27256 27086 27257 27258 27598 27428 27259 42899 27429 27430 27261 27431 25902 27432 27434 26075 27436 27437 42908 27439 43760 27441 43761 43592 27443 43597 43771 42922 27456 27457 26778 27629 27292 27462 27122 27293 27294 27124 27295 27636 27296 27297 25939 27299 27301 27302 27472 27303 27473 27304 27474 27305 27645 27306 27476 27647 26117 27137 27477 27478 27138 27479 27312 27482 27313 27483 27314 26974 27484 27315 26464 27485 26465 26976 27486 26466 26977 27487 27318 26467 27148 26979 27320 26980 27150 27321 26470 26982 26984 26474 26985 27495 26475 27496 27497 27498 27329 27499 26479 26992 26993 26994 27335 26995 27506 27507 27338 26998 27000 27341 27001 27171 27342 27002 27343 27003 45704 27346 27347 27359 27365 27540 27035 27205 27376 27208 27548 26019 27380 27040 27041 27211 27042 27043 27384 27214 27045 27555 27386 27557 27219 27390 27560 27391 27051 27224
hp 260
t 59473 22552 59495 22945 59635 22554 22937 22915 22918 59436 59415 22951 59323
hp 228
t 81500 39000 81544 39089 81547 81411 81591 39093 58306 58348 55374 55545 57628 58350 81431 73866 57717 57675 81519 39019 39020 81563 39023 57639 58151 57646 57604 80979 58327 58328 58330 75204 57779 58332 57355 75206
hp 168
t 25780 28331 112 25952 27653 25953 25954 25869 25784 28079 27910 27230 25956 199 25785 27912 25873 25959 25789 28424 27830 28426 122 25778 28438 25810 26491 25812 25734 28625 25821 43587 25823 28290 28291 158 28294 160 25746 28298 25749 25750 25752 28304 25754 25755 171 27796 25756 27797 25757 27801 28312 25768 27809 25855 28490 28492 25772 25773 27814 28325 27985 25946 28326 25777 194 27817 25779
hp 107
t 76527 79931 79424 79428 79430 79432 79437 76209 72640 80801 80803 79446 71967 79449 79455 80476 80817 79459 80821 80822 79463 80824 79465 80827 80151 80322 80663 80325 80666 79987 80668 80158 79989 80332 80505 80165 80848 80509 80850 80341 80172 80683 80003 80004 80515 79327 80347 80517 79668 80518 80520 80691 80692 80523 79674 79676 80016 79506 79677 80356 79678 80528 80359 80529 79340 80531 80023 80533 80534 80366 80536 80367 80537 80539 79519 80542 80544 80545 79356 80546 80548 79188 79534 80555 79875 80046 80556 79537 80557 79709 80559 79372 79882 80733 80565 64245 79547 80738 80741 80742 80572 80063 80744 80745 80746 80576 80747 80748 80749 80580 80581 79561 80753 79563 80243 75824 80585 77865 80588 80759 80248 79569 79229 80589 80590 79570 80591 80764 80594 80595 80261 76525
hp 331
t 22896 23206
hp 298
t 63512 63510
hp 301
t 72106 72107 72026 71686 72112 72113 72028 72199 72114 71688 71604 72115 71689 80785 72116 67780 71690 71691 67782 72032 72033 71268 71270 71950 71696 72036 67702 63537 71612 72123 72038 72124 72039 67790 72125 72040 72126 72041 72127 72043 67709 80884 71704 71705 71960 72045 72046 71706 80207 71707 72218 67799 80719 71965 72051 67802 80892 67719 71714 72309 80300 71374 72310 71716 72311 72396 72397 72399 72314 72315 71551 80309 71725 67733 79893 72082 72084 72085 72001 72087 71747 67754 72004 71835 79996 72092 64187 72093 71839 72094 72095 71757 71928 72097 72098 72353 71929 72099 72100 80855 72101 72102 72103 72104 72105
hp 106
t 79671 80351 80521 79672 80522 79335 76191 79679 80530 79429 79600 79601 79431 79602 79347 79433 79604 79434 79605 79265 79435 79606 80541 79436 79607 80372 80713 80543 79609 79610 80376 79612 79613 76214 79444 79615 76216 79617 80552 79447 79618 80553 79619 79620 80386 79451 79452 79453 79624 79625 80560 80561 80732 79627 79713 80563 79714 80564 79715 79632 79633 80568 79634 79464 79635 79550 79636 79637 80743 79638 79639 79299 80574 80320 80660 79725 80321 80575 79726 80662 79556 79727 79643 80323 79558 79644 80324 79645 79646 80326 79647 80497 80499 80330 80163 79484 79485 79571 79572 79573 79574 80511 80342 80343 80344 79666 80346 76182 80348 79583
hp 216
t 496 330 466 509
hp 264
t 65391 65480 43977 65482 62848 65483 43895 42707 65488 41009 65405 43730 65406 65491 41011 41699 41021 43318 41111 42729 42560 41116 41117 41118 41119 65347 41122 65349 41124 65350 61440 41126 65352 41127 65353 43848 69348 65355 62210 41131 42577 41132 42578 41133 42748 41134 40965 65530 42581 41136 65362 42497 65532 42583 42498 65533 65364 41138 65534 65365 41139 65280 42586 65281 41056 42587 65282 41057 65368 42588 65369 43524 41059 42590 40975 41060 42591 65285 41061 42592 65287 41062 42593 40978 42508 42594 62314 42509 42595 42510 65290 42596 65291 42597 65377 41067 65378 43872 43873 42599 65379 65293 62320 43960 42600 43961 42601 65294 42602 43875 43963 62323 65383 62324 43878 63174 42605 42606 43882 41077 42609 65304 65390
hp 265
t 62247 43718 43378 42698 43890 41000 61911 43891 62251 43892 62252 62253 43723 62254 62256 62086 43728 43729 62261 43903 62263 26733 43394 62265 62266 41016 43567 62096 42037 42717 62268 42718 62269 42719 43739 61932 62272 41022 61933 41023 62275 62276 62277 62278 61939 62279 62280 42562 62284 43585 43586 42736 42568 43588 42738 42569 62288 43419 42570 42739 42740 43591 42571 62120 62289 62291 43762 62294 43596 42576 62297 43767 62298 62299 42579 42749 43770 41390 42582 43772 43773 43944 42584 42585 43605 43775 41058 62310 62311 62141 43952 43953 41063 62143 41065 62316 62317 43957 62147 42598 43788 43790 62321 43962 69123 43964 62494 42607 62327 62332 43802 42613 62335 62505 43297 41095 43986 43646 43136 43987 43138 43989 43991 43141 43992 69153 43313 43994 43995 61845 43996 43826 43998 43149 43320 43150 43321 43151 44002 43323 44005 61855 44006 62368 44010 62374 41125 61865 62208 27188 62209 41129 41130 62381 62211 41135 27195 61875 41137 40968 43858 40969 43859 44030 62219 42500 40971 43860 43861 62220 43182 42503 62223 43864 62224 62225 40976 62226 65286 40977 43868 65288 62228 62229 65289 43869 62230 43870 43189 42511 43871 40980 62232 40981 42681 62231 62233 43874 43365 62234 65295 62236 43877 62237 62238 40989 69209 43879 40990 62239 62410 43881 43713 43374 43715 62245
hp 180
t 26547 26462 25783 28334 27823 26550 25786 25962 26472 26473 26048 28515 26476 26477 27923 27838 27413 26478 27839 26480 26481 26483 26486 26573 25128 26574 26489 26490 25131 24962 26067 28109 25736 25919 25154 28130 25922 28303 27794 25670 25840 27795 25842 28308 25844 27799 28055 25845 25931 25846 28141 27802 27973 27804 25936 25852 27810 25941 26536 25771 25942 27812 25861 28329 26545
hp 254
t 62283 23197 62303 21774
hp 103
t 79246 79290 79588 79208 79296 79767 79344 79599 79216 79217 79728 79557 79346 79729 79262 79730 79772 79815 81091 79773 79349 79307 79222 79774 79817 79818 79819 79735 79820 79863 77866 79737 79652 79738 79185 79568 79740 79187 79358 79273 79315 79359 79741 79232 79233 79785 79659 79745 79660 79575 79787 79237 79577 57478 79580 79198 81070 79710 79328 78309
hp 270
t 62757 62758 65478 65139 79419 64800 62760 65141 63101 79422 63102 62762 64803 63445 65146 80786 65147 80787 62767 80788 78072 65492 78073 65493 62773 78074 65494 62774 78075 65495 65156 80796 64136 63457 80797 63458 80798 65498 80799 65499 63460 62780 65500 63461 65501 62781 65502 63463 62783 62784 63467 80808 80810 62790 65511 64151 63472 63473 62793 65514 62794 65175 63475 78095 65516 65517 62797 80818 65518 80819 65519 63480 65180 64840 80820 62800 65520 65521 65523 62803 64163 64845 64846 65186 64847 63148 65189 80829 65529 63490 65190 80830 63150 80831 62811 63493 65193 65194 63495 65195 65535 63496 63836 62816 62476 62817 62818 62819 63500 64860 63502 62822 63503 65204 64525 62825 62827 80847 63850 63170 63171 64872 63172 63173 64874 61474 63175 62835 64877 63177 64879 63179 71680 64881 64882 63183 62844 62845 62846 64888 65228 65230 62510 62851 65232 64894 62864 62865 61507 62868 63889 64229 62869 63550 63890 64230 63891 62870 61511 62872 63893 62873 62874 62875 62876 64917 63898 65258 62878 62879 64239 62880 63901 62883 62886 64928 62888 41809 62889 64249 62890 63911 65271 62891 64251 62892 63232 65273 62893 64934 62894 63576 64936 62896 64939 62899 62900 62901 62902 64944 65284 62904 63585 64945 62907 63588 64950 62911 62571 63932 63933 63934 62919 62580 62921 62922 63264 63268 62931 62592 62593 62594 64975 62595 77897 77898 64979 62600 64640 65323 62603 77904 77906 64988 77909 62609 64650 62610 62611 64651 62613 62614 62615 62616 62617 62957 62618 64658 62619 62620 62623 63309 65017 62637 62638 62640 62642 62643 62644 62645 62646 62647 62648 62649 62650 62652 62653 62654 62655 65051 65407 67792 78000 79361 63043 79364 63045 79365 64746 79366 79368 79370 64071 80734 79377 64078 79381 62721 79382 79383 79384 62725 63748 67828 79388 62729 62730 62731 79392 80752 62732 79393 62733 78033 80754 62734 80756 79396 62736 65117 80757 62737 80758 62738 65119 62739 65120 62741 80761 78041 62742 78043 64784 79404 79405 64785 79406 78048 62748 78050 62750 63430 62751 65472 65132 62752 65133 65475
hp 248
t 60982 23938 18626 24301 24094 37775
hp 171
t 63178 27017 45113 26641
hp 188
t 46268 47884 45505 45760 45762 45763 46359 45764 45680 45765 45766 69482 46108 45429 45515 45430 46790 46707 45857 46708 45688 47048 45519 46794 45774 45435 46795 45775 46711 47987 46372 46882 46373 46374 45524 46375 46800 46716 66096 45781 46719 45784 46380 45785 45787 47487 47913 47064 45535 46131 45453 69509 46899 45794 46390 66111 45456 46477 46396 69431 45546 45802 45803 45465 45805 45466 45806 47082 45467 46827 45810 45556 45472 46408 45728 45473 46920 45475 46835 45731 46921 45477 45733 45478 47094 45479 46415 45821 47097 45822 46673 47098 46760 46590 45485 47101 46591 45486 45742 45487 47103 46339 46169 46171 46343 46513 46089 46769 46770 46771 46516 46687
hp 234
t 58655 58667 58763 58670 58639 58524 58663 58665
hp 69
t 44907 42189 28249 20599 44229 20600 42871 44231 20601 42191 882 28253 884 42875 44915 885 42876 44917 44921 44925 895 44926 44927 28111 20634 20641 42912 20642 20643 42064 42915 20645 42916 20646 42066 42918 20652 20653 20656 42928 44970 44971 44976 44978 44808 44809 44810 44982 44984 44985 42945 42946 44987 42947 42777 20679 42950 44820 42951 42102 44822 20684 44995 20686 44997 42107 44998 42958 20687 42959 45000 45001 45002 42112 45003 42113 45004 44835 42116 45008 28351 44161 28012 44162 44163 45014 44164 45015 42125 42126 45017 44167 45018 44848 42979 45019 45020 28021 44341 44851 45022 44512 42133 45024 28364 44854 28025 45025 44345 44175 45026 44346 44347 45027 42135 28028 28367 44858 44518 42137 42139 45030 42990 44520 45031 42140 44862 44863 44523 44184 45035 42144 44185 44696 45037 45039 20560 42150 42153 44193 42154 44536 44882 44883 44885 26525 42166 44206 43532 44893 44513 44894 28066 44896 44898 20589 44899 44901 44902 20593 44905
hp 78
t 72871 72786 72872 72957 72873 49243 72958 70918 72874 70919 70665 70920 72876 71006 71601 72878 70924 72880 66336 49338 71013 70845 71100 66340 72970 70931 72805 65665 70935 49261 71618 66350 73321 71027 73240 72816 72818 50888 72904 50124 72820 72822 73254 72830 65779 72834 73259 73600 72835 73262 71652 70973 47259 66391 45906 71661 49392 71662 73022 71663 72858 49398 73627 72862 70993 45239 72950 72865 72866 49321 72869 50770
hp 110
t 78948 78863 77845 78951 79228 79593 79275 79594 79276 79595 79255 77853 79596 79277 79554 79597 79257 79555 79598 79258 79235 79278 79576 79279 79260 79236 79578 79579 79581 79220 79199
hp 182
t 24591 24846 2980 24614 25188 25167 24638 24596 25999 1555 24619 25129 26149 2861 120 25153 26346 1589 24647 25986 2972 26349 24650 26329 1488 24654 24630 26311 2978 24845
hp 113
t 81033 81203 81035 80433 80443 81040 81041 81042 79852 81212 81213 81044 81214 81045 80960 81215 81130 80961 81046 81047 80962 80963 81049 81134 80965 81051 80966 80968 80969 80970 81140 80971 81143 80976 80977 81912 80978 81148 81064 81149 81150 81066 81067 80982 80984 81750 80986 81156 80902 81163 79808 81168 81169 81170 81171 81173 81089 81174 81856 81092 76673 81008 81178 81098 81105 81106 81021 81107 80429 81024 81025 80941 80942 81113 80943 80434 81199 81030
hp 102
t 81371 57656 57487 58336 57657 58337 57488 81032 57489 81542 57659 81882 81545 57491 58341 57493 78233 57663 58343 57494 81548 58345 57411 58346 81892 58347 81043 57499 81725 81555 81557 81217 81560 57591 81903 81054 81059 57602 81063 57518 57348 81574 57605 81065 57606 81151 57607 81069 57610 57611 57356 81582 57697 57613 57784 57699 80990 57785 57700 57616 57617 81672 57702 57618 57703 57619 57449 57620 57621 57366 57539 81682 81088 81345 57545 57631 57653 81516 81093 57548 81094 81009 81349 81010 81096 81011 81012 81099 81188 81104 81114 81701 81276 57477 79832 81023 57648 57649 57479 79834 57650 81110 57480 57481 81536 57652 57482 81537 57483 57654 81369 57484 57655 57485
hp 235
t 18572
hp 300
t 71937 71173 71344 72619 71259 71004 71260 71940 71685 71941 71261 71345 71942 71262 71687 71263 71007 71264 71180 72540 71265 71350 71181 71266 72117 71947 72118 71267 72543 72034 71269 72460 71355 71695 72121 72035 71951 71271 67787 72632 71273 71274 72634 71275 72384 72555 71280 71281 71367 71282 71253 72389 71284 71370 71285 71116 71030 71286 71117 72391 71287 71118 71031 71288 71372 71032 71289 71373 71033 71290 72393 71034 72651 71291 80895 71972 71036 71295 72658 71304 72678 71999 80077 71328 71329 71075 71331 71333 71334 71252 71337 71255 72530
hp 82
t 50940 49156 50856 50602 50773 31733 45838 69984 49499 69985 50861 49502 50778 69988 49163 50779 49592 70333 50784 50785 51976 51977 50788 50873 49684 49173 49174 50194 49175 50791 50536 52067 49494 50877 50794 49179 66435 50795 51985 50797 49187 49189 50040 50889 49190 50890 51995 49191 50722 45963 51998 49153 50554 50769 50388 50560 49713 51583 50735 70796 49206 49377 54902 51928 50230 50911 50913 50428 49894 52105 50150 73611 50916 49217 50408 50154 49899 51940 49561 49902 49223 50923 72855 50755 73622 72857 50587 49738 72860 50762 72863 69636 50767 50937 50768 50598 50429 50430
hp 177
t 66071 26717 26719 62336 45507 45509 45084 45424 69480 45510 45511 45851 69143 45513 45514 45856 45431 45516 45517 45432 45518 45433 69404 45434 26651 26736 45436 45097 26738 62355 45440 45526 46717 45527 69158 45530 69416 45446 69162 69163 46469 46812 69169 46818 46479 46480 45462 69434 45804 45550 46825 45976 45892 46489 45469 69185 69186 45388 45729 45474 45730 62309 45396 45481 45482 45398 45484 26785 26786 26787 69118 45829 26789 45405 26790 26624 48044 45836 45837 26714 45839 26630
hp 208
t 18322 18397 18388 18431 18250 19042 18190 18274 18191 18361 18362 18256
hp 65
t 28342 972 20671 718 21373 20631 477 27932 467 307 28337 21198 1021 28296
hp 209
t 14582 40742 40753 16528 16635 17326 34497 14533 16629 16630 33673 33154 40729
hp 169
t 280 960 366 367 184 200 371 31 28423 28425 36 28428 28429 128 28350 48 134 50 51 52 139 141 28450 62 572 63 321 152 67 322 323 664 28630 325 28292 1007 28293 159 28295 1010 671 28297 28299 28300 28301 28471 28473 28133 169 28474 28475 257 28477 28478 174 259 28479 5 516 178 433 348 94 180 181 96 436 266 437 182 607 438 98 268 99 352 269 440 183 270 101 441 271 185 355 186 187 357 358 359 19 445 446 361 532 13 617 28668 363 618 28669 364 365
hp 268
t 22958 23155
hp 305
t 71192 72574 72553 76357 71239 71218 77024 75834 72541 72542 71246 72564 69866 69867 72633 71233 72635 71213
hp 262
t 63606 67687 63608 67688 63609 67689 63610 67690 63611 67355 67697 67698 63788 68549 67700 68552 67703 67708 67710 63632 67882 67884 63635 63636 68566 63637 67037 63807 68567 63639 63644 63645 63646 63647 63648 63649 63651 67904 63655 63656 63657 63659 67740 67742 63664 63665 63666 63667 63668 63669 63670 63671 63673 62993 63674 63675 67755 63676 63678 67928 63679 67929 67760 67930 67761 67931 67762 67833 67763 63855 68446 63686 67935 67771 63692 67772 67835 63693 63694 63695 72705 68116 67784 68464 72714 68465 67446 67617 67788 67789 67794 63034 67795 68136 71715 64407 64408 64409 64416 67648 64421 64422 67652 64423 67653 67824 63744 67654 63745 67485 67655 63746 67656 64427 67657 67658 67829 63749 67659 63750 64429 67660 63751 64431 67661 68171 67831 63582 63753 67662 67663 63754 67832 63584 63755 67664 67665 63756 67834 63586 63757 67666 63587 63758 67667 67668 67836 67837 63589 67669 63590 67670 63591 63762 67671 63592 67672 67332 63593 67673 67843 63594 67674 63595 67675 67676 67677 63768 67508 67678 63769 67679 63600 63601 63602 63603 63605
hp 189
t 26120 27609 27481 45716 26123 27572 26128 27617 45681 45682 26304 26134 26177 26178 26136 26179 26137 26180 24609 27517 26139 26353 24824 26186 46248 26359 27549 27464 26360 27550 25298 27551 27466 27595 26150 24664 26113 27644 27049 27602 26156 26328 27603 26115 26158 27604 26159 27606 27605 26157 27562 26118 27563 27607
hp 299
t 24314
hp 229
t 58084 57744 57575 58085 57363 58087 57705 58088 58047 58090 58049 57709 58050 58095 57670 58053 57714 57674 57378 57720 57764 57766 57681 57852 57853 57725 57683 57726 57684 57770 58068 57346 57730 58071 57774 58157 57818 58030 57352 57692 58203 57821 57820 57822 57780 57782
hp 231
t 71171 72532 71172 76869 75679 71175 72624 75775 72630 76542 71188 71189 76374 71190 76290 77055 71191 76292 72552 71193 76378 71194 71278 71195 69666 72641 71198 71199 75789 76303 69847 71207 71209 71210 71212 76397 71214 71215 74105 71216 76996 76999 75047 69864 69865 69869 77011 77013 77014 71235 77015 77187 75659 77019 71247 75668 69633 75671 77031 75672 72613 71168 75674 71169 71170
hp 263
t 64456 64457 67517 67348 67519 64283 64463 67014 67358 64468 67189 67191 63622 67362 64303 64474 68726 64477 64478 67370 67032 67373 68733 63634 67375 63128 62959 63130 64322 67383 64327 64329 67392 67393 64333 67394 63144 64335 62976 62977 67397 62978 64339 67060 62980 64340 67061 64341 62982 67062 67403 64344 68594 67405 64345 67575 67406 67067 62988 63158 62989 68769 67409 62990 67410 63160 62991 67411 67241 63161 62992 68433 64353 62994 64354 67245 62996 63165 61465 62997 63677 64356 62998 67418 61637 62999 67417 64358 67420 63001 67421 63002 67422 68102 63003 68103 64364 63005 67425 63007 64367 67427 68108 68278 67429 68109 67430 68110 67431 64371 67432 68112 67433 67093 68113 67435 61655 63016 67436 67437 67438 64380 64382 68803 67443 63025 68125 63026 68806 66936 68127 63028 63029 61669 63030 67450 62180 63032 63033 64394 68814 67455 67285 67456 61563 64396 64397 64398 64399 67459 67461 63041 61681 67462 67463 61683 64404 61514 67465 67466 67345 67467 63048 67468 67469 68149 67470 61520 62540 64412 68152 67472 61692 64413 68153 67474 68834 68154 68835 63054 68836 67476 63056 67477 67478 67479 65609 64420 67483 67484 63064 68675 67486 68166 64256 68847 67487 64257 68167 64428 64426 67489 64259 63070 68170 64260 61711 67492 67493 64433 64263 63074 64434 64265 67325 63076 64436 68517 64437 67497 64438 63078 64268 68688 64269 68520 67500 64440 67501 67331 64271 64442 63082 64443 67333 67504 67505 67506 63086 64446 63087 61557 67509 67341 67512 64453 67343 67344 63095 61565
hp 276
t 43322 65345
hp 269
t 24428
hp 174
t 43546 43547 43548 43549 42869 42956 44232 44234 43640 26895 26644 42880 43562 43732 43733 43734 43565 43735 43736 42888 43738 42889 26654 44225 26996 43743 43063 27169 43064 42896 43406 42897 43407 42898 43748 42901 42902 42903 26498 27178 42905 27180 43756 43416 42907 27354 42909 26675 43590 44100 42911 43421 27357 26678 43594 43766 42917 44194 44109 27194 42921 44196 27368 42923 27199 43774 42925 27370 43521 27201 42927 43608 43523 42929 42930 43526 27377 43613 43528 42934 43529 42938 42940 42941 43536 42856 42942 26962 43537 42857 43538 43539 43541 43628 43543 43545
hp 101
t 80861 80863 80865 80185 64208 71943 80870 71945 71946 80362 80872 63532 80873 71948 71865 72037 63538 71869 80879 71954 67705 71870 63540 80880 71956 63542 71958 80039 67800 80465 80041 80723 63808 79877 80477 71724 67815 71811 71727 71986 71817 71902 71818 71988 71989 71990 75816 71991 71822 72672 71992 71823 71993 72673 71824 71994 79984 71995 79986 71996 71998 80584 71915 72681 76167 72683 75830 63505 72685 76510 63506 80337 79999 63509 76175 80002 63683 71759 71931 63516 63517 63519
hp 335
t 69400 69427
hp 295
t 42036 22276 42614 42401 41020 41700 42003 42004 41515 42046 42430 41008 42032 23185 42608 42014 41355
hp 345
t 42100 42106 42101 42096 42103 42109 44920
hp 271
t 65136 63096 78057 63097 78058 65138 63098 78059 63099 79420 78060 78061 62761 79423 65143 78063 62763 64805 78065 65145 63106 63447 63107 63448 64808 78068 63449 65149 63108 63450 64128 63109 64811 62770 63452 64132 63453 64813 63113 63454 63455 64135 63456 65496 63118 63120 63121 63122 65503 65165 63465 64145 63466 63126 63127 63468 63469 63129 63470 64830 63471 63131 80811 65172 63132 63133 63474 64155 63135 64836 63476 63136 63477 65177 63478 62798 63479 62799 63481 65181 64842 63482 63483 64843 61783 63484 62804 62805 63145 62465 63826 61786 63147 61788 63828 80828 65528 62468 64850 62470 63831 63151 62471 63492 63152 64853 61454 64514 63154 64855 61455 63156 63837 63497 65197 63498 63838 63157 63839 63159 65200 63501 63843 63163 62483 62484 63164 64865 80773 65206 62486 63166 63507 64867 63167 63848 64868 63849 63169 64871 61471 62495 63856 63176 63857 61817 62837 63858 63859 63860 63180 63861 65221 63181 63862 63182 63863 64883 62843 63864 63865 65225 64886 63866 63867 65227 63868 61828 63869 64891 65231 61491 62512 63873 63533 62173 62513 62174 62177 62518 64899 64559 61500 65242 41102 65245 62867 63888 78168 64228 62529 62871 63892 22752 22753 63894 64574 62194 63895 61515 62195 22756 64916 62877 63899 63900 64920 61860 64580 62881 64581 63902 65262 62541 63903 64923 62882 63904 64582 64242 63905 62543 62884 65266 62885 62545 63907 64586 62887 64248 61528 79413 61529 63910 64250 62551 63912 63913 63233 63914 79414 63915 62895 63235 62556 63917 62897 63237 62898 79415 63920 61880 62560 63921 64941 63240 63922 61882 63241 63923 62561 64261 63924 64262 62563 63925 62903 62905 63926 62906 64266 63927 62908 62568 64608 64609 63248 63930 64610 61550 63931 64270 64611 62912 64953 64613 64954 64614 62914 63935 63254 62915 63936 64956 62916 62917 64617 63257 63938 62918 63258 64278 64619 63940 62920 64280 63941 61901 63943 62923 64624 63946 63266 62586 63947 61567 63267 63948 64968 63949 63269 63950 63951 63271 65313 64973 64634 64635 63276 63957 62937 63277 62597 62598 65319 62939 63279 41861 61921 62601 63281 63282 62262 64983 62602 64984 62944 64644 64645 62946 65328 41869 62949 62951 63291 64992 62612 64312 62953 62955 63297 64317 63298 62958 63300 41882 63302 63303 62963 62964 63305 62965 62966 63307 63308 62968 64670 62970 63311 62631 62632 64673 62634 64674 62975 65359 78054 64679 64680 65021 64681 62641 62981 64682 64683 64687 64688 62651 64691 80673 64355 63094 64702 41924 63345 43968 63350 63353 64714 63355 61996 61998 63358 63022 64722 43984 64724 63372 67793 41955 64735 62696 64736 63039 63040 64740 64742 41963 62705 62026 44007 62030 62031 63051 79371 41291 63392 44013 79376 79378 78018 79379 78019 64759 62040 79380 63060 63065 64765 62728 64769 79390 63071 64771 63077 63079 79399 78039 80760 63080 79400 63081 64781 64441 78042 63083 63084 63085 63425 78046 79408 63088 79409 78049 63089 79410 64790 63429 63091 62755 79412 63092 78053 63434 78055
hp 261
t 60961
hp 255
t 63223 63198
