ap 0
hp 368
 61183
ap 1
hp 369
 53048
ap 2
hp 90
t 59240 23074 59241 23797 59965 60009 60732 59924 60011 59375 23081 59206 23082 59207 23083 23637 57681 61208 59253 60062 23641 58790 23643 59812 59939 23647 23095 59220 58796 59094 59138 59945 59905 59015 60121 61184 59229 59910 61228 61229 61400 59235 59321 57750 23666 59367 60345
ap 3
hp 37
t 77091 75391 79343 75392 53377 75436 77603 75266 53421 77222 76417 75440 74336 75356 77142 75357 75443 75358 75444 75359 74892 75361 79485 75277 77063 72518 77789 75112 75368 76431 76643 75369 79321 75371 74947 54887 75418 56250 77799 74909 56252 76227 77504 75466 75381 77804 74914 74916 53414 75388 53416 77770
ap 4
hp 370

ap 5
hp 83
t 21447 21373 44711 44713
ap 6
hp 371
 20472
ap 7
hp 372
 20158
ap 8
hp 38
t 47511 47787 47999 29832 30724 48170 30789 32341 49639 48198 30052 30647 31476 50881 32756 48399 46954 48316 48295
hp 43
t 31787 47002 47088 48449 46579 48365 46411 47091 47771 46412 46585 48203 47863 46759 46760 47100 46930 46933 48293 48209 47699 31465 47020 30021 47616 47617 46937 47788 48128 47024 47619 46939 46770 46855 47791 48216 46941 47027 48133 47029 46944 48135 46860 31985 47796 47030 30201 47797 47031 46862 47032 47884 47799 46949 47800 47035 47630 47970 48227 47802 47122 48567 47803 46868 46953 47718 48229 48230 46955 47806 47041 46957 47638 46874 47724 48150 47896 48492 47898 48238 47643 47049 47644 48070 48241 47051 47053 47565 47735 48246 46889 31250 30656 31253 46894 47916 46897 47832 47494 47920 48175 47665 46903 47074 48265 47755 31267 47162 47844 47761 48356 48187 46997 31783
hp 36
t 48446 47086 48193 48448 47768 47688 48624 46925 46586 27464 48459 49990 47867 27637 46932 50163 48208 47018 30529 46934 48210 49995 27472 46854 47705 48300 50000 46345 47795 47115 50175 47084 30202 46947 47967 46864 50009 48480 47801 49671 48397 48312 48483 48143 31993 50012 48228 48314 47805 48398 46869 48570 47040 46956 47807 48573 46958 48149 48574 46876 48321 50021 47641 48152 48407 47048 48239 46964 48410 46881 47052 50027 48243 47732 46969 47055 46970 47821 47142 47057 47058 46977 47064 30915 48255 48426 48173 46390 48263 48434 48435 48436 46651 48267 48268 46568 47078 49629 27444 47079 49290 48439 47847 48442 48273 48444
ap 9
hp 59
t 12067 9348 29918 9349 12070 11391 10201 9692 11562 12242 9693 11393 9694 11564 29924 12075 11396 11566 9357 29927 11398 10718 10208 9358 9530 9870 9871 11402 8682 11572 11403 10043 9874 10215 9876 8857 9708 32657 12258 29089 9879 10730 10050 9540 11580 29771 10221 10732 10222 32663 29263 9544 9204 9884 9885 29264 8866 9037 9886 9501 12098 9889 11760 9720 8870 12102 9212 12103 9893 10064 12104 8874 11425 9894 32675 9726 8876 9556 11597 9897 8537 8538 11769 9898 11599 10070 8200 11771 11601 11775 9395 9905 9397 9907 9568 11441 9742 29122 13482 11443 9744 8384 16205 8385 8556 29296 12127 8217 9748 11110 8560 11112 16382 32702 9922 16214 9584 9755 8566 9587 9758 8567 9588 3808 16219 9589 10098 10100 9590 8570 8400 8572 10783 10103 8573 9935 11636 11808 32718 9938 9939 8410 8240 9602 8584 13515 8415 8245 8246 9947 8587 8250 9782 9783 8423 29333 8425 8595 9956 9957 11148 9277 11319 29340 11151 9791 8943 9283 9799 29350 9121 12064 9632 9633 11164 11167 8617 11168 8448 9638 3858 9469 9640 9472 8452 8622 11684 11855 9646 9647 12200 11181 12032 16286 11186 9656 9827 29206 9317 29888 9319 32610 9830 12039 9490 8641 9832 9662 9322 8642 12043 8644 9495 12045 32618 11538 12048 12049 9840 11540 8650 11541 9841 13411 9162 8480 9672 11543 29732 12052 32624 10183 12054 12055 11546 9846 9170 9680 11551 9851 12060 10191 12232 8662 29913 29914 9004 29915
hp 55
t 46576 48362 31023 47089 48364 48195 32130 47856 32131 47857 48368 31283 29839 48369 47095 49815 47861 32137 47012 32478 32140 49823 48294 31805 31042 46998 48131 48301 9117 48134 48306 31986 48139 48140 46950 48141 48310 46951 48142 48566 46952 31569 48144 31484 48146 49848 31064 31999 46960 29876 31152 48240 47646 31583 31244 48159 30650 31248 32123 48164 31079 30654 47740 32358 31084 32359 48341 32448 48174 31769 48176 32452 47838 46393 49626 47501 31011 48182 29824 46994 31613 32376 48867 29827 32207 46912 32463 32378 31784
ap 10
hp 95
t 21333 5523 5098 21334 44710 21250 44880 682 44543 21339 7661 44636 44470 21265 44640 8007 44642 44643 44558 21269 44729 21354 44390 8180 44646 21442 44988 5125 44737 4533 5128 4448 5214 4449 4535 5215 4536 7511 44658 21370 44745 44660 5220 44831 462 4541 5137 44324 44325 43900 44837 5057 7949 44500 44925 44501 44841 44844 44334 5235 7786 20791 44848 20793 44510 43660 44851 4307 7538 21312 4484 7461 44351 21319 4489 21489 44865 44866 44356 4491 4493 44529 4495 44446 5179
ap 11
hp 149
t 2460 2972 9007 1697 25073 25243 2464 2465 2720 2721 25078 26353 2723 2469 2471 2726 25422 26272 2727 2643 25083 2048 1793 2473 28484 2474 2475 2221 25341 2392 2480 25262 2482 8688 1803 2824 2485 9116 2486 32152 2487 2318 25099 2489 2404 2235 25015 2065 2406 2918 2919 2920 2750 9041 2327 2412 2329 2074 31825 2331 9046 1652 2673 9048 2674 2335 2677 1487 25202 2422 1659 3053 2424 2510 2425 2766 1492 2427 8718 25463 25208 2853 1664 1835 48501 25211 25298 2774 1501 25556 25727 25049 2779 25220 2696 1677 25222 32023 25054 25223 25055 2701 25056 25057 25824 25059 2705 1855 2366 28546 3046 2707 8996 1517 3049 1521 3052 9087 2117
hp 155
t 32457 32362 32361 32453 32357 32353
ap 12
hp 134
t 37608 57001 40454 40473 37604 18637 40456 18006 60435
hp 350
t 37606
ap 13
hp 373
 8127
ap 14
hp 374
 61374
ap 15
hp 50
t 56606 54056 53717 77518 55249 53719 77350 55075 35022 55253 53723 54574 54064 54576 55257 53388 54579 54749 53389 33671 77362 32991 77363 53903 55263 54243 53736 77538 54078 55270 33001 57312 53575 53746 33689 34540 55280 54261 57322 54262 53923 54093 55113 53924 77725 53925 53926 53927 77388 55288 77389 17889 54779 53929 55289 53930 55291 14491 53593 53253 53933 17214 54615 77396 70596 77226 54617 77737 77057 53257 77059 77739 54619 77740 33709 77741 54281 77231 53773 54624 33035 54115 77236 32868 54288 33038 54629 54630 77580 54291 55992 53952 77582 55822 53274 53955 18255 54976 70617 54977 54127 53957 53958 54979 53959 53449 53620 77590 77081 77762 54643 53963 33053 53624 32884 70626 12488 53968 74878 53459 74881 77772 53802 77604 33064 33744 33745 34936 53295 53976 77097 53977 53639 54659 53979 54660 12500 54319 54661 53472 54663 53303 54324 13864 54834 53985 54325 75744 54666 53986 14544 53647 77787 53477 54668 54838 54329 54330 53990 12511 54332 54162 53993 54333 54334 54165 53317 77118 54168 53999 54680 77800 54681 55022 53322 56212 51452 54684 53835 53326 54687 53328 34970 54690 54692 54862 55033 53333 54694 54015 77645 74925 53338 55039 54020 54021 33111 32772 53684 54024 74254 54705 54025 54706 54026 53687 34987 54197 54708 54709 34989 56409 54710 74429 54711 54031 54032 54034 53864 53696 77156 53866 54717 54037 56247 53358 74948 54719 53868 74949 32959 74950 53701 33131 53702 54892 53703 54044 53705 53707 54387 74958 53709 54389 53879 53540 77171 53880 74961 53542 53713 17334 77684 56435 54565
hp 52
t 70631 77346 76327 69782 76243 76839 34945 76852 70563 70649 77536 70567 51442 77537 76434 70484 76860 76863 77034 76354 77375 77547 77380 34884 69821 77047 76877 76879 77390 77560 77391 70595 77141 54193 70599 76294 35069 54194 72556 54113 70519 70520 70521 54033 69928 76303 76305 71207 54038 34915 70616 77246 76314 77505 72576 54216 72579 69774 76830 77340 77088 77341 70628 76834
hp 56
t 30681 30002 30683 46920 30007 32136 31796 30694 30526 30527 30528 30699 31974 30530 30533 30023 48299 47025 31811 30026 30707 32153 32494 31814 30200 30031 46948 32074 31310 30546 31823 47039 30554 30472 48156 47649 29969 48160 30649 30481 30565 30651 30482 48162 30566 32013 31931 46891 47656 31252 30573 30574 30578 31259 47666 47667 48178 30500 30586 31947 31864 48865 30168 48358 30169
ap 16
hp 89
t 21414 27813 44600 26082 28219 32746 44445 21390 44469 27395 28214 44661 44651
ap 17
hp 375
 65535
ap 18
hp 40
t 49678 47554 49934 29960 49936 29961 49810 48196 47983 47900 49642 49983 30520 31072 47777 47140 29886 31161 47524 47779 29802 30737 47526 30738 30784 47148 31041 30787 47533 30831 47534 47152 47322 46900 30879 30498 30797 31605 49795 49796 47715 49630 49801 30722
hp 63
t 53971 13171 12491 55162 57033 53634 36296 12497 12498 54743 33154 54320 54066 54407 53305 54580 50415 53730 36390 54667 77364 56455 35886 55012 53737 10474 52805 54760 55271 35892 54595 57316 54596 36237 54597 53664 36494 53920 54686 53581 38876 53752 14739 40494 53928 55120 53931 53337 54102 53849 77397 54023 53853 13139 54534 10850 10425 54030 33122 39329 54718 77329 54636 54043 53874 52941 10781 55236 53962 53708 77338 53964 54559 53710 54560 77595 53966 53882 53883
hp 51
t 10876 10877 10878 52698 52699 52701 10202 10204 36386 36387 9868 51013 9877 12259 29259 12939 52380 29260 10875 52382 29602 52722 10223 52383 29262 36744 12943 36405 12946 28926 52726 9887 11248 9888 13288 12269 12948 12950 12271 10912 53072 10913 10235 28936 36416 9896 29616 10239 52401 36421 52402 36422 11942 11263 12623 52404 36429 36430 10931 53094 12979 12980 29641 52761 36443 52764 9924 10266 13326 28967 12988 12989 52770 12991 9593 10953 9933 52773 52774 9595 52775 13335 10616 10617 13337 52777 10618 9598 36459 9940 52780 53121 13342 10963 29323 52783 36466 36469 8251 29331 52793 36476 10637 15058 52798 52801 53141 52802 52804 29685 52806 52468 52809 52811 10992 52812 52813 29353 13374 52814 52815 52816 12696 52817 10998 52818 52819 11000 53160 11001 13382 13723 13045 53168 10329 11349 12372 10676 11018 36519 13399 12380 36520 13741 9664 13064 36189 11372 10693 9673 10013 10014 52854 10695 11036 52856 10697 11038 10698 12738 52859 10700 52355 12401 11042 52863 51164 10705 51165 10706 9686 12066 9688 17169 11049 36209 11050 9690 11051 10713 11053 11394 11055 10035 9696 9356 9697 35878 11058 9698 11059 12418 9701 10041 9702 9703 9706 10727 29427 9709 9710 9711 10731 11411 8352 36232 12774 10736 11076 10737 10738 36578 10739 11419 13119 10740 52900 10741 52901 11083 13463 11087 10748 29791 10071 11093 36253 12454 9737 16197 16198 12118 16199 29121 36602 13144 29124 33884 10086 33887 11108 52588 36608 12809 52591 11113 16213 16215 16217 52937 36617 16221 11121 10782 52943 10784 36287 33908 10790 10792 10458 52623 52283 13186 36648 10129 10130 10471 36652 11153 11496 16256 36656 52297 10818 52978 53033 10822 52982 10143 52983 52984 36324 10825 10827 16267 10829 13550 29192 29532 36332 16274 11174 52318 29200 29880 12547 10172 29212 29213 16296 16297 53018 52682 10182 16305 16308 10869 9509 10870 9850 52690 52692 51672 52693 53035
ap 19
hp 376
 57078
ap 20
hp 139
t 28480 317 48 3575
ap 21
hp 377
 28607
ap 22
hp 378
 73702
ap 23
hp 379
 60664
ap 24
hp 58
t 69785 76246 76842 75398 75654 76844 53980 77525 75657 76848 76849 70049 76850 74810 75236 75407 75408 53564 75239 77194 76430 77196 76602 77197 76348 77371 76861 75077 34447 76862 76438 70489 77715 76441 76356 77717 75592 35303 69814 77294 77381 72536 75172 77044 75005 74752 75094 75519 75011 54101 75097 75183 70594 76804 76805 77060 76807 54792 77232 54028 74769 53265 75196 69927 76387 75197 75198 75199 75116 76901 76817 76818 76223 72569 69849 75460 74780 74782 75377 77247 75463 75804 76399 75380 75295 76404 75384 74791 75386 70627 75387 74284 75135
hp 42
t 76240 70546 76496 76497 75818 76329 76414 76499 76503 76249 76504 76250 76251 77017 71834 76171 69797 77365 76856 75837 76859 75926 76353 76184 76868 77039 75849 76360 76445 77211 76871 75852 76368 76454 75604 76540 76371 76541 76457 76542 76288 75527 76463 69920 76296 76467 76808 75790 76810 76897 75708 75793 76389 76815 76392 75798 76394 70529 76309 75803 76398 76313 76228 76488 76233 70624 76489 76491 71817
hp 65
t 33868 33060 54014 52781 53079 14022 36505 16276 34893 12580 11901 36638 12456 77058 16369 10080 11652 29631 50414 16329 16372 36178 70518 13951 76427 13912 33334 13063 77069 36481 36524 11493 36526 36614 16341 53189 14175 53147 52638 36446 52724 36447 52768 36619 12905 12990 14733 52771 16222 53537 52772 52857 52858 28889 36327 14695 10531 52862 28766 44577
ap 25
hp 97
t 21374 44707 44495 21375 21503 21335 45041 44540 44200 21294 42968 21252 5059 4379 44883 44715 21257 21259 44634 44721 692 20795 21264 44214 21350 4352 44727 45025 44728 4354 4372 701 42479 5082 44309 21360 21318 44354 44652 21279 21365 21408 21323 4450 7510 21493 4451 21494 42955 44147 44275 44317 21453 43596 4369 21454 4539 44700 632 43258 44449 44364 45045
ap 26
hp 92
t 6371 18620 60950 37746 38172 18707 60700 37666 60701 16587 60702 60703 18121 19398 18038 59349 58499 59350 61219 61220 37931 18720 36994 61223 37849 18726 37512 60548 24085 37176 19411 58511 60723 60724 37010 60895 18735 60727 37863 19249 18059 18571 60733 16788 18744 16450 61245 18066 61417 18663 37704 24104 61250 19261 18836 37453 36944 18754 37625 61427 37714 58794 17399 37715 37545 57861 61262 61263 19274 61095 24122 61098 18939 19449 37726 18689 18519 61190 18691
ap 27
hp 60
t 54991 74286 53293 54658 54998 54999 56614 56191 54832 54833 74384 74469 54665 55005 14035 32907 54327 55007 74388 54755 54671 54672 74989 53484 53316 56206 74312 74398 55021 56211 74317 54683 56215 54945 74240 55115 16360 55037 74418 55038 54701 55041 56231 74422 74337 54703 74339 55131 56492 74343 12379 74430 77575 16210 56245 77753 55059 74272 54978 56168 53279 54808 55746 55577 53283 54813 55751 74792 55072 54903 13425
hp 47
t 53471 53482 54992 56236 54791 74428 74311 74283 54825 53435 54827 54839 74326 74475
hp 39
t 53503 74352 58287 53442 53487 55570 74377 55626 74421 74803 54702 74380 56296 54894 56297 77125 56279 55685 74321 74472 55690 54331 54926
ap 28
hp 85
t 57967 60347 23287 65448 23289 60012 65112 23294 22784 22785 22786 41317 64947 65287 78378 22788 57979 64608 64949 64609 22790 60021 22621 22791 22622 64952 64612 64953 22624 22795 78389 22631 58501 60712 22632 57993 78394 22634 78395 79076 22806 58506 22637 41339 22809 22640 62590 22641 22811 58002 81802 41512 22643 62593 65484 22645 81807 22648 22649 22650 62601 22825 22658 62609 22660 62780 63802 60404 58027 22668 22838 22670 60245 22676 22677 22848 59739 59060 78100 22681 59911 57702 59063 22683 64673 78444 23024 59914 60254 41386 23536 78787 78108 62638 59749 65361 58052 59752 59242 64853 41563 65363 60264 22695 78456 58737 22697 59417 60268 64688 65369 78120 22700 60269 60271 60272 22704 78804 78805 64865 60275 22706 62655 78807 64868 41749 78810 64870 57730 78811 41411 78812 79493 41753 64873 22716 65047 57568 78819 57739 57569 78820 41420 57570 41421 22891 58082 57742 22892 60124 41424 22557 78828 41938 41772 60302 22733 22734 59796 64896 41778 64899 65240 41781 60312 64904 59974 41785 64905 41616 59636 78336 57936 65248 41788 64907 23769 65249 65250 22410 78340 60320 78341 41622 59642 78342 78343 65254 60322 78344 58115 60323 78345 64914 64915 60326 60327 23098 78348 60329 59990 41290 22590 57951 41970 60164 59824 57785 60335 59826 59996 59827 59997 41469 59489 60172 22773 59835 41645
hp 79
t 59836 65107 60688 42498 60349 60690 64940 57971 42501 42672 65453 60014 42674 58484 64944 42675 61205 58996 42676 22447 42507 61207 59508 65459 22789 42680 64950 61210 59854 59345 22966 60027 59347 42687 60029 43880 60031 22802 65473 59353 22804 59355 58505 65136 64627 22808 78909 65480 61230 23491 65143 65314 65145 60725 65315 60726 22815 65317 59028 60728 65318 23669 22817 61409 79600 22651 61411 58861 65321 65492 58692 59373 23333 65323 59374 78415 78246 23337 59208 59039 64990 59210 57851 64991 22832 60063 78083 23513 22664 22833 59383 43915 78595 59046 22836 59047 59386 59049 59730 23520 42560 61260 43921 43923 42563 22843 39844 59224 23525 43925 59396 23526 59906 42566 62626 22847 22679 65351 43932 65353 65524 65184 22685 59065 65185 78106 61956 65187 42067 59068 65528 43938 65529 42578 65359 42580 60091 42581 65532 43942 65194 59415 38676 43946 42586 42587 64858 59928 59589 43780 42589 42590 78122 43952 59083 60105 78126 42596 60108 59088 43958 59769 78128 57390 43960 59092 57732 41582 22882 65383 60114 42603 43964 59434 42434 41245 57734 41757 42442 65052 65223 65395 42786 22556 41257 65228 65231 41601 41942 41433 59793 41943 41434 41604 78835 43815 41606 65406 23077 23588 41609 59801 41611 59971 41442 41612 60313 59805 41446 41617 41619 60319 42642 41964 60324 41625 42645 22925 42646 41627 42647 60328 60159 65259 65089 23269 65091 22931 42651 59823 59486 60336 59828 59318 59319 59830 60510 60000 42491 59491 59324 41475 59325
hp 81
t 43686 44197 44198 42500 43692 43522 44202 44205 44886 43526 42167 27039 44211 44722 44212 44892 62063 44213 44893 43534 43536 44216 42857 61898 61901 44392 44223 43714 42864 42186 43547 43719 43039 26720 43382 42192 44403 27063 44405 43725 44915 43556 44237 43729 44749 43050 43052 42373 42203 43396 44246 42206 43738 43740 43910 44251 61762 62103 61766 62108 21310 62110 62111 43071 42731 62112 42562 43413 42223 26584 43416 43756 43926 62117 62118 44439 62119 43589 42911 62122 43422 43592 44103 42912 42913 43764 43424 42914 42064 43766 42236 43427 61959 62130 42920 42071 43601 61961 42922 42923 43434 62134 44115 44455 62135 43776 43438 42928 43439 43441 42931 42082 42933 43785 44975 42426 42087 42768 42938 42769 42940 42771 42772 42773 42944 42775 44306 42946 42949 42780 42781 42271 42782 42784 44146 42106 44826 44487 42957 42789 44150 42620 42111 43641 42793 43643 44155 42625 44836 42966 43647 44158 42800 42801 42802 44163 42803 42804 43824 43485 42805 43655 42466 42465 43656 42806 42807 42468 42469 42470 42811 44512 42812 42472 42473 42814 43664 43495 43835 42475 42815 26837 42477 44180 42480 43670 44181 42481 42652 44183 42483 44186 44189 43680 44191 44192 44872 44193 44195 43345
ap 29
hp 48
t 47766 69187 46747 69102 47854 69530 69531 68938 69109 46500 66731 47182 66052 66734 69454 69625 66735 69455 47527 68948 73113 68949 47789 47704 47959 47876 47112 46858 46946 73467 47798 31478 66668 46866 68882 45509 47804 67015 31573 69228 68888 69230 68890 68976 46877 69488 47560 65838 66518 46884 47734 69409 47566 62357 67035 69331 45276 47572 69417 47998 46725 68911 47068 69083 47154 47579 47835 46645 46901 66791 69086 46902 47753 65859 47754 69600 66795 46909 48014 45294 46910 47760 46911 69521 47762 69523 47594 47764 47765
ap 30
hp 62
t 13340 36291 33911 12320 53036 13936 15041 12322 36635 11221 36467 60947 54573 33919 36214 33069 36385 33752 11483 31630 14122 36650 12937 36313 12855 52778 53145 15320 29516 15321 52721 50342 15322 31644 52981 52896 10651 36662 11079 52985 31650 12356 13716 52987 12358 52990 52735 12361 36417 36333 36163 12363 36334 12874 52824 12875 12365 13896 53165 36506 13047 56738 12453 29707 36423 12368 13900 13050 53170 17130 36171 36426 13051 36427 12544 12374 14075 36601 13821 18327 33627 12377 13483 12378 13738 36604 56667 36522 54713 12383 36438 15359 36439 36525 12300 24285 12725 12981 53017 52762 13662 12304 36615 36444 36190 15083 13752 52939 53194 52769 12309 52686 16476 13332 54558 12569 52689 52945 12655 11041 49716 52947 33993 49718
hp 64
t 54610 34933 33575 12496 70551 54146 13942 14284 54150 53981 53641 12459 12375 14247 34946 54029 15651 53732 77533 70480 77344 34995 54036 12344 51275 51276 33766 77372 12306 33557 54169 33600 70534 14052 13373 36625 33651 12487 10915 33272 12405
ap 31
hp 46
t 47129 47512 47514 49814 50409 69110 69450 47522 65882 69240 50412 47778 65885 47144 67207 47488 47532 31680 66405 49448 50257 30664 49323 53191 47839 47499 47500 49838 45291 30842 46908 50010 49459 49970 47165 49674 50398 68929
ap 32
hp 380
 39865
ap 33
hp 381
 20398
ap 34
hp 382
 52475
ap 35
hp 232
t 62848 65499 62850
hp 269
t 42496 65236 42583 43943 59584 42499 42542 78799 42504 78758 43783 78675 59593 41743 78847 42595 41618 43786 78809 41453 42601 41624 42602 43877 65256 41328 43920 41940 41244 78815 65258 41756 42606 42564 42607 41545 41972 42567 42696 42568 43334 78823 42571 42615 78784 41767 41597 41598 78829 44021 41302 41600 78831
hp 314
t 34080 34760 34592 33147 34083 34763 33237 33835 33836 34091 33498 34773 15309 34607 33842 34098 34609 34610 33250 34100 34611 34186 33932 34785 34788 34109 34790 34705 34791 33857 34112 34707 34624 33859 33860 34115 36838 34629 34289 33187 34633 33528 34634 34124 34635 34125 34805 34296 34297 34810 33196 34642 33793 34219 33794 33880 34646 33796 33882 34649 33886 35332 14423 35335 34740 33891 34741 33892 34061 34657 33893 5928 34063 34746 34577 34747 34068 34748 34069 34580 33901 34071 33902 33903 33479 34075 33821 33396 34758 34079 33485
hp 235
t 61515 61452 61856 61857 61817 61860 62115 61797 61861 61862 61863 68854 61864 61865 68856 61526 68857 61845 61887 61867 61549 61529 68711 61550 61530 61790 61531 61450
hp 227
t 75524 70638 70639 77184 77185 76421 77186 76466 76806 76424 77189 76468 77190 75618 77191 75619 77192 77532 75578 77193 77195 75709 76816 77198 76477 77539 77200 77540 77201 77541 77202 77543 76822 77204 77544 77545 77206 76442 77548 75679 77549 77551 70625 77552 77553 77555 77557
hp 246
t 34594 33447 34595 34301 34811 34302 34131 34132 33495 34175 33368 34134 34135 34264 34138 33501 34225 34226 34141 34184 34142 34143 32826 33421 34148 33853 34194 33854 34280 34195 34578 34152 34239 34579 34626 35519 34542 34247 34630 34290 33484 34207 34250
hp 323
t 66128 66132 66133 66644 66645 66136 66141 69543 68867 66150 69214 66162 66672 66677 69568 69058 69569 66679 69570 69571 66681 69572 68892 66682 69573 69063 69574 69575 66685 69065 69577 66687 68898 69578 69579 69580 66690 68902 69582 66692 69583 68903 69413 66184 69073 47994 69585 69586 68907 69587 69588 69078 69589 69418 66699 69079 69590 68910 69591 46641 69592 66192 45282 46643 48003 43074 48004 69595 69085 66197 69598 69599 69601 48012 48013 69605 66715 62297 68928 66208 66210 66720 66722 68933 68934 66214 66724 68935 69616 68936 66726 69617 69618 69108 68939 69619 45139 69620 68941 69621 69622 69623 68943 69115 69626 69627 69458 69629 68950 69460 69631 66066 66071 66074 66754 66755 66079 66759 66762 66766 69490 66771 69493 66093 69495 66096 69327 66607 69499 69500 69501 66101 69502 62362 69503 66103 66786 69510 62372 66112 66794 66115 66626 66801 66632 66634 66804
hp 315
t 52100 50741 50657 52017 73608 51678 50658 50743 49384 73610 49300 51681 52013 49387 51682 52022 50748 51683 50664 51855 52025 52026 52027 50838 50753 70899 52029 53220 50925 50670 50755 73195 50757 53223 50676 50678 49320 50768 50599 51620 50857 50773 51879 51625 50862 50779 50697 51974 51549 36164 50785 51040 50787 50703 50704 49344 70680 51980 50962 52067 50878 51984 50794 51645 51985 51987 73662 50712 52158 51989 50800 50715 49356 50716 50802 51653 50888 51568 51994 51569 51995 50550 51570 51571 51572 73587 51573 50808 50639 50640 70192 49370 50647 50648 35348 70198 50733 50734 49545 49375 50735 51755 49376 50736 50651 50737 50652 70883 52098 49379 52950
hp 293
t 44241
hp 307
t 14360 14361 14447 14362 14702 14703 14618 14363 17254 14619 14620 14537 14369 40466 53899 33074 33160 14375 33670 14631 40471 14632 14463 14633 33674 14550 17695 14466 33591 14468 14469 14470 14725 14556 33171 33681 14643 14475 14646 32838 14480 15331 32842 14484 33779 17714 14485 14656 14657 14573 14403 32850 33020 14580 14411 14499 14585 14588 14589 14420 33206 33546 14337 14593 33209 14424 14680 14596 14597 33127 14598 14343 33043 14601 14516 14517 14432 14347 14518 33727 14603 14773 14604 14434 14520 14435 14350 14521 14606 14351 14522 14436 14692 14523 14607 14776 14524 14777 14609 14525 14526 14781 14527 14613 14615 14445
hp 289
t 77367 77558 35781 77561 53571 77562 54166 76820 77563 35015 70637 77352 76821 77353 77332 77333 76485 77335 77535 53735
hp 105
t 75900 80746 76241 75816 80321 75901 75902 75903 76584 76244 76160 75820 79901 76587 76591 76592 80249 80507 79915 80255 80001 76176 76177 76264 76179 76605 75840 63516 79921 76181 76097 76182 63517 75843 63519 76185 75846 76187 75847 80184 80865 80185 80015 76106 80866 75851 80867 63527 75937 76277 80019 80870 75940 80871 75941 75856 75942 75857 75943 75858 76283 76284 75859 75860 75776 75946 75861 75777 63537 75862 75947 75948 75863 75779 75949 75864 75950 76205 75865 75866 75782 75867 75868 75784 75869 76209 75785 75871 80291 75787 63547 64230 76385 80805 80210 76386 75792 80722 75795 80725 76222 75884 75800 75885 75801 75886 76483 75888 75889 75890 63736 75891 75976 75892 76232 75893 76574 75894 75895 76066 76576 80063 75898 75899
hp 101
t 53334 53335 53635 53508 34343 53343 53344 54322 53642 77402 53517 54835 54326 54793 77573 77704 74984 77663 53652 77579 77581 53315 53485 74991 53486 77584 77755 77757 53447 53321 74996 53704 53832 53450 54853 53324 53453 53454 54050 53668 54815 34969 77724 53881 53330 53374 53332 53375
hp 160
t 69186 69526 46067 45898 69189 46071 69532 45222 69533 69534 66135 69196 69536 69538 45060 69541 45404 69545 69547 69208 69550 69212 69552 69553 69213 69555 69556 62416 66156 69557 45416 43209 69560 69390 69561 45081 69563 69223 45253 69564 26726 43216 69056 69567 45258 69229 66680 69062 45262 66683 69234 69237 69068 43228 69408 69069 45269 43060 69070 69581 46629 26911 45781 26914 69074 69415 26915 26746 69076 69077 69419 46811 45281 27092 43072 43244 27604 43245 69425 43076 45286 43077 27606 69087 45287 43078 69088 27439 48011 45293 45464 69096 26939 68931 66723 69274 26944 48024 27625 27626 69107 68942 69282 45485 27126 27466 27636 69457 69117 69118 26959 27639 69120 69461 69121 69463 27644 26965 62326 69466 26967 69468 69469 26969 69131 26971 69472 69473 45334 66075 69475 69476 45167 66756 69477 69478 69138 45338 69479 69480 69481 45172 45341 69142 69482 26982 69483 45342 62344 26985 45176 66765 45346 45177 69147 69489 45349 45520 27330 69491 62351 69492 45352 45183 27332 66094 69494 46034 45355 68986 45354 66776 69496 66097 68988 69497 46038 66777 46039 45359 66100 66780 47912 69504 66105 69505 46045 69506 27005 66107 66787 69168 66788 69170 66790 69512 46732 69513 66793 69174 69514 69515 69176 45376 66797 69517 69518 45378 69178 69522 69183
hp 329
t 36618 36434
hp 255
t 34064 51905 36590 34662 34104 34057 36183
hp 76
t 62726 62727 62899 62732 68682 62053 62733 62735 65458 62739 61889 42681 64781 62065 43876 65472 61902 61562 68703 65474 65475 65476 65477 43887 65478 43890 65481 65482 65483 43895 65488 65489 43390 65490 62600 65491 42541 62602 65322 64303 65494 62608 62611 62612 62613 62614 62615 62616 62617 62618 62109 62619 65513 65518 63818 62628 65009 43930 63481 62631 61955 43937 62637 61788 65358 61957 62639 62640 43940 62642 65533 65362 65534 62644 61965 62816 62649 43950 62821 62652 62654 43956 62827 62657 41249 41250 61991 62672 41763 43973 65394 41254 41255 41426 65396 41936 41256 41428 43298 41429 41259 65400 41431 62852 61492 43982 41263 62683 41265 65407 41439 41949 41950 41447 43317 62018 62020 41961 68653 45364 41287 41458 41461 67641 62201 41462 41292 41463 41293 41294 41974 65434 62715 41466 65436 41979 41471 61871 65441 62722
hp 257
t 67330 68353 68354 68356 68358 71760 68364 68365 68366 68367 72108 71768 68370 71432 72115 71095 68376 71437 71438 68379 71442 71443 72124 68390 68050 72134 68394 72135 68395 68396 68397 68398 68399 72140 72482 68063 72152 67394 72495 71476 68417 71479 68419 72160 68080 72161 68081 68082 72505 71487 71488 71489 71492 71493 72173 71494 68094 71495 68436 71497 68437 71498 68439 68440 68441 67081 71502 68442 71503 68443 68444 68445 67085 68446 67086 68447 68448 68449 68450 71510 71511 67092 71512 72192 68452 71513 72193 68453 71514 72194 68454 68455 71515 72195 68456 72196 72197 68457 72198 68458 68459 68460 72200 71520 72201 71521 68461 72202 68462 72203 68463 71524 72204 71525 72205 71526 72206 72207 68467 71527 72208 72209 67109 71529 72210 72211 71532 72212 63712 72213 71533 72214 72215 71535 72218 67118 72219 72220 68480 72221 68481 72222 72223 68483 67125 68486 68490 72231 71892 72232 72233 68494 65774 68497 71898 68498 72240 72241 72242 71562 72243 68503 71904 68504 71905 68505 71906 68506 71566 68507 68508 71909 68509 68169 68510 72250 68511 72252 72253 71914 71917 68517 75998 71919 68519 76000 68520 76001 68521 68522 68523 68524 68525 68526 68528 76010 68530 68531 68533 68534 71934 68535 68536 68537 71938 68538 72279 67179 71939 68540 72280 68541 71604 72285 72286 71607 72288 72289 71609 66849 71610 72290 71611 71612 72293 71613 72294 72295 71615 72296 72297 72299 72300 72301 72302 72303 72307 68569 68231 67221 72325 72328 71311 72339 70981 70989 70990 70991 71672 71673 71674 67256 71678 70998 67259 72368 71351 71691 72373 72374 65574 72376 72379 72381 71704 72063 72065 65607 71733
hp 266
t 43967 43882
hp 267
t 26652 43687
hp 330
t 35866 52612 35869 35870 52276 36551 36553 36468 52960 36555 36470 35876 52962 35877 52963 52964 35879 35880 52966 35881 36477 36478 35884 36479 35887 36228 36569 36570 36231 35891 52298 35893 35894 36574 35895 36576 35896 35897 35898 52304 35899 52986 36581 52988 52989 36584 35904 35905 52991 35906 52482 35908 36588 35909 35910 12450 36591 52572 35913 36508 35914 35915 36425 36511 36598 36428 36599 36600 52581 52582 36432 36603 36433 52669 51990 52585 36435 36606 52501 52587 52676 13068 51064 52935 51065 52936 52938 51157 52432 53200 52860 52861 70203 52694
hp 224
t 56224 54822 56097 56014 56312 55760 55040 55635 54700 56273 55763 55806 55042 55043 55085 55936 55044 54746 55045 55046 55768 55939 55047 55771 55051 55944 55945 55947 54927 40179 55056 55057 55102 55062 55785 55744 55616 55065 55958 55150 55067 55747 55790 55621 55750 55623 55624 55625 55755
hp 171
t 46151 49126 46406 46492 46153 46408 46578 46155 46410 46580 46496 46498 45819 46499 46160 46161 46416 46162 46163 46418 46588 46419 46164 46589 46504 46165 46590 46505 46506 46591 46762 46166 46167 46509 46169 46170 46511 46171 46256 46172 46257 46088 46173 46343 46429 46174 46259 46090 46175 46260 46431 46261 46096 46266 46182 46267 46183 47883 46184 46524 46185 46525 46186 46101 46187 46785 46786 46787 46533 46448 46449 46789 46536 46537 46452 46538 46453 46539 46454 46199 46540 46455 46541 46456 46542 46457 46458 46544 46459 46545 46460 46800 46546 46461 46206 46547 46462 46122 46463 46550 46465 46551 46808 46214 46809 46555 46556 46557 46558 46559 46136 45796 46566 46569 46144 46488 46400 46402 46828 46150 46405
hp 112
t 75221 76455 75393 76711 75437 74885 76416 75396 75397 76460 74887 76418 75441 76419 75399 76420 76550 76594 76256 77108 76258 76598 76641 76473 76260 80595 76601 80596 76476 76603 77794 75244 76479 76437 75247 76607 74907 74271 75378 75379 76271 76443 75085 75468 75170 75173 77681 77767 75132 75217 75260 76577
hp 119
t 77220 75064 77455 75065 53561 76809 77234 77373 75535 76471 76898
hp 298
t 73862 81428 81429 74375 81430 81516 73866 81517 73868 74548 81519 74040 58230 81522 56277 74723 73873 81524 81439 74044 58235 81610 74386 81527 81612 81530 58240 81615 55606 74646 58241 56288 58243 81535 55610 56290 74399 74654 56295 81286 81626 81287 39127 81288 56299 81289 80949 81290 80953 74664 81294 81634 81635 81295 80955 81296 81381 80959 58265 81301 58267 73908 58268 73996 58272 58273 58274 58275 73917 74003 58278 73919 81488 58285 58286 81409 81495 81410 81413 81414 81415 81501 81417 81503 81418 81420 81424
hp 268
t 22712 22797 65147 22798 22715 23523 22717 41779 22845 65053 22895 59595 23514 22834 22794 22711
hp 231
t 56396 56565
hp 259
t 67104 67148 65576 67318 65577 67236 66939 65579 67321 67322 66943 67326 65542 67285 65628 67289 66950 68905 65804 67294 65596 67169 65724 65811 67214 66959 67215 67003 50812 65604 67305 67264 66584 67308 67181 67309 66969 66588 65611 72752 65613 65572 67315 65573
hp 291
t 27366 27027 27367 27368 43348 27369 43351 27371 43521 27372 43354 43524 43357 43527 43358 43359 27379 62064 43026 42856 43027 43367 43537 43028 43029 43539 43030 62070 44220 43031 43371 44221 43712 43372 43034 43375 62075 43376 43036 43546 43377 43037 43378 43038 43379 43720 43380 43723 43384 43554 43726 43728 43049 43731 43392 43733 43393 43734 43394 43055 43565 43736 43057 43397 43737 43398 42888 43739 43059 43400 43401 43741 43061 43402 43062 43403 43064 43065 43745 43405 43746 43406 43407 43747 43408 42898 43069 43749 43070 43750 43685 62114 43414 43415 43586 43758 43419 43759 43420 43421 62123 43423 43425 43426 43597 43429 43430 43600 43431 62132 43432 43602 43433 43603 43774 43435 43605 43606 43437 43607 43609 43610 43612 43443 44293 43444 43618 42939 43620 42947 43628 43459 43629 43631 42958 43640 43646 42462 43659 44176 44178 43671 26671 27352 42317 27358 27360 27361 26681 27363 43684 62045
hp 80
t 41476 59837 41478 59838 65110 41483 65115 41485 78380 41661 78381 64951 59171 23474 59006 58498 41499 79071 22801 22972 23489 22644 41517 59209 23512 78090 78260 22841 22332 78262 78093 64833 23524 58886 23527 23528 59399 23529 41549 23530 78441 23531 23532 59572 23533 23534 78274 23535 59576 78447 59067 58897 60259 59071 60261 78116 60096 78117 41567 60267 41568 78119 78459 41570 41574 41577 41580 78132 78133 41583 60283 41584 41585 23397 23398 65048 57740 65050 23401 41592 41594 78825 65226 65229 79852 60174 41605 59797 65237 41607 41608 65068 65239 59799 41610 57762 41613 59973 41614 59977 78338 78849 78339 41451 41452 60152 58793 22413 60325 41457 78178 78350 78690 78181 59991 78185 59316 78187 65268 59998 59829 23449 60339 60170 23450 57960 41472 60173 41643 41474 59495
hp 320
t 18186 34761 33827 33531 33361 10456 34087 34258 6761 34768 34684 14880 34218 33879 34049 18367 33969 10551 33375 34653 18971 34654 34101 33847 33465 34060 34105 17063 33894 17106 16979 14769 33344 33856 36108 34111 33814 33900 33858 34666 13163 33861 34116 34796 33862 17075 33949 34675 33357
hp 321
t 67060 67400 43262 62345 66872 61646 62369 69106 43203 68641 68642 62458 68940 62352 62460 69026 69367 62335 69030 68712 68716 68885 68908 68951
hp 279
t 64181
hp 299
t 78960 81259 78965 78371 81773 57463 81774 81264 81265 81266 81267 81268 78975 81270 79826 81187 81189 81275 81169 79152 78387 79153 79069 81279 79836 81877 81793 81880 81881 81797 81032 78994 81208 57495 81892 81214 81810 79009 81221 81222 81308 81054 74000 57510 81821 81310 57511 81313 81740 81911 81913 81234 81236 81320 81833 79114 81749 81240 81750 57525 81584 81754 81160 81841 81756 81161 79123 57538 81849
hp 234
t 68804 65319 68858 65352 61548 68823 65354 68818 65355 65346 65348 65327 65349
hp 283
t 61536 61878 61538 69190 61880 69191 61541 69192 61882 69193 69024 69195 61884 69025 68855 68686 69027 69198 69028 68859 69200 69201 69202 69203 61723 69374 69035 69206 68697 62408 61900 68702 62413 68704 61566 62417 61568 62423 68714 68715 62428 68719 61584 68895 61756 62437 61589 62440 61590 68901 61591 69242 62442 61592 61593 69244 69245 61595 69246 61596 61597 68909 61599 61600 61601 61602 61603 61604 61605 62116 62289 61610 62461 62291 62462 61449 68930 61453 69103 61626 68937 61798 68944 68945 68946 61808 68609 61811 68612 62324 61815 68616 62327 61819 68959 62333 68626 68627 62337 68630 69314 69144 68635 62346 69317 68977 69318 69148 69319 69149 68980 69320 68981 69321 68811 68982 69322 68983 69153 69324 68984 69154 69325 68985 69155 69326 68987 69157 69158 68989 69159 61850 69160 68991 62361 69163 62363 69165 69166 69167 62368 68661 62371 61523 62373 61525 68666 61527 62377 68669 68671 61701 61873 62383 69184 61875 69185
hp 218
t 79301 81853 78368 78198 78369 81769 79559 78370 81855 78541 79477 78543 57549 79224 79055 79310 78461 79056 81861 79566 78547 78207 79483 78208 79568 78551 79572 79063 77872 78553 78978 60278 79574 78555 78216 79067 78217 77879 78219 78901 79582 78902 78904 77885 79162 81798 78233 78914 78574 57581 78407 79088 78408 78578 78239 78410 78579 78580 78240 78581 79601 81813 81814 78244 81815 78245 78586 79012 78587 79267 78588 79099 78589 81820 59040 78590 79441 79101 78337 81312 78848 78425 79615 79532 79533 78259 78599 78859 79454 78349 77841 77844 78866 81842 78529 78870 81845 57539 79045
hp 294
t 61410
hp 335
t 14457 14479 33254 14608 14374 14481 14482 33076 14622 14602 14592 14465
hp 249
t 72077 68002 71744 72425 71745 72426 71747 67668 72088 67669 71749 71750 67671 71751 67672 68352 71752 71753 71754 67675 67335 68355 67336 67676 71755 71756 71757 67338 67678 72098 68359 67340 68360 68020 68361 68021 68022 68363 63603 68025 68706 71766 72106 69047 68026 68027 68708 68368 68369 71770 68371 71771 72111 68372 68373 68033 69054 67694 68034 68374 68375 68035 68036 68377 63617 68378 68039 63619 68380 68381 68382 68042 68723 68383 68044 68045 63626 68046 68047 71787 63627 71788 68392 68052 67713 68393 68054 63635 68055 68056 67717 67718 68058 67719 67720 68400 68060 68061 68401 68062 68402 67723 68403 63643 68404 68064 67725 68405 68066 68406 67727 68407 68068 67389 68069 68070 67731 68071 68411 68072 68412 68073 68414 68074 68075 68415 68076 68077 68078 68079 63662 68083 71483 67748 67749 67409 67410 67750 67411 67752 67755 68775 68777 68097 68098 67760 68101 68102 67424 67427 64368 61649 68110 61650 68451 68111 68792 68112 63698 64381 67101 67444 68805 68465 61665 61667 67110 67451 71531 67453 68814 67455 67458 67460 67462 67123 63725 63727 71889 71890 68150 61694 68836 68838 68842 80065 67149 67490 68171 68516 63761 67844 71925 67846 67847 71927 68527 67848 67849 68529 67850 71930 67511 67851 67852 71932 68192 68532 68193 71933 67854 68194 67855 67515 71935 68196 68197 67858 68198 67859 68200 67862 68543 68203 67864 67865 68205 68206 67867 68207 66848 71608 72291 68211 71951 66856 67877 72298 68218 67884 68224 67545 67885 68225 67886 63805 68226 68227 68228 67889 68230 67551 68232 68235 67897 67218 68239 68240 67901 68241 67902 68242 68244 68245 68246 67907 68247 68248 68249 72329 67910 67570 68250 68251 67912 68252 72332 68253 68254 63154 67915 67575 68255 68256 68257 68258 68259 67920 68260 67921 68261 67922 68262 67923 68263 67924 68264 68265 67926 68266 68267 68268 67929 68269 67930 68270 67931 68272 68273 68274 63854 68275 67936 68276 68277 67938 67939 68279 68280 68281 67261 71681 67942 68282 68283 68623 68284 71684 68285 67947 68287 67949 67950 67612 67954 67956 67957 67617 67958 67959 67964 67965 72385 67966 67967 67627 67968 67629 67969 67632 67633 71714 67635 71718 68318 67983 67984 68324 68326 67648 67988 67649 67990 67651 68335 67312 67995
hp 272
t 60112 59979 60262 59402 59397
hp 106
t 74201 74456 74373 77688 74374 74460 74115 74461 74378 74463 74041 74389 56284 74390 74476 74137 74478 74395 74480 74396 74481 56292 74397 74142 74482 56293 74143 56294 74484 74485 74486 74146 74997 74487 74998 56298 74403 74489 56301 74322 74323 56303 74493 74324 75003 74495 74156 74327 74243 74417 74332 74333 74419 74334 74335 73825 73827 73913 74086 74344 74345 74346 74432 74433 74348 74350 74436 74437 74438 74439 74354 74440 74355 74441 74356 74442 74357 74443 74444 74359 74445 74361 74447 74362 74277 74448 74278 74193 74364 74365 74366 74113 74452 74367 74112 74453 74282 74454 74455
hp 219
t 56820 53718 34977 54614 34980 53724 14371 54662 53671 54621 53688 34947 54328 34948 34991 33249 14549 54074 54076 54035 54673 54631 54121 54039 53700 54593 53532 54046 54175 53921 53667 53965 55112 53711 53754 12531 14358 14401 53885
hp 322
t 30766 72757 30937 73438 50149 73439 30770 65876 50152 65878 65880 65881 73446 47352 65883 73448 65886 73282 30953 73285 73286 73456 73457 73288 73458 73289 73459 73460 73461 73462 50174 30965 66496 73466 66497 66498 73468 66499 73469 66500 73470 66501 73471 66502 73263 30973 66505 30720 66507 47130 47132 66512 50022 47133 73312 73314 66514 50110 66516 47136 65666 47137 66517 65837 50112 66519 65840 66520 66521 47141 66522 50117 66523 47143 66524 65846 66526 66527 30742 65677 65848 30913 65678 50123 66530 66446 30917 50128 66534 73249 66535 30921 66536 66538 30753 49794 47329 66540 50134 66541 47331 66542 30757 73428 66544 65950 30760 73431 66546 73261 66547 50142 66548 30763 66549 47339
hp 208
t 10751 11089 11044
hp 69
t 30128 29407 29959 30130 30046 29877 29792 29962 30091 28893 29881 30051 29966 28989 30264 29967 29882 29883 30096 29799 30053 29713 29714 29885 29801 29803 53178 29761 30059 30102 29805 53179 29724 29258 29344 29430 30111 29942 29730 30411 29944 30248 29738 29781 50394 28677 29017 29401 29785 29872
hp 264
t 71842 76517 71141 72544 67328 67989 75799 76023 69829 76014 75855 71840 72149
hp 290
t 62131 62046 43941 62133 62048 62049 43944 43690 43945 62136 62051 43436 61966 62137 43947 62138 43693 62139 27034 62054 62140 42760 44970 62141 62142 62143 43954 42594 43955 42510 43870 44297 42770 43025 42090 43962 44218 43710 43970 43972 43888 44908 44144 43889 43975 42870 43891 43638 43893 43894 42110 43980 42791 43981 43896 43727 43642 43897 43983 43644 43899 44240 62091 44926 62098 62100 44931 43657 42813 27683 43409 43665 43666 43667 43668 43669 43924 44182 43417 43418 26674 62120 42655 62121 43676 43678 43933 44953 43934 43428 43935 42066 43681 43936 43087 62128 43683
hp 217
t 54948 77134 54609 54821 54994 77733 54996 53339 54657 54997 56229 54870 54785 54872 54787 55002 53514 54875 77613 53644 53304 53645 53646 53689 53987 54669 55009 54670 55010 55011 54632 54676 55020 53363 55023 54768 53368 54770 54856 77594 54857 53372 54859 54987 74325
hp 100
t 77728 74328 74329 77601 77304 77644 74926 74289 74884 77691 74291 77819 74975 77143 77101 74891 77102 77145 77103 75190 77104 75108 77574 75194 77745 74983 74260 74261 74263 74775 74265 74266 77157 75076 74821 74269 74270 74781 74994 75164 74995 77122 77123 74318 77166 74789 74279 74790 74917 74280 74281 74793 77811 77726 74795 77685
hp 113
t 77432 77094 77179 75228 77015 75402 76932 77527 76934 74894 76937 75748 77023 77109 79914 77793 76943 77114 76436 76096 76439 77203 76440 76950 76444 76105 76955 76446 76447 76109 76451 76792 77216 76453 76458 76459 76970 76461 76462 76972 76464 76465 76381 76382 74937 75532 75617 77233 76469 75704 76384 77149 76470 76811 76472 77237 76475 76390 69760 76393 77159 77244 76395 77075 77245 76396 76402 77084 69944 77172 76067
hp 295
t 55713 39702 39092 39177
hp 169
t 29874 29853 29842 29843 29970 29971 30014 30684 48376 30560 29796 30679 29841
hp 273
t 22680
hp 68
t 47808 49423 31658 49935 31043 31044 31618 31066 47813 31620 49683 31663 49725 49726 50875 31641 31600 31156 47155 31642 31603 30732 50243 49818 30779 31629 49268 31631 30846 50102
hp 226
t 53546 54226 53886 53547 54228 77689 54230 54231 54232 53553 54233 53383 54234 53384 53555 54236 53386 70557 54238 53559 53562 53563 54245 53395 54075 77368 54248 53570 54250 54251 54252 53742 54082 54083 54084 54085 54086 54088 54089 54090 53411 53583 54263 53756 54268 54098 53589 54269 53249 54270 54271 54106 54224 54108 77399 53259 53600 53430 53601 53770 53431 53602 53432 53603 53434 53605 53606 53436 54116 53267 53437 53438 54124 53615 54126 77421 77423 77764 77600 53632 77602 77773 77093 77775 77605 77099 77609 77783 54323 34944 53984 77447 53307 53988 53650 77791 77451 53992 77453 77283 74904 53996 77116 53830 53323 53833 54004 54005 54006 53836 77809 54520 53840 54013 53843 53674 77814 53844 77816 54016 77646 77817 53510 53681 77821 53682 53512 53884 53513 53685 53345 53855 53516 77147 53518 53519 53691 53352 53533 53536 53876 53877 53538 53543 53544 54225
hp 168
t 30555 47491 32426 31854 30729 30772 47135 31560 32262 47009 31157 47584 47159 30736 31779 32142 47846 31570 49931
hp 338
t 57520 39905 39917 57345 57442 57526 39879 57358 57455
hp 104
t 80579 80240 80241 80581 79902 80415 80248 80420 79912 80252 80253 79913 80765 80429 80430 80600 79923 80519 80451 75352 76206 76208 76549 75870 76551 76211 76552 76383 80292 80293 76553 76554 76214 76556 76557 76728 76558 75539 76219 76559 76560 80300 76561 76562 75883 76563 79624 76224 76564 79625 79456 76225 75376 76569 76570 79971 80142 76403 80143 80653 79635 76235 80529 76579 76412 80832 76242 76583 80494 76415 76245 76585 76586 76247 80858 76248 80328 76588 76589 75400 76590 80502 76252 80504 80334 80505 76595 76255 80506 76596 76597 76257 80337 80849 75409 76599 75410 75411 76261 80512 76262 80513 79323 76263 80514 80344 76604 80854 76265 80345 80855 76606 80346 75416 76267 80516 80517 79668 79328 76268 76269 79669 79329 79670 80349 76270 79671 79331 80520 76272 80521 80522 79333 79673 80523 79334 79674 75934 79675 80354 76275 79676 80864 79677 80528 79678 76278 76789 79679 63530 76110 76279 76111 80359 80360 80869 80531 76452 75433 75944 75945 76116 76285 76286 80876 80367 80879 63541 75951 75442 80545 80547 75448 75278 75449 75450 80211 76301 75452 76642 75453 80723 75454 80724 75455 76644 76645 76646 76480 76482 76652 76484 79886 80569 80570 76490 80740 80571 80741 80572 76153 80743
hp 84
t 60348 59839 78542 59503 57635 78205 64945 78718 57978 64948 59509 22961 59511 59512 59003 57813 59513 64954 64955 22796 57816 64956 58157 64957 22627 59518 64958 57647 64959 58503 77886 39807 58508 58509 58001 58513 59026 58177 61408 59029 58180 78080 78082 58022 58023 57344 78084 57684 58025 57685 59555 57347 22667 57692 61432 59053 57523 78264 57696 78606 78777 57528 78779 57359 60250 59062 60253 59064 59404 22686 22687 57368 60258 57370 64683 60265 58736 65366 57377 60098 58739 58060 64520 65370 57381 64861 59591 78462 64521 59592 60273 59084 64524 60274 22705 64864 57895 64525 59596 22707 59597 22708 57388 78129 57389 57729 22710 57391 57731 59601 57561 59602 22713 78813 57733 22714 59604 65044 22884 22546 65046 78824 57745 57746 78827 78147 57747 78659 78830 78833 59794 65234 39904 57755 78496 59456 39906 59457 64897 64898 59459 59462 64902 59463 59804 59464 58786 59466 59807 59467 78168 58788 22918 58789 60318 39919 59639 64908 60321 59472 65252 78682 59473 65253 57943 59474 57602 64912 58795 64913 65085 59645 57776 59646 59477 64917 64916 59478 59476 64918 59479 58799 59480 64920 57440 57441 59481 57781 57782 64922 59483 64923 64924 57614 39765 59825 57615 57446 59485 64925 78867 78358 58979 78700 59831 78701 59492 57453 78703 59834 57624
hp 172
t 31159 31648 31660 50031 30792 30783 30922 30730 31008 47138 49985
hp 258
t 69611 67210 66732 66711 67084 67171 69594 69608 68067 68409
hp 334
t 54715 54567 54568 55248 54590 54634 55261 54549 54550 55273 55274 54637 55276 55277
hp 248
t 80066 63746 63576 80067 63747 63577 80068 63578 63749 63579 63580 63921 63581 63582 63753 63923 63754 63924 63584 63925 63585 63756 63586 63757 63926 63587 63758 63928 63588 63759 63929 63589 63930 63590 63931 63591 63932 63933 63934 67845 63594 63935 63596 63597 67677 63598 63599 80090 76013 67853 76015 63608 67519 67861 68201 80103 80105 67695 63616 63618 80109 80110 80111 63624 63625 64142 63633 63804 63636 63640 63642 64494 63986 63646 80064 63648 63649 63653 67734 63825 63826 63488 63489 63490 63491 63492 63493 63833 63663 63494 63495 63835 63496 63497 63498 63668 63499 63500 63840 63501 63841 67751 63502 63842 63672 63503 63843 63504 63844 67754 63505 63845 63675 63506 63846 63674 63507 63847 63677 63848 63508 63509 63849 67759 63510 63851 63511 63512 63852 63513 63853 67763 63514 80003 63515 63855 63856 63858 63859 67769 63522 67773 63524 67774 67945 63525 67608 68119 67610 63870 63700 63701 63532 63533 67613 63703 63534 63535 63707 63708 63709 63710 63711 67622 67624 63715 63716 63890 63720 63891 68140 63721 63552 63553 63554 63555 63556 63557 63558 63728 63559 63729 67809 63730 63561 67811 63562 63731 63732 63563 63733 63564 63734 63565 63735 63566 80736 63567 63737 63738 63739 67650 63740 63741 63912 63742 63743 63574 75984 63575
hp 247
t 36546 70462 34848 36550 51596 51600 51601 51346 51688 51604 70224 51610 51612 51696 51613 51697 52208 51529 51615 51530 51699 70403 51279 51621 51536 51538 70408 51368 70409 51540 51626 51541 51627 51543 51632 51207 51377 51548 51633 51634 51635 51636 51637 51552 51638 51468 51383 34894 51214 34470 51385 51556 51641 51643 51558 51387 51304 51559 51647 34817 51563 51992 69934 70453 70113 34927 70457 36545
hp 297
t 33548 14616 14610 14642 14621 14614 15336 14594
hp 256
t 72076 71738 71739 76161 75821 72421 75822 76502 76162 76163 75823 72422 76164 72423 65622 76165 76505 72084 76166 71746 76507 75827 76167 76168 71748 72087 76169 72089 76170 72090 72091 72092 72095 75836 72097 75838 75839 72100 75841 72103 76524 75844 75845 76525 76526 75848 71428 72109 75850 72451 75853 72113 72116 72117 67699 72119 72120 72121 72122 76543 72125 72126 79946 72127 72129 72130 72472 67714 67716 68057 72138 72139 67721 72481 72483 71803 72484 67385 67728 72491 72493 72494 72155 71818 71819 71140 71481 67742 71484 71485 72166 71486 72507 72167 71828 72172 67753 71833 72514 72515 71835 71837 71838 71850 71858 72199 68464 72545 72546 71186 72548 76291 72552 71873 71874 63714 72216 72557 63717 63718 72559 63719 63722 63723 72563 67803 76304 63724 67808 71888 76310 68491 76312 71893 75973 71894 76315 71895 71896 71897 71900 65780 71901 68501 71902 65782 67823 71903 75985 75986 75987 71907 65787 75988 76328 71908 75649 71910 75991 71911 71912 71913 76334 71915 72255 75996 71916 75997 71918 68518 72258 75999 76339 76340 71921 71922 76002 71923 71924 76004 76005 76006 76007 80088 76008 76009 76011 76012 72612 76352 76355 72616 77036 76016 80097 76357 80096 76018 80098 76019 80099 80100 76020 72620 72621 71601 76361 72622 80101 80102 76363 71942 71943 80107 71947 76028 71948 80108 76030 71950 76031 76372 72292 76373 76377 76379 71960 71970 76391 71972 71981 71982 71983 72323 71989 72330 71996 72003 67244 67928 72350 72353 72355 71680 72024 72364 71686 72367 71688 76448 71689 71690 72031 72032 71693 72033 71694 72034 72035 72036 72037 72038 72380 72040 72382 71705 72045 72046 72047 71707 72048 72050 72051 71711 72053 75794 79875 72055 71716 75796 75797 71717 72058 72059 71719 71720 76481 75802 71723 71724 72064 71725 75806 71726 71727 72067 72068 71728 72069 72071 71734 75815
hp 317
t 36184 35888 35911 50978 36549 35997 36018 52466 34106 34680 36021 52447 36001 36236 35919 51028 36239 36580 36474 52477 52392 52436 52479 34778 34714 52247 35885 36247
hp 78
t 41477 42497 43859 43863 43866 41487 43869 43871 43872 43873 41494 43875 41495 41496 42177 43878 45238 42178 43879 42179 43881 42181 42182 43883 42183 43884 42184 42185 42187 41509 23492 44913 42193 22813 44914 42194 42195 41516 44916 42196 44917 42197 43898 42199 42200 42201 42202 43903 42543 42205 42207 62610 42215 22835 23516 22837 22840 23521 23522 42222 42565 42225 42226 41550 42570 42231 42232 41553 41556 42576 62636 41557 61958 42238 43939 41559 42239 44960 42579 44961 41562 42582 41564 61964 41565 42585 41566 43948 44288 42588 41569 44969 43949 41571 43951 41572 44972 65372 41573 43953 44973 42592 42593 41575 41576 43957 42597 42598 41578 61978 41579 44299 42599 42600 41581 43961 65382 43963 42604 42605 41246 41586 41587 41248 41588 41589 41590 65390 41591 41251 42611 44312 41252 41253 42613 43974 43297 41258 43639 41602 44662 41603 42624 43306 42626 43987 41267 42627 42630 42633 41615 42635 42640 41963 41284 42644 43328 41969 43330 41630 43333 41295 44015 41976 41640 41648 57968 41308 65449 43691 61711 41653 42673 41655 65456 41656 42677 42678 41660 41662 42682 42683 65463 41663 59004 42005 42686 41672 43713 42014 41676 41336 41677 41337 41678 42019 41340 42023 65486 65487 42035 42716 22657 23343 42724 44428 41716 42056 41717 41377 41378 41379 41719 41720 41724 65527 42068 65189 42069 65190 41733 43781 43782 42427 43789 43791 41751 42432 42095 42437 41758 42438 42439 41760 42441 42102 41425 41766 41768 42108 41769 42109 42449 41430 23410 41432 44833 41775 41436 41776 41437 41438 41440 41441 41783 41444 41784 41787 42467 41449 41450 43833 41454 41455 23437 43839 41460 23443 41464 44864 42144 41465 41467 43507 23447 41468 44867 41473
hp 331
t 73693 49638 52275 52446 50833 50663 66304 50750 50325 66393 51008 50668 50840 51095 51010 50330 52030 52455 35882 66482 51692 52457 51097 52458 51099 50675 52461 51101 51019 50850 50681 49237 52467 50853 51108 66409 50176 50433 50348 52219 52474 35390 50861 52646 51117 51968 50780 51120 50781 51121 50783 51123 51124 51975 51125 50446 50534 51045 50283 50708 51049 50625 50710 49181 51816 50287 52242 36092 73152 50544 50460 50631 51056 51057 52419 50635 50551 50979 50985 52437 51078 52439
hp 225
t 54656 54751 54678 54757 54674 55001
hp 165
t 48531 32147 32169 32742 32105 48129 32128 31767 48145 32470 48450 32748 48155 30008 32134 32113 32114 31753 32454 32477 32118 32738 32377 32462 32334 32252 29809
hp 265
t 72508 71534 76359 71569 72165 72506 71308 70947 71012
hp 123
t 75476 80477 76716 80583 80478 80457 80480 75445 75360 75446 79765 75447 75510 79804 75363 75364 75365 75451 75366 79807 80425 75432
hp 308
t 79460 79609 79544 77849 80824 80654 79468 79458 79373 79448 79459 79449
hp 98
t 75178 76156 80727 80856 74801 74462 79605 80817 79543 80329 80372 80819 79545 79332 64226 80333 80737 74812 80742
hp 109
t 79216 79727 79728 79218 79220 79221 79223 79734 78884 79735 79225 79226 79737 79227 78887 79228 79739 79229 79740 79230 79741 78550 79231 79742 78382 79743 79777 79779 79104 79105 79107 81828 79108 79109 79110 79623 79115 79117 79629 79120 79122 79632 79124 79125 79126 79127 79128 79129 79131 78961 79302 79303 79304 79816 79306 79817 79307 79818 79138 79308 81858 79820 79313 79144 79653 79314 79827 81017 79150 79490 79662 79322 79155 79665 79666 79158 81878 81028 81202 79167 81887 80527 81889 79849 81210 79680 79171 81212 79176 79346 79177 81047 79688 79350 79691 79523 79184 79185 79186 79866 79696 79187 81056 79357 79188 79697 79698 79189 79358 79699 79190 79870 79359 79191 78851 79701 79192 79021 79193 79703 79194 79704 79195 79705 79196 79706 79197 79708 79199 79709 79029 79031 79716 79214
hp 324
t 69101 68932 69188 61795 69448 69535 69197 45227 45058 69453 69368 69369 69285 69286 45401 45996 68947 69542 69459 69205 45151 62407 69378 62409 69295 62410 62325 45326 68957 45497 69382 69554 69215 69470 62330 69471 62331 45332 66753 69388 69474 62421 69391 69394 45254 69057 46023 69400 69232 62347 69402 69233 46027 45263 69576 69066 68897 43227 68899 68900 69071 69072 69243 69498 68990 68906 69248 69080 69090 69091 69432 61699 69434 69095
hp 306
t 57540 57371 57626 39691 58136 79047 57541 81852 81681 81854 81770 58225 81771 57461 39102 78373 58144 57464 57550 57551 57466 79057 58146 57383 78379 79060 78383 57473 57560 79066 57563 58159 57735 81792 57994 57995 81796 39211 57572 57743 81801 39897 57492 81803 79084 57411 79086 81806 57583 81809 58095 78412 78922 58353 39908 79094 59036 78926 81817 81818 39913 81819 79014 79100 57595 57512 81823 79103 57346 78426 57686 57348 57688 57350 57607 57522 57780 81835 57610 58205 57443 81328 57444 57529 81840 57530 57701 58296 57531 81843 81844 57704 81846 57536 81847 38583 79044 57710
hp 277
t 77167
hp 292
t 27032 43751 26964 26975 43588 43599
hp 115
t 73860 81298 73861 81299 73863 73864 73865 73993 73994 73909 55592 73995 73867 74420 73910 73911 73869 73912 81307 73870 81010 73871 73914 74042 73915 73916 73875 73918 55602 81614 81317 58283 56286 55436 73839 81490 55609 81321 81322 81242 81285 81076 81292 80952 81038 81293 80954 80956 74370
hp 339
t 55107 55086 55259 55110 55262 55104 55105 55064 55255
