ap 0
hp 376
 52991
ap 1
hp 377
 44859
ap 2
hp 93
t 53149 50429 28839 49667 28844 28845 28846 29615 52999 53171 31581 53172 31667 52748 53174 53089 28864 52750 49690 29633 66353 53008 53094 49694 52924 28870 47485 53096 52926 31083 47488 53099 47914 28789 29558 49873 47494 49536 50389 28800 45120 28801 50393 10528 28803 49714 29569 28804 12824 31610 28805 45471 31702 28812 28984 28814 28815 29666 28986 28816 52871 31539 53046 53048 28824 53050 53051 28826 29678 31633 53053 28914 28915 53142 29601 29602 29603
ap 3
hp 36
t 27395 45756 69558 26212 43554 26214 69439 62343 43218 69485 68934 45263 43733 42842 43055 69406 43354 43736 42590 27460 27164 27378 27633 26146 27421 45953 26361 69414 69416 27426 42855 27173 69462 69464 69381 47664 26159 27393 26288
ap 4
hp 378

ap 5
hp 89
t 30231 30253 46393 28872 28895 30331 28950 30237 30312 30387 30239 30315
ap 6
hp 379
 20431
ap 7
hp 380
 20479
ap 8
hp 47
t 43544 26119 27735 45544 43541 27908 42868 25018 26209 114 27868 26299 43555 25834 45002 27408 124 82 27410 26178 44964 27326 26434 26052 27412 28560 27201 26223 26266 26268 24612 42844 28013 27036 50072 26103 25977 26189 25978 27253 26021 43022 43575 42897 26960 43367 26112 26368 27389 26113 25987 26030 42901 26328 28029 24799
hp 43
t 27818 43629 45883 26295 26255 28593 43596 43043 27361 43730 43561 26307 26179 43691 26011 26904 43522 42928 43612 27419 42890 27165 42848 45611 26062 42850 26319 27382 26277 43617 27084 44256 43621 26325 26369 43539 43626
hp 39
t 27052 43587 43588 43546 43589 27821 27187 27742 43765 27701 42918 25708 42836 43729 42923 43520 43521 44456 27881 26270 43568 42931 42847 27849 27212 42854 44129 42898 27726 44428 42856 42857 42900 26963 43624 42859 42903 27392 43542 27817
ap 9
hp 55
t 194 27397 25617 25625 26305 26050 25286 25627 214 25970 25120 26055 25886 25800 25121 25632 217 26057 26568 26313 25974 25294 26059 26145 26060 25891 26061 26147 26402 26233 26148 26063 25639 25131 25642 25132 26067 28107 25984 25985 24627 25988 25989 25990 25735 26415 26331 27776 25907 25736 25991 25822 25653 26338 25660 25661 26341 42153 26089 26176 25751 26008 26263 26348 26009 26350 26010 26435 25927 25928 24654 26440 25931 25932 26018 93 26188 26104 26615 26105 25851 26446 26447 26618 26107 26363 26279 26023 26281 26027 26028 26029 26284 26200 26031
hp 59
t 78332 64243 81881 78864 59357 58869 79864 79099 79355 59678 79741 59214 59152 59195 58727 58517 79345 59860 79177 59628 59501 79732 59863
ap 10
hp 90
t 53405 35046 53833 34964 54600 34966 34967 54602 34970 54438 53928 34888 54184 54185 34891 54782 54443 34978 77564 54019 77394 53425 57250 34980 53426 54106 77396 54192 34897 77143 34898 53769 77314 34899 53770 53773 54113 54028 54114 53774 77404 54029 34989 34990 34991 54031 53777 35758 54119 53269 53780 77409 34910 77412 53868 53703 34921 54814 77510 77425 35011 35266 77426 32804 77429 77260 53460 77090 35016 54057 70632 77519 54063 53809 53895 34940 34942 54068 53899 51264 32992 53903 34948 53394 34949 35034 35035 34950 54330 53821 35717 54503 53823 35718 74822
ap 11
hp 156
t 7480 5275
hp 155
t 32196 2470 48755 48734 2516 2559 48651 3029 2478 2457 24581 32167 25517 28558 24863 25565 2892
ap 12
hp 134
t 2937 2721
ap 13
hp 381
 29627
ap 14
hp 382
 57343
ap 15
hp 61
t 58418 18552 60970 79074 81157 22891 59314 22933 59442 59146 78781 18559 64970 78571 58809 59617 59150 14822 62593 78743 59534 64889 81082 6495 59153 81168 18566 18057 65147 78195 58391 78367 65278 80833 78284 59458 59246 64517 19340 59460 18662 18790 79353 16411 79653 78676 81014 59637 22535 78466 59469 18074 16632 64617 22543 14937 59224 59436
ap 16
hp 383
 16383
ap 17
hp 384
 73727
ap 18
hp 38
t 57360 58551 58636 58637 58511 58512 58640 58556 58642 58515 58473 58559 58474 58688 58519 58689 58860 58477 58521 58734 58482 58737 58697 58529 58487 58658 58702 58703 58626 58669 58670 58372 58501 58630 58631
hp 50
t 59185 78905 16857 81883 17029 60211 16861 34287 37942 58853 6493 37603 61319 18649 58686 17972 80941 58859 81809 19336 17467 38548 39375 40758 36934 38294 58440 59377 59378 18069 58870 59380 38556 14930 39836 14679 33341 40183 37378 16384 18000 19361 58972 80902 40017 14688 16390 16392 57362 14354 59829 39769 59320 18096 59491 57791 81252 39092 57794 18016 57371 81767 39776 39692 19292 58563 39777 38249 37230 37485 18020 16832 57547 58567 81262 39782 57463 17938 39698 81861 58574 17946 81782 18032 79063 58664 15059 17949 57391 57732 39372 80513 18039 19315 37081 40568
ap 19
hp 385
 40143
ap 20
hp 386
 61375
ap 21
hp 387
 32719
ap 22
hp 388
 78846
ap 23
hp 389
 73662
ap 24
hp 44
t 69469 27394 43715 69472 43547 26208 43038 27398 45249 26294 43040 26211 69476 43041 69561 45252 69562 69477 43127 61743 27403 46018 42958 69395 69479 69396 26216 43046 43556 61748 43728 26645 69400 26900 45261 43392 62432 45095 43566 27502 43058 27420 43060 43741 43062 43742 27508 43743 62359 43064 48335 43744 43065 27596 43066 69586 43746 43747 69418 43748 69419 69421 43751 69422 26837 43752 43753 26330 43500 43755 43586 27438 45969 46055 43165 27356 43761 43762 43593 27358 27443 43763 43339 69349 26680 69350 26681 43767 27363 26683 43259 43347 69442 27371 43353 43438 69109 27204 61884 43611 26866 26357 27377 69453 27379 69114 27380 26276 62231 26872 26703 43278 43279 43195 43114 26201 43116 69127 69382 43713 69383
ap 25
hp 81
t 51704 50939 52214 51705 52045 50515 52046 52216 50942 52217 50943 50775 51711 50778 51968 51459 50780 50695 51205 50781 50782 51547 50783 51293 50784 50785 49255 51531 50701 51467 51977 50788 51638 50789 50790 35065 50791 52151 50792 50793 51473 49178 50794 51474 50795 49180 51560 51986 51306 51307 51989 49184 51990 51481 50630 50802 52077 51992 51567 50803 51483 51993 51994 49189 51995 49190 51996 49191 50891 50551 51488 52168 51998 52169 50808 51234 49195 51491 52001 49196 52087 51492 49197 52002 51493 50813 52004 49199 51495 70280 70283 52009 52011 51503 52013 52014 52015 50911 70972 70463 52188 51678 52191 51516 51519 51351 52202 52031 50928 70479 52205 50930 51270 51696 50931 52208 50933 51529 52209 51530 52211 51702 50853 51703
ap 26
hp 390
 54076
ap 27
hp 62
t 39804 39039 38954 39380 39126 58082 39893 39383 57914 39129 39130 39131 81886 39132 39899 39222 39223 81044 55374 58180 55375 39141 81557 39802 38549 81051 39146 58016 81052 81222 39148 57934 58274 80971 57598 57855 58281 57771 58282 39157 78175 38990 58286 39246 57694 39080 39251 39846 39081 39847 57868 39083 39338 39850 81416 57871 57789 81504 57961 58216 57792 81085 58815 81255 57881 81001 38416 57458 57969 38589 39779 57970 38932 74632 57803 57804 58059 39104 58400 39617 58572 39705 39793 39879 39114 39029 39115 39030 58241 39795 39031 38947 39120 57735 39800 39036 58162 39888
hp 49
t 58420 58252 74657 55367 58767 38539 39134 77894 39135 58430 81042 57923 39138 39903 58435 81470 57415 39143 58098 39823 58524 79350 64732 39147 79357 81567 39068 58619 58620 74685 58536 57858 57859 81065 81066 58456 58371 81068 61348 73930 57865 58205 81240 74618 81162 58469 79720 58384 81166 58388 78452 58395 57971 58481 58399 57976 58318 78888 55343 57469 39110 81357 57472 79743 74558 39113 80424 81867 57900 58410 58412 58413 58414 81194 81707
hp 46
t 58166 39127 74659 57745 57748 57921 57754 58265 58268 81048 58270 58018 39149 57935 58445 58020 58277 58617 81907 58278 74598 58447 57939 39154 57768 81229 58280 78850 80976 58027 57943 58283 79788 58285 39840 57946 79706 58032 57863 57949 39844 81069 81154 81155 58206 73932 81413 73934 73849 81247 57960 81506 81423 81338 75729 57880 57965 57795 79812 57883 57968 58393 81259 58394 57802 57889 57975 57890 81180 79821 57892 79738 79823 79739 58404 79060 58240 58495 57901 57902 57903 58245 58415 81706 39121 58248
ap 28
hp 85
t 66069 31177 73295 31603 73381 30456 31136 72830 49413 31604 66285 68538 66456 47459 47503 47506 50398 31741 30750 31531 73352 50915 73313 31536 30219 31197 45351 66006 31198 30731 66304 31497 47265 65965 31117 66477 31034 31204 31503 30994 30271 30783 31548 47444 66272 31210 66401 28873 31211 73116 72905 49701 49702 50425 50085 66235 31599 49874
hp 79
t 71169 71467 71383 71384 71002 51497 70452 53919 51457 51500 51458 51542 51501 71051 52182 71456 70310 69887 52210 69720 70995 69934
hp 83
t 53492 53790 69984 70070 34965 77423 77680 34968 77511 69989 69692 77427 77725 77428 54182 71267 77686 69696 77431 77178 77561 53379 51510 77179 51511 54826 71190 77820 77439 71362 70855 53430 51477 53857 70987 52033 71159 51482 52034 52035 52078 52036 53779 34951 71204 70992 52037 54206 71461 71164 53403 71165 77668 53358 53401 69636 52042 69977 77415
ap 29
hp 45
t 78226 77886 77887 78227 59528 58848 62758 51709 22638 78228 78229 78230 6490 59531 59701 59021 60385 78236 60386 59877 81297 59708 78239 60219 59709 79430 79601 60050 79603 60395 79606 78755 78246 59717 79608 18748 79438 80798 79609 80799 59889 78249 78251 79612 59724 59725 78936 14677 79448 79449 59900 78263 60244 59568 59742 59403 81843 78274 78786 78277 78278 78279 60090 78791 65022 18614 79645 78285 65026 79307 80840 64864 78297 78468 80849 65041 78471 81192 78305 80855 78306 59437 17109 78479 80012 78313 59614 60974 78146 78317 78487 78318 78148 64891 57413 80876 41776 59457 80539 64899 80712 78502 65077 78510 65081 65082 78514 65085 59646 23610 77840 22760 77842 77845 77846 59317 64246 78528 14608 59149 77852 78193 24304 78705 59666 78196 59669 22612 22613 78203 57464 65115 80756 59676 77867 22789 22623 78553 77874 59685 79406 78216 78217 59692
hp 48
t 26969 65856 43076 66962 43503 27098 45884 43759 43037 61653 43591 27400 69391 27359 66969 42915 42619 26766 43257 43044 43766 43768 43769 43345 26855 69441 43772 43518 61581 42839 43350 43605 43775 43267 43565 43651 24611 44203 27416 24824 43739 26358 66988 43657 62910 43573 43828 61508 61679 43531 43107 42812 43068 45959 43111 42814 66956 26327 42562 27518
ap 30
hp 157
t 2598
hp 153
t 48134 24674 8695 48815 24677 25358 48650 48481 2923 32164 2755 48485 8705 32166 48486 48487 8707 48488 48828 48813 2420 8201 9051 2932 48663 25543 2424 8714 25546 48668 8719 2940 2602 25553 9064 25555 48506 8557 8728 9069 2270 8731 8397 9080 2451 32372 2624 32375 25578 48192 8924 2467 48707 8248 2639 9270 8933 9109 25090 9111 8264 2655 25606 48217 25608 48729 48219 48730 1811 48732 25102 25103 8954 8274 48735 48736 9127 48398 25448 48744 2674 3015 48746 3017 48748 3018 48238 9139 48750 24610 3020 8631 2172 8632 48753 25463 8634 8977 8978 25468 8980 1508 32278 8309 3040 32281 25992 26333 9163 8995 2711 2542 2208 32131 24653 2555 48795 2386 8509 48800 26360 48801 25511 48802 48803 48805 48806 48976 2227 48808 25519 8519 48640 48641 48642 2573 48643
hp 53
t 21189 21190 21573 21575 18091 18983 21195 21067 21196 7299 6748 21028 21200 21072 5688 19671 21117 6072 15083 21118 5733 7051 21757 8072 5395 21038 7100 6761 18364 7402 5745 6979 28866 7319 6991 7022 5961 7919 21012 21735 18973 21013 21184 24202 21056 7372 21059 19699 81153 6820 7119 21188
ap 31
hp 391
 65422
ap 32
hp 392
 56590
ap 33
hp 393
 20463
ap 34
hp 394
 24575
ap 35
hp 69
t 44905 20595 44993 44995 20770 44996 42106 44997 44998 44915 44916 45004 44919 20609 45005 44921 42967 45008 20614 42120 44926 44927 42128 20624 20880 42048 42052 20634 42142 42059 20641 42147 42149 44956 42151 44957 20904 44959 42154 42921 42156 20907 21249 42159 20655 20741 20656 21337 44883 44884 44971 44903 20577 20662 20833 44973 20663 20494 20579 20749 20835 44975 44889 20921 20751 20666 44977 20668 20669 44980 20585 42090 20671 44983 42178 44814 42095 44986 42181 42182 20593 42183
hp 80
t 49154 31135 49156 66327 47287 49157 66328 49158 49159 66330 47120 49161 49163 49164 49166 49337 49167 31488 66340 49170 31152 30983 66343 31154 73314 73315 31155 66348 66349 49179 30990 66350 66493 49181 31672 31164 49697 31678 49188 49700 50040 47150 50041 50042 47492 50043 31514 46136 49200 49711 49201 31186 47339 47509 50061 31191 47342 73186 49730 66391 66392 50412 66394 73024 50417 47527 66400 50081 31041 31551 66402 50082 49742 47532 50084 66406 66407 66409 31220 66413 31053 49753 50095 31565 50096 73217 50099 49249 73220 73221 49251 73222 73223 73224 73225 47215 73226 30726 31576 73227 73228 31068 73229 73230 73400 30732 73232 73233 66433 73234 66434 47224 31584 73235 30225 73236 30226 66437 49439 66441 66443 50124 73244 31084 50125 31595 30746 73246 73247 50127 30747 66448 66447 31089 66449 66450 28880 66451 69512 66452 50133 66453 31093 66454 50135 31095 67135 28886 50137 73258 66459 31101 50141 30931 66462 31102 28892 47253 73264 28893 30764 73265 50146 73266 73267 50148 73268 30258 30259 73270 66471 30942 30775 73275 66305 66306 66307 47268 30780 47270 66310 30782 66486 47108 66488 66489 66319 31130 66491 49152 49322 47453
hp 84
t 71041 70064 71170 52175 51453 69644 71005 69645 76871 77126 70073 69988 72369 77384 34884 71264 77385 71265 71349 77386 76877 77472 71183 77430 77559 71185 34849 69699 77477 69743 77435 71445 51640 72338 72381 69723 70598 71152 34900 71366 53901 71371 52171 54032 69927 51272 71206 53441 34911 71207 53485 69932 70612 77172 69933 69935
hp 102
t 58758 57401 81159 81076 81331 57361 81077 80993 81248 81079 81249 81164 81250 81165 81336 81251 81337 80997 81167 73900 81253 81084 81254 81000 79810 81087 81045 81258 79813 81047 81005 80920 81303 79815 81049 81050 73995 81732 58064 81227 79740 73877 81144 81273 81573 81277 80896 57396 81071
hp 228
t 78650 77885 58845 78480 81796 79247 78312 78908 78484 78655 78485 79591 78486 79592 78488 78489 78490 78491 78492 58943 78493 78494 78409 78495 78411 79602 79604 78500 78586 78416 60397 78503 78418 60398 78504 78419 59124 78505 78420 78506 78421 81737 78508 78423 81739 78509 77882 78511 78513 78428 78429 78515 78430 78431 77844 78439 78529 78444 58980 78448 78874 78449 77855 78450 78451 78537 78538 78453 78878 78539 78200 78455 78201 78287 80670 78545 78460 78546 78461 78462 78463 60274 58489 78464 78550 78465 78551 79574 78470 58753 79579 78561 79582 78648 79583
hp 101
t 71849 67812 63519 76016 71895 80014 80186 80187 76022 63570 67825 63532 67826 63534 72418 71910 63538 71913 80033 71917 67838 71876 71919 71877 75831 67800 80847 75832 67801 76172 63552 71883 63510 71884 80002 64234 71800 67806 71801 63513 71888 71891 71846 71804 80007 67810 67811
hp 260
t 23044 23148
hp 229
t 59098 58759 58463 58421 57572 58081 58720 81671 60208 60251 58764 58722 58638 57364 58385 58386 81805 59111 78406 58389 59112 81807 58390 57583 60390 59117 58736 59077 58738 59080 58740 57423 59082 58785 58830 59087 81741 57856 58748 58791 58749 58750 78302 58794 58795 59521 59096 58757
hp 338
t 21018 21785 41377 21191 21743 20936 20640 21746 20897 41339 20898 21748 21111 21197 21199 20903 21245 21075 20906 21714 21715 21758 21078 21716 20909 21759 21037 21717 20911 20912 20870 21550 21126 20493 21725 21727 20838 20882 20925 20883 20885 21140 20886 20589 20887 21185 21186 21187 21314 41333 21740
hp 301
t 48346 47602 48359 47712 47563 47586 47597 47577 47716 48364 47717
hp 272
t 49174 49176 49177 49168 49169 49183 49162 49173
hp 274
t 52044 71063 71064 71043 71065 71044 52047 71088 71364 52218 71089 71067 71068 69879 52220 71027 71006 71071 69991 69633 71017 71060 69998 71061
hp 68
t 21147 28138 28309 961 983 21088 838 965 987 287 967 331 21079 503 28298 290 21180 4626 526 123 28343 888 294 28174 4269 28346 28347 511 28349 320
hp 255
t 67176 67518 67519 64460 64462 67184 67524 64464 67526 63108 63788 64130 63790 67530 66851 68552 68554 67534 67535 63119 63121 63122 68223 68224 67547 67887 67551 67213 68235 68236 68243 63143 62804 67904 63145 67905 67566 63827 67228 67229 68249 67569 63152 68254 67234 67236 63157 63160 67580 68601 67242 67244 67924 67246 63166 68268 67249 67933 61477 67938 67939 65562 63185 68285 68286 61487 68296 67276 67277 64411 66940 68641 62865 67971 61519 68153 63231 68154 67994 61535 68336 64256 64385 64386 68682 68344 64264 68687 68007 64268 67329 68010 67331 64272 68013 64278 63939 64279 64280 67681 64281 64284 67345 61567 64289 64290 67011 64291 67352 64292 67014 67015 67695 64295 63956 63280 67362 67365 63965 67367 67027 63967 68728 68729 62949 67029 68730 63969 64309 68731 67371 64311 67372 62952 63971 67033 67373 63973 62954 67374 64313 63975 64317 67038 64318 64320 61601 64321 67043 64323 63986 64326 64328 68068 68070 64331 67392 67393 67394 67395 67396 67056 67057 67398 64338 63999 67400 67060 64340 64341 62982 62984 68764 64344 63664 63667 64347 68768 67408 62988 68769 68770 67410 68772 67414 62994 67415 62997 67417 67418 67420 63000 67423 61643 63004 68104 63005 63006 63007 61647 67429 67430 67431 64372 63013 67433 64373 61654 67434 64374 67435 64375 67436 64376 68116 67437 63017 68797 63018 67438 64377 67439 68117 68119 63020 68800 64380 63021 68801 64381 61662 67442 63023 67443 68803 61664 63024 67444 63025 67445 68124 63026 68806 64384 63027 67447 68125 67448 63028 68126 63029 64387 64388 63030 68810 61671 68131 63032 68812 67452 63033 68813 64412 63034 68814 63035 64395 67456 68136 68137 64397 64398 68819 63039 64399 67460 68820 64400 63041 67461 68141 67462 64401 64402 67463 61683 63043 67464 64403 68144 67465 64404 68145 67466 63046 61686 68827 67467 64407 67468 68147 64408 67469 63049 68829 67470 68830 68148 67471 68149 64409 67472 64410 68150 67473 68833 68151 67474 61694 68152 68835 67475 61695 68836 63056 67476 63057 68156 68157 67478 68158 64418 67480 64420 67483 68843 68846 67487 67488 68168 63069 64429 68510 80070 64430 68170 64431 67492 64432 68172 63075 67496 64436 63077 67497 64437 67498 68177 63079 64439 63080 68180 63082 68862 64442 67503 64443 67504 63084 67844 67505 67506 67507 64447 63088 67508 67509 72269 67510
hp 248
t 63009 66920 63016 61486 63019 61660 61661 61665 61666 61667 61668 67023 67278 61669 61670 61672 61673 66943 61504 61675 61505 61676 67457 61507 67458 66915 61509 61680 61510 61682 61512 61513 61515 61520 68832 68834 61526 68837 67477 61527 61442 68838 61528 61443 67479 61531 67311 67485 68847 66560 61462 67413 61464 66564 61550 67416 67419 66572 66998 66573 66744 66829 66574 66830 67000 66831 66745 67001 66659 67428
hp 176
t 25993 25994 25995 24933 25996 25997 1552 26343 24643 25112 24687 26346 25113 25624 25199 26349 24608 2975 26351 26608 25164 25122 24613 26058 24614 28569 25256 24664 25133 25899 25986 1549 2951 24839 25138 25649 26116 25650
hp 262
t 62754 65475 80777 62928 65478 62759 64800 65141 62592 64802 64803 62763 64804 62595 62596 80786 64806 62598 77898 65488 80788 64639 65489 64809 62600 65490 64793 64810 65491 65492 65323 62603 65493 63453 65494 64814 80794 65495 65496 65497 62608 64817 62778 62609 65499 62610 64990 64991 62611 65501 62612 62613 63463 62614 80803 62615 62616 62617 63467 64658 63468 62619 63469 63302 62963 62623 80813 64665 65516 62797 64837 80818 65518 63478 65520 65351 80821 63141 65352 64842 65353 65522 80823 64844 65524 64845 65525 65185 64846 65526 63485 63147 62638 62636 80828 65528 65529 63149 63490 62641 65531 65532 62812 65533 63494 65534 63495 65535 62815 62647 62817 80837 63497 62818 63498 62819 62820 64691 62821 62652 62822 62653 63503 62654 63504 62824 62655 63505 62825 63507 62827 63848 63168 62999 64700 63002 63172 62832 63173 63176 63178 62839 62499 63691 62841 63012 63181 63183 62843 79411 65225 63357 63187 64039 64894 63876 63198 64049 63879 63880 63031 63882 63883 63884 64225 63037 63887 63888 64229 63040 63550 79362 63042 62874 63045 78174 62876 63047 79368 62878 79369 62880 79371 62881 63221 62882 63223 62883 62885 63225 62886 62887 64248 62888 63228 62889 63059 63060 77848 62720 64251 62722 62892 64932 62724 62725 79385 62895 64255 62727 63068 62898 62899 62730 62900 62731 62901 68852 77862 62902 62733 62563 62735 62905 64776 78206 63926 62737 80757 80758 63587 62566 80759 62739 63589 80765 64615 63597 79408 62918 63089 78051 65472 65473 67343
hp 82
t 49708 50431 51578 53322 50900 65606 67173 50902 49543 51969 50864 49547 49165 49421 49252 49593 73351 72845 49555 50235 50873 72847 51980 52066 52067 49262 49773 51983 49858 31626 73362 50158 50839 52114 73321 49692 50161 50416 52076 73327 50763 31639 50934 49192 71632 49193 49705
hp 110
t 60394 79222 79308 79266 79309 79564 79310 79565 79225 79651 79312 81055 81183 79654 81906 79275 79658 79327 72540 79659 79170 81191 79301 79302 81173 76732 79348 81175 79349 79264
hp 302
t 46647 66347 45289 48052 46651 48011 46652 48055 45294 45273 48057 45275 48017 47595 45280 45284
hp 270
t 63944 80859 78224 80865 80866 80868 80870 64041 78150 64211 79426 79427 79428 65404 80877 63878 80029 80879 78162 79437 78077 64224 79439 65500 41956 64227 63547 63548 63549 79361 79363 77833 77834 79365 41880 64235 79366 64236 80047 79453 80814 79370 65091 64242 80817 80734 80819 80735 78272 80744 79384 80831 63577 80832 80753 65028 80838 78290 63500 80842 78296 80762 80848 80764 79405 62915 78046 79407 80852
hp 293
t 72358 80518 72359 79414 67940 79415 67941 80523 67776 72366 80781 67778 71348 67949 67780 67950 67781 67951 67782 67783 67784 80364 67785 67786 67701 67787 67702 67788 67703 67789 72464 67704 67790 67705 67791 67706 67792 67707 67793 67794 67454 67795 67711 72471 72559 71710 72137 71715 72311 80558 63558 72400 72316 68579 67899 72151 68581 67901 71729 72409 72155 72070 67822 67652 71733 80830 71736 72076 67657 72417 72077 71737 71738 67744 72419 71739 67745 67746 67747 72422 67748 75827 67243 72175 72346 67843 80257 71928 65637 71758 72353 71929 71930 71931 67936 80262
hp 263
t 63435 62756 62757 63100 79420 63440 64801 63441 63102 78742 63442 80783 63443 63444 63105 63446 62767 63107 63787 63109 63450 80791 78071 63451 80792 63112 64813 63114 63116 63456 63117 65157 64137 64819 63459 64139 63120 80801 63462 65503 63124 80805 65505 62786 64147 62788 63128 63808 62789 63129 65169 64830 63130 80812 62792 63472 62793 65512 63473 62794 62795 63135 63475 62796 78097 62798 64839 62801 63142 63482 62803 63483 64504 62805 63825 62806 63826 63486 63828 63151 62811 62471 63492 62813 63153 62473 63154 62816 63496 62476 63837 63838 63499 63839 64179 63840 63161 63841 63501 63502 64523 63164 80845 62826 63846 63167 64527 64528 63169 63849 63170 62831 63171 63851 62491 65212 63512 62833 62834 63174 63175 62835 65215 62836 63857 62838 63858 63179 63859 63180 63860 61481 63861 65221 62502 63862 63863 62844 61485 62845 62846 63866 62847 61828 63868 61489 63189 63869 63190 63191 63871 65231 63192 63193 64213 61494 64214 65234 61495 65235 61837 63877 63199 61839 63881 64222 68643 62868 64228 63210 64230 62871 63551 62872 62873 64574 65254 62877 63217 65257 64237 62879 64239 62884 63224 64584 64926 64586 63227 62547 64247 63229 63230 62890 62891 62893 62553 62894 61534 64935 63575 62896 62897 64937 77859 63240 63580 63920 63241 63921 68684 63925 63586 64606 62907 61548 63928 63929 64609 64610 63930 63931 64611 62912 62572 62913 64273 64613 62914 64274 63934 63255 62574 63936 63257 63937 64958 63598 63599 64619 62920 61560 62921 62922 63262 63942 62923 64623 63943 63264 61564 41843 63265 64624 63945 63266 63946 63267 64627 63268 64628 63269 62929 62930 64630 63950 62931 62932 63952 62934 62594 62935 63275 77895 62936 64636 62937 64637 64638 62939 63279 64981 62941 62942 62602 64302 63283 62943 63963 62944 64643 77904 62946 62948 63288 79610 62950 77910 64312 64314 62955 63296 64316 63637 62958 63978 62959 41879 63300 62620 64660 62961 63301 62621 62962 63303 62964 63304 63305 62965 62625 62966 63306 79966 62967 63307 63646 62968 63308 64666 63309 62969 64668 63310 62970 64670 62971 77931 62972 64672 62973 64673 62974 62975 63318 64678 64681 63323 64683 64684 62645 62646 64688 79989 62650 63670 62651 64692 65034 64694 64695 64017 64018 65039 62660 61641 64701 62664 65131 41249 59612 64035 61996 63022 61663 64047 63368 63370 64740 62701 64063 61685 62027 65436 65097 64077 63062 62752 62753 68849 62729 68850 62732 62734 80760 63760 80761 63424 63085 63425 78045 63426 63427 64787 63428 63429 64789 63769 78730 64109 63431 63432 80773
hp 264
t 41419 41674 22551 60632 22554 41424 59615 41425 41426 22641 22557 41428 41429 22560 41430 22561 41431 22562 22563 22564 59284 41434 78749 41860 22565 59285 41435 59286 22566 41436 22567 41437 23163 23248 59288 41438 22569 41439 59291 59632 22572 22573 22574 41869 22575 41870 23257 41447 59638 41448 41449 22749 22750 59470 41450 41451 22922 22751 59643 41457 59392 22928 22758 22929 41458 41459 59310 41461 22592 59227 22594 22595 22596 59316 59401 22597 22768 22599 22769 41469 22770 22601 41471 22771 22602 22603 22773 22604 22774 41305 65360 22605 22775 22606 22776 22607 22777 41903 22778 22949 59244 22779 59418 22614 59419 22956 41146 59424 59425 22536 59426 59597 22962 59427 22539 59429 59431 22798 22544 22714 22545 41414 59435
hp 78
t 50726 71637 50728 71638 50732 72875 50777 71646 71647 68037 66679 66685 49264 67073 71451 50755 71665 51988 50119 71666 70986 73282 71584 71542 49314 71500 71544 71672 70950 70951 68488 72866 50724 67087 72868
hp 335
t 45757 45758 68709 62421 69394 61744 61576 61746 69398 43048 61749 43050 61750 61751 61582 62433 27584 69404 61754 43225 61755 62435 61756 61587 27587 43057 61757 27588 61758 69408 43228 27589 62438 69072 43232 27593 43235 27595 69417 43237 43238 45962 69082 27602 69423 43244 26928 45968 43248 27609 26929 27610 61441 45973 45974 61451 61623 61624 69444 61625 61455 61626 45986 69446 69447 61628 69108 27628 61629 69449 43439 61630 69110 61631 69115 69455 69117 68611 27473 27645 27475 27646 69467 45507 45508 69486 26652 26822 68816 46036 26827 45698 26832 45704 68994 69337 26838 26839 45713 26843 45714 68664 45715 45716 69346 45717 69348 45719 45720 26850 61704 45724 43685 45725 61706 61536 45727 61537 61708 61539 61712 26862 61713 26863 61715 43695 45736 45909 45740 45742 26874 26876 69376 69377 26878 45749 69551
hp 300
t 46957 47035 46945
hp 269
t 63008
hp 273
t 66463 66411 50113 66438 73238 31566 31589 66483
hp 175
t 28158 28288 195 28289 28290 28333 28120 28291 28334 26592 28590 28294 27784 28327 28466 27917 28129 25792 28470 26602 28005 28304 28432 28264 26565 28606 28096 28097 28098 218 28312 28099 28142 28313 220 28101 28315 27976 27763 27977 28104 28275 27978 28105 28106 25854 26492 231 28111 27987
hp 181
t 42864 44991 44994 42869 44912 20772 44913 44999 20944 42960 45001 42111 45003 44918 42113 44920 42966 45007 44922 44923 42970 44925 42972 42973 42123 28015 20621 45017 42979 44850 42132 42133 42134 42135 42986 42136 42137 20632 42139 42140 28036 44954 44958 42158 20742 44882 44968 42163 44970 20660 20746 20661 44972 20748 42084 42085 44976 42087 44978 42853 44894 44895 44981 44982 28072
hp 107
t 80858 80860 64117 63779 80015 80185 63525 80867 80188 79679 80529 79510 80531 80871 80532 80533 80534 79429 80535 79516 80537 79432 80538 79433 79434 80454 79520 79435 64220 80797 71873 79523 61674 80544 80800 79526 79613 79443 80549 80720 80721 80551 80722 64231 80724 79534 80554 80725 79875 80556 80727 80557 80815 80731 80816 80732 79372 80562 79373 80733 79374 79375 63565 80820 79376 79632 80822 79633 71898 79635 80825 79636 80741 80826 64252 80827 80573 63488 80745 80575 80746 80747 80152 79304 79560 79477 81008 80159 79991 80841 79992 80078 80843 80334 79485 63506 80851 79664 79666
hp 111
t 79584 78481 81203 78911 79594 81295 77853 79474 79561 79476 59714 79096 79098 79568 79569 78507 79570 79571 79614 79572 77872 79573 77873 79575 77875 79236 79239 77879 79580 59095 78900 79581 60288
hp 295
t 71274 72340 72362 75826 71168 75829 76173 75834 72349 75835 75814 71841 72309 71843 63726 71802 75819 71273 71444
hp 113
t 73893 73894 58255 73898 74153 73985 81637 74158 58264 73989 81469 39140 73908 73994 73911 81308 73916 73831 58276 73917 81312 73918 81568 73919 81314 79699 81569 74093 58284 58287 81323 74100 81412 81327 74102 81500 81501 74617 81417 81418 81420 81421 81508 81509 81510 81511 81427 81514 81348 81264 81521 73872 81522 81268 73874 81269 73876 81271 81356 81526 73887 81528 81359 81274 81529 58242 73882 58243 73883 58244 58246 58247
hp 303
t 46561 47592 47873 47874 47875 47897 46735
hp 226
t 58506 58676 58700 58877
hp 164
t 63218
hp 182
t 69384 46859 47033 47968 46014 69389 69559 45250 46611 47802 69393 69308 47803 46020 48060 46870 69310 47723 46959 46874 46706 46876 45262 46537 46877 69403 26817 46878 45944 46029 26819 69405 45945 46455 47645 45946 46030 69407 46031 46881 47901 46458 46460 46548 26828 46889 46892 46808 26835 46897 69252 47918 69253 46729 45285 26840 69255 26841 69256 47667 48007 47752 48008 69088 69258 69089 69429 69259 69090 45970 26844 45971 45206 69261 45972 69092 45292 69433 45293 69263 46906 47928 47588 69435 45975 26849 47590 69097 69267 69098 46913 46744 46574 46915 45981 45983 46919 26860 26861 46496 69107 46498 45989 46924 46584 45990 45991 69451 46501 46926 47097 45993 46509 46766 46936 47582 69380 46856 46602
hp 171
t 26672 43034 26673 27608 26674 27611 43039 27613 27022 26692 27627 26693 26695 26653 27631 26654 43059 27462 26698 26656 26700 26658 27465 26701 27636 26702 26660 26661 45701 43406 26662 43026 26665 27600 43070 26666 27601 26667 45706 43030 45750 26669 27604 43033 26671
hp 185
t 2996
hp 323
t 23245 22959 23236 23130 22791 22946 22591
hp 254
t 63604 67344 68025 63606 68027 63947 63608 68028 63609 68029 63610 63611 68031 67876 67883 71803 63645 63648 63649 63650 63941 63651 63652 63653 63654 63656 67908 63659 63829 67910 63831 63834 64345 67915 63836 63671 63672 63842 63673 63843 63844 63675 67584 63845 67926 63847 67927 67928 63850 67930 67590 67591 63852 67592 67932 63853 67593 67594 67934 67595 63855 64368 63690 67600 63692 67942 63693 67943 63694 67603 67944 63695 67605 67945 67606 67946 67947 67607 67948 64379 67609 63870 67610 67611 67612 67683 67616 67617 67618 67619 67620 67621 67622 67623 67626 67628 67629 67631 67979 67984 67986 64417 67988 67648 64419 67649 67650 67651 67653 63744 68165 67655 63746 67997 67828 63748 67658 67829 67998 67999 67830 63749 67660 67831 63581 67832 67661 63582 67833 67662 67663 67834 63583 63584 67835 67836 63756 67837 63601 63757 63758 63759 63590 68022 63592 63932 63593 63594 67334 63595 68016 67847 67337 68017 68018 68019 63600 68020 68021 63602 63603
hp 324
t 21358 44649 21531 44566 41336 20895 44908 23191 20642 42148 20686 20601 22261 20645 21412 22007 21923 22264 166 28259 20651 22267 20652 44792 44963 21333 45006 20657 20488 20531 21934 22063 44505 22291 20580 20495 20750 20665 20581 44805 22239 21517 22280 20924 21563 22712 41669 44985 21908 21440 23438
hp 271
t 63052 63010 63053 61525 63948 63140 63226 63014 63015 61656 63051 63186 61529 67310 63188 64070 67401 63194 62855 62814 68808 64391 68727 61690 63585 68856 68134 62993 61678 63081 61636 63123 68138 61681 61469 63213 63001 63044 63048 63091 63050 63177 63220 61563
hp 339
t 44904 41378 22255 22553 42188 20725 23064 22258 42191 42871 22132 22219 22263 43853 20648 23071 20522 44917 42028 20908 22226 20484 20485 44966 22909 42079 20664 44979 20626 20500 21903 20927 20587 44812 44813 22247 23225 20506 22249 23184
hp 103
t 79180 79223 80560 79224 79267 79736 79820 80968 79737 81181 79822 79527 80942 80527 81059 78222 79701 80700 80488 79703 78325 79346 79347 79306 79221 78924 79711
hp 298
t 64029 62755 64031 79332 62588 80864 80184 64036 63271 63272 64038 78063 63274 80869 64040 64042 63261 64044 80771 80790 64046 63536 63282 64048 80878 61498 63284 64050 63285 80540 80795 64306 62180 64136 64052 63542 63543 63118 63458 64223 63544 64735 63545 63885 80545 64226 63461 63292 63546 63886 63293 63294 62785 63553 64065 80130 64066 62791 64068 64069 63474 80134 64071 64073 64074 62799 80736 64079 64080 64250 79976 71902 80062 80743 80829 63320 64000 80150 64086 63322 64088 80749 64089 64090 64005 80751 61458 80754 79990 80844 80335 63250 63517 64186 63252 63508 64019 64021 63688 59348 63258 80853 64024 80769 63259 64025 80005 64110 64026 63260 63516 64027 41842 80857 64028
hp 96
t 81198 77884 81199 79245 78906 81201 79587 78144 78570 81887 78235 79596 78916 78918 78408 78919 79770 81217 81218 81219 78925 78585 79095 78926 81220 78927 78587 81054 81904 81735 81905 79100 81736 81738 81909 81910 81231 81911 81742 71882 81912 81913 81914 81915 81916 81747 79622 81918 79198 79626 81156 81158 78100 81163 79638 81169 81256 81172 79303 79218 78879 81174 79305 78880 81195 78881 81176 81261 78882 81177 79733 81263 81178 78883 78884 79735 80330 78885 78886 79566 78889 81184 79315 81185 78891 81186 79657 78892 81187 81188 81189 81190 60366 78896 78897 77877 78898 81193 78473 78218 78558 78899 81790 81875 78560 78901 81196 81197
hp 64
t 27777 28077 26607 28017 28123 28018 27997 28019 27785 27999 44257 27916 28023 27194 27832 26494 43580 28026 27986 27984 42115 28006 26582 28028 28007 170 27839
hp 299
t 63605 63607 63612 63613 67779 63614 63615 63533 63540 63541 71872 71874 71875 67796 71878 67799 63889 63891 67802 67804 63725 67805 63555 67807 71889 71892 71893 67813 71894 67815 71897 67817 67818 63568 71899 80739 71900 67820 67821 63572 67823 71903 63573 67824 63574 63489 63576 63491 63578 63493 63579 71912 71914 63924 71916 63591 63509 63680 63596 63511 63682 71842 63684 63514 63685 63515 63687
hp 166
t 47725 48063 47713 47591
hp 180
t 28159 28074 27991 28161 28078 28081 1009 44869 27998 28083 27744 44872 28043 28001 27745 44066 44874 974 28305 28008 28009 28476 28010 28265 28011 28395 982 28057 28062 28064 28114 28073
hp 100
t 80477 79671 80478 64075 80522 79673 64245 67777 79677 63527 64249 80528 80784 79340 80572 71820 64043 80874 71823 80536 64221 63331 80248 80546 64184 80547 80208 71879 71923 80808 71799 64064 80809 71885 80810 80258 71887
hp 268
t 64974 64847 64794 68822 62607 65001 65331 65310 64811 65354 65355
hp 315
t 19226
hp 168
t 42694 42697 42698 43380 42700 42703 42705 42876 42877 42368 42879 42369 42709 42370 42371 42711 42713 44924 42373 42374 42375 42377 42378 42039 42379 42381 42721 42384 42385 42046 42386 42388 42389 41709 42390 42391 42392 42393 42734 42394 42735 42395 42402 42404 41389 42412 42413 42414 42756 44969 42080 42420 42421 42081 42082 42423 42083 42424 42086 42426 42428 42429 42430 42431 42612 42952 44992 42613 42953 42614 42954 42615 42955 42618 42112 42122 42293 42640 42985 43666 42141 42653 42143 42655 42658 42152 42665 41985 41986 42667 42157 41988 41989 41990 42160 41991 42671 42161 42672 42162 42673 41993 42843 41994 42674 42675 44885 41996 42166 41997 42677 41998 42168 41999 42679 42171 44892 42685 42005 42687 42007 44897 42688 42689 42009 42690 42180 42691 42692 42693
hp 177
t 2994
hp 105
t 76355 76356 71087 76528 76529 77039 76530 76360 76531 76361 76532 76362 76533 76363 76534 76535 71266 76539 76369 76540 76370 76541 76371 76542 76372 76543 76373 76374 76375 76376 75527 76377 75529 76380 75700 72641 76381 72642 72643 76383 75534 76384 75535 72644 72645 75705 76386 76387 76389 76390 75710 76392 76393 72653 76394 75545 76395 76396 71976 72657 76397 72659 76402 72664 72667 71822 76415 72676 75232 75234 75235 72685 75236 72686 71837 72687 72530 72531 71344 71855 75603 72544 76117 75608 76288 76289 76293 76123 76294 72554 76464 76465 76466 72557 76298 76468 75619 76469 76300 76470 75621 76302 75622 76303 76473 76474 76305 76475 76476 76477 76479 76310 75631 76312 72573 72574 76314 72575 76488 76319 76489 76492 71227 76497 75817 76498 76499 76500 76501 76503 76334 75824 76508 76509 75830 76510 76511 76515 76516 76518 76519 76520 76521 76352 76353 76523
hp 165
t 43721 62856 61488
hp 106
t 79331 79333 79335 79336 79337 79338 79678 79339 79341 79343 79344 79605 79521 79522 80543 79524 79525 79698 79359 79530 79532 79533 79364 80894 79535 79451 79624 79634 79296 79637 79297 79298 79299 79469 79300 79472 80748 79644 79559 79646 79647 79562 79478 79479 79480 79311 79481 79482 79313 79483 79314 79484 79316 79656 79486 79317 79318 79488 79319 79320 80766 79321 80767 79322 79323 79324 80854 79325 79665 79326 79667 79497
hp 265
t 22549 22634 22974 22550 41420 22636 22552 41422 41338 65309 23234 41673 41340 23151 41427 41342 22558 41767 41683 41090 42026 23157 41262 41092 23244 23246 23161 41777 22568 22570 41100 41101 65330 41276 22576 22917 42043 41280 41281 22581 41283 65338 22583 41368 41284 41285 41286 22586 41288 41289 22589 59309 41290 41460 22931 41291 22593 41379 22935 41296 21576 22937 21577 41297 22938 22598 41468 22939 41299 41470 23142 41302 41387 41304 41219 22944 59409 21584 22945 59410 41307 59413 22950 22780 59415 22952 22531 59421 41232 21257 59422 22617 22618 22619 22704 41587 41237 22368 23219 22624 22709 41240 22540 59430 22710 44554 22711 41326 23136 59432 23137 59433 22884 23224 59434 22629 41329 22715 22546 22630 41416 23227 22631 41417 22547
hp 174
t 25909 25867 26570 25848 27782 26232 26106 26574 25917 28021 26576 27852 25919 26026 25877 44067 27918 28599 26538 26560 28325 26563 27988
hp 334
t 66837 46013 43125 69309 61578 69315 69401 26816 68976 69402 61753 69064 69065 68980 69066 68981 62436 45947 69067 68982 68983 26824 61759 68985 68986 61761 68987 69073 68988 68989 68990 69076 68991 61766 62447 68993 68995 69336 45282 69424 69087 45287 69430 69093 69094 69096 69351 61703 68928 45980 69016 69357 67489 69104 45984 69359 45985 69020 68937 68938 69024 68939 69028 45994 69029 69284 45995 69030 69116 69031 68947 69118 69119 46000 69035 68950 69037 69038
hp 65
t 450 579 962 454 28164 327 498 413 28336 500 28338 330 289 801 28341 291 333 28257 1013 845 335 1016 1017 28132 508 338 1018 1019 28348 978 28307 28350 980 300 28351 301 981 1023 984 28271 28314 4261 988 20752 991 28280 28027 21101 1000
hp 97
t 58079 59101 58761 78907 58762 57573 59103 79078 58423 59104 58425 59105 58765 58426 59106 58766 59107 57407 58428 57408 59108 58429 59109 59110 58685 58431 57411 78917 59113 59114 59115 39821 59116 58096 78922 57588 59119 58526 59122 58953 57510 58871 57428 57429 78084 57515 57430 57431 58707 57433 58793 57434 57435 81917 57437 58373 81664 57439 58374 81754 58549 58379 58811 79072 57369 57370 57457 57372 79048 57374 58396 58397 58826 57382 57383 58743 58744 58915 78890 58406 58407 57387 57388 57389 58409 59005 57393 58754 58755 58756 59693
hp 169
t 28032 43756 43714 27947 27819 43631 43035 42909 43036 43758 43630 43760 43594 43764 43595 44871 28000 26684 42920 43049 43773 43051 43052 28051 43053 28052 43054 43735 43524 43567 43737 43526 28058 27930 42934 43061 42849 42936 42851 43063 42937 43532 43616 42938 43405 43533 43618 43534 42939 43620 43407 43535 42940 27811 43069 43028 28664 27856 43584 43628
