ap 0
hp 368
 61183
ap 1
hp 369
 53048
ap 2
hp 90
t 59157 58520 59264 60646 60158 60264 60200 59139 60031 59224 59246 59927 59142 60141 59928 23103 59950 59951 59994 59229 59230 23085 23087 81078 59870 59319 61402 73902
ap 3
hp 37
t 75441 75356 75399 75271 75359 75360 75361 75447 75362 75234 75277 75363 75278 75449 75407 75365 76257 75451 75366 76556 75239 76430 75579 75368 75453 76558 75241 75371 75247 75377 75378 75379 79800 75466 75339 75382 75471 75475 75556 75347
ap 4
hp 370

ap 5
hp 83
t 42932 44485 44482 44446 44393 44469 44735 21330
ap 6
hp 371
 20472
ap 7
hp 372
 20158
ap 8
hp 38
t 31531 32042 47513 47005 47349 32135 47777 69114 31969 30610 30614 49061 32743 48217 31728 48388 26969 47115 48390 31140 30630 47546 47973 50099 48400 32166 49932 46107 48150 47134 46284 29965 48241 47053 47479 47054 48250 48335 30571 31847 30743 48169 31765 48342 46982 30749 47749 30922 31942 32452 46903 46223 31773 47669 47840 30755 47672 49714 46910 46998 47509 31444 47679 47510 47085
hp 36
t 47597 31788 30597 46578 30599 47090 31960 30601 30602 31283 46924 46415 30605 31457 31287 46928 30612 46934 47954 48128 48129 46939 48130 47110 48299 48131 47619 48132 48472 48474 30625 30626 47798 47628 47120 48480 48140 46442 46952 48483 47803 46953 47804 47464 47634 48314 30632 46616 46957 31828 48148 30637 30639 46960 31831 30642 48322 48493 48494 48495 47477 48327 47478 48158 46969 46800 47651 47482 48331 47652 47483 47484 30655 48168 47488 46473 47493 46984 48345 46986 48177 46987 46989 48180 47500 48353 47675 47677 46997 46999 48870 47002 47003 47004 47516 32046 47008 29839 47009 47010 47011 47012 47013 30695 47526 47527 47017 48208 47019 47021 48212 47022 47023 46854 48215 48216 48556 47027 31898 46349 46860 48225 48395 46866 48567 48229 48399 48231 48402 47723 48404 48575 30556 47562 48242 46373 48246 48247 49097 46379 46550 31760 31251 47060 48252 47062 47573 30576 47576 47746 30577 47747 31938 46900 30580 30582 46222 48263 47074 46905 31265 31775 47586 31946 47077 47588 47589 48439 48440 31951 31780 46573 48445
hp 43
t 66806 31446 48447 31787 46917 49808 45218 47089 47599 47084 66979 31450 47770 30942 47433 66133 48284 47095 30265 47605 30608 49650 45061 48291 46932 48292 46933 46936 66316 49996 66317 66318 31979 30619 30620 47111 45582 31303 46605 48139 29950 47630 30631 48482 31313 48144 31487 47297 69228 30808 48317 47299 46450 48320 45941 48323 30304 66005 48326 47647 29798 48328 48329 47649 30311 30313 66014 47654 47485 48336 46976 30147 48337 61768 48339 30319 47490 66020 27091 48171 30154 30664 27604 49535 46985 32025 48344 48347 32707 46992 27103 30164 46996 47678 47000 29831 30681 66212 27622 65873 32383 47514 66214 30685 48365 47006 47518 32048 65879 48200 47520 31710 26953 66224 47864 31545 49056 47867 46848 47018 48209 48210 47020 47531 48211 29851 47532 48213 66403 26964 65895 30877 46858 46859 48220 30882 47712 69133 32754 45674 31055 48396 48227 66418 47718 48569 46870 49933 49934 65914 46875 46535 48236 48237 46877 46027 46368 46879 47559 47561 29881 47055 47568 47228 49949 47569 30399 47061 47064 31764 31425 31767 47578 46898 31427 66278 48258 47069 49620 66280 47070 65602 47073 46395 66286 31267 65947 48269 47759 30930 65951 32462 31442 50142 31104 46405
ap 9
hp 55
t 31149 32169 47681 47725 31108 31448 32045 31955 32174 32175 31282 47645 47519 31455 32094 31288 47694 47525 47653 30611 31291 31763 30616 50254 31129 48341 32150 32065 31471 47026 48218 32113 49793 31477 48265 47842 49798 31481 30547 32162 31865 48398 31187 30635 31275
hp 59
t 8241 9941 29407 10708 9944 10199 29751 9946 8417 9692 12242 10882 29243 11394 9695 11395 32645 11310 11143 9868 10039 9784 10040 11741 9871 29167 11147 3073 9960 29256 16253 10048 30449 10729 13449 11155 10221 9967 28754 10055 29265 11076 11331 13626 9632 28758 11419 9974 9549 9975 9890 11421 11166 29355 11422 8447 13548 28764 10234 9555 9811 9643 10238 9815 30132 12198 9223 12199 9649 11691 10078 9228 11439 9824 11184 28694 10165 11187 11188 9743 9830 11445 9660 16291 8386 12806 11021 9832 8643 11618 11278 11365 9411 11367 11963 10181 9077 11372 32624 9844 9929 11289 32625 9590 9846 11887 12142 9677 9932 9678 9933 9849 29399 9934 9510 9679 9595 9680 9681 8662 29744
ap 10
hp 95
t 4543 21331 5224 21334 21292 4463 5272 20615 44458 45053 44840 44163 44461 21457 7447 7448 44806 44851 8173 5241 5242 4520 44726 8176 44855 44857 21372 4356 20208 5122 44350 4401 4402 4530 8185 4405 4279 21322 21449 44400 21153 8150 20857 4796 44871 21283 21369 44492 44705
ap 11
hp 157
t 8496 2716 1357 1358 2464 25075 9010 8500 9096 8672 1872 8842 9013 3062 8760 9015 9270 1961 2470 9017 8678 32565 3326 8511 8682 2649 1884 25514 9450 9621 1804 2655 9200 1976 2486 9201 1977 28159 2744 25440 1811 12182 25357 9631 32159 48907 9467 9129 8705 25199 25115 32425 25540 2341 1916 3192 32688 9059 2514 3194 48587 1587 2098 48766 26334 32370 8828 32374 8661 2119 8494 2375 8665
hp 159
t 48828 24603 9049 26304 2122 29238 8669 2295 2211 2169 9101 24742 25677 8679 24787 9190 49013 32438 9447 8683 9109 25344 2096 24580 1758 2481 24837 32360 8394 8480 8990 24885 25056 3000 2915 2065 24591 24889 32412 1855 24721 25019 25020 24892 9126 24893 25488 26127 8703 24726 26044 843 32421
hp 153
t 1504 1354 48617 2528 1808 32070 8610 1364 32454 1897 1387 48966 2833 1878 32691 32416 24703 2902 1372 2478 32612 1630 1397
hp 155
t 24688 32413 32372 28548 48785 48311 48133 48473 32121 48219 32337
ap 12
hp 134
t 14596 40223 14495 56969 16679 40682 56929
ap 13
hp 373
 8127
ap 14
hp 374
 61374
ap 15
hp 52
t 34378 54056 51211 76500 70594 75481 70424 70213 70256 77058 76165 53896 75231 35153 76423 54195 77188 34989 70945 52160 54031 77513 76982 77068 53993 71163 29258 72609 51274 53699 75671 76309 77329 70956 70488 18426 77077 75462 75675 53745 74021 53538 75341 77552 70455 51587 36117 70288 53629 55967 51293
hp 50
t 32807 53976 54061 54660 55000 34942 70472 77443 77612 23553 55684 53899 54580 32908 34949 74902 54077 54842 55013 77622 35040 55780 34956 53401 75502 57230 75250 35812 53492 53750 56301 54092 13848 34968 74920 56475 54267 54268 54014 35059 77390 53759 54271 74331 53677 54357 54102 53763 54529 54275 17132 54367 54028 54624 54114 34990 60491 32781 53607 74857 54543 17060 53442 54038 74779 54040 53700 53361 54042 53872 54383 23787 53962 74787 54983 74874 33225 53370 53796 53968
hp 56
t 31106 49636 49722 31277 30768 31873 30175 47857 31452 30347 29242 47007 47859 30606 47014 30609 47865 11149 30529 32654 48635 31467 31128 31469 31639 30025 30196 31131 31644 31051 30543 31478 31223 31479 31309 31480 31565 31651 31737 31652 30718 31484 65826 47636 31062 31488 31658 31574 29875 31575 47640 46961 31661 32597 50277 30218 29369 48409 31069 30732 32687 31583 47052 47648 46968 30989 31076 31077 47823 32098 48929 31590 30995 31677 31508 30997 47489 31084 31595 30575 31087 30579 47834 32110 30581 47837 47667 30583 32028 31264 49625 47756 30671 30502 49117 47503 32630 31101 49716 31868 31869 31445
ap 16
hp 89
t 28216 44542 44713 25972 44673 44037 44718 44720 44636 44637 44468 44596 655 44303 28409 44644 44687 44561 44733 44563 44649 28160 44438 44651 44439 28208 44570 45718 4790 44402 44701 44577
ap 17
hp 375
 65535
ap 18
hp 40
t 32211 49678 31107 69232 29239 49682 47473 31196 47856 32598 49641 32217 30262 46966 31626 32732 49480 31761 49654 46894 30914 31636 49955 31553 47788 32064 66404 24798 31048 49494 32156 30031 30414 31094 50102 32202 49968 49629 47548 31695 31653 26982
hp 51
t 36206 10706 9686 10877 52357 9857 35869 9860 9691 35872 15642 10203 29583 30096 29586 10717 29418 10718 29419 11062 29423 13273 52713 29934 11066 10728 11069 52894 11245 10737 28757 28760 35904 11426 52906 9592 10917 52738 52569 10750 10751 53082 12793 52914 29284 11267 29458 52918 10249 53090 52752 29124 36435 52755 12807 10937 11384 28789 10769 28790 12812 13664 11115 10775 12985 52936 29306 11457 12987 11121 12652 11126 10786 11467 12319 10622 10963 11135 13686 10799 36299 10289 13354 16245 9790 36481 52292 10641 29343 10474 52974 12855 29345 52296 52300 53151 52302 10823 10824 29354 52646 10826 36837 10828 12868 10148 10829 28679 10833 11004 29365 10156 52316 10326 11177 13048 12540 9821 36171 13562 10024 53003 29204 36514 29205 13394 9826 28867 36687 52837 9828 28869 10170 52670 29720 52841 52672 53183 53014 10174 10343 52844 36525 13406 52847 12898 28879 12899 10860 52340 52850 12901 9671 12902 10014 10697 13758 52690 10700 52860 10702 35863 10704
hp 63
t 14360 29363 70546 35825 52699 10841 14368 54532 54576 54406 77103 56449 53900 34223 12590 76893 53604 34988 50375 54584 10470 36438 53741 53701 54083 31602 53404 54043 54002 53834 33011 53922 33777 54688 53923 35861 14654 53628 52779 54182
ap 19
hp 376
 57078
ap 20
hp 377
 57343
ap 21
hp 378
 28607
ap 22
hp 379
 73702
ap 23
hp 380
 60664
ap 24
hp 42
t 77347 76371 76541 76330 69785 54146 75652 80414 76377 76504 54192 75358 76379 76549 76720 76338 75573 76425 75829 75448 76553 76256 76554 75237 76172 70520 76640 14379 69799 76599 76260 53651 76643 75581 77196 75795 76601 76263 75243 76603 69905 76394 70403 72703 75381 75383 75086 76361 76446 76659 76362 76022 76320 70625 75258 75089 18224 76322 75557 54095 54266
hp 65
t 13383 10834 15296 12323 13557 13047 13647 10847 13440 33331 36605 52712 52926 12976 33674 12469 77409 14679 10473 52888 52890 52892 53744 36320 12732 13201 14733 10868 53070 36625 10997 14398 13297
hp 58
t 75051 74839 74840 75501 77797 75120 75694 75440 69851 75206 75443 77525 77379 72536 54029 75385 76854 80425 76600 75369
ap 25
hp 97
t 44451 44154 4437 44155 44643 5246 4503 44219 4440 44667 4379 4506 73093 4231 43757 42292 21064 4531 8187 44421 21302 4450 42448 44722 5240 20795 42364 44659
ap 26
hp 92
t 61068 60898 61405 19423 58481 60905 18109 57889 58103 58400 60907 39828 38086 58106 61208 61210 19223 58580 61216 18548 61389 59349 59353 61223 18937 37723 18091 58127 37982 58680 58683 6578 61233 40833 58685 61235 61406
ap 27
hp 39
t 56180 54820 55969 75137 74117 56183 74417 74459 56100 74419 74377 74378 53978 73784 53980 74114 56278 54919 75149 55600 74428 75150 54966 38987 56244 74307 54758 74352 56162 54718 55016 55781 74355 74271 77757 74871 56257 56003 55706 74321 53496 75427 56302 56303 56175 32971 74494 56008 56094
hp 47
t 74328 55798 53376 74116 74119 74418 56271 54658 74124 74125 53471 74126 56066 54709 75151 54327 74431 56155 74984 74348 74306 74349 39456 54332 73755 54333 54844 53399 75499 74310 74353 77753 75460 74398 53658 75291 74868 54979 74402 75380 74407 74408 74409 75005 75049 53416
hp 60
t 54948 53291 53418 74244 55971 53295 54912 56144 54913 56188 74421 56274 54701 54703 74423 56149 74341 54325 56111 73750 53477 54413 77704 53267 54331 55223 55776 55014 54674 54334 56078 54633 33085 54733 56208 74866 74825 54734 16348 75508 56258 13674 56260 53412 55793 56601 56092 53373 56263 56178 74836 55033
ap 28
hp 79
t 59496 64939 78200 39783 62903 22786 22788 22789 59510 22790 60192 58492 22793 22795 22796 64958 58838 60201 60203 64963 22804 64965 22805 59528 59529 22810 22812 59533 22813 64974 22814 22815 59537 64977 22817 59199 23160 22822 59882 22824 22826 64647 22827 59548 64649 78930 78590 62610 22831 41872 22833 22835 59895 23516 22836 23517 22837 23518 59898 23519 59899 23520 23521 59221 58542 22842 59563 23523 23524 62625 23525 59905 23526 22846 23527 22847 23528 59908 22848 23529 23530 22850 43931 65354 22855 58215 23536 23537 59237 22857 59238 41559 23539 22860 62641 59582 22863 65025 22865 22866 61968 22529 22870 22872 62655 77955 22875 59597 59937 65378 41918 77959 22879 22540 43960 22880 22541 41921 77961 22542 59942 65043 59943 22884 78648 65049 65389 78309 65050 65390 77970 65051 41931 78652 41592 42614 77974 60296 22896 77976 45337 22899 22902 22563 58944 22904 41947 41608 41610 22910 22911 59972 41613 41614 65074 23254 23255 59975 65076 41618 22918 22581 22922 59986 65087 59647 58967 23268 22589 59649 22930 81072 22932 59653 78014 59315 59656 23276 59657 59318 59659 23280 22946 59327 60007 22947 60348 59670 22951 78712 41655 58996 58997 22959 59683 67503 59684 60368 22968 22969 60370 22970 64791 22971 22632 60372 42013 59354 22974 42014 79076 61397 65479 60379 61399 78400 41683 59703 42024 22984 61404 41345 22986 65487 41687 78748 61408 41690 59710 78410 59370 61411 22652 22992 59372 42715 59375 41356 59716 41017 78417 65158 42040 22662 78763 59383 41704 22665 78765 59725 22667 61428 65169 65170 60410 65172 22672 22673 78093 78774 65178 22678 22681 22683 38664 65525 59065 41726 23028 78789 23371 41391 78452 23033 65534 23034 65195 62816 23036 23037 60097 58398 23038 22702 78463 22705 59425 78465 78466 78467 22708 58408 78129 22712 78813 78134 65215 58755 22716 41758 78478 60118 64539 78479 78829 64550 41776 58776 41779 41440 41442 41443 22744 41445 78505 41446 41447 41449 60149 41450 41451 60152 42476 78516 41459 64921 78191 41472 59154
hp 81
t 44027 44197 62048 61537 44709 44369 27199 62050 44030 62053 43353 62054 62055 44205 43527 42848 27888 44039 43529 61719 26870 43530 44211 44382 45402 44892 44384 62064 44214 62065 62234 44894 27387 62067 42178 43539 62070 44390 45750 62071 43371 61901 43881 43541 61902 62072 62073 43543 44223 61903 43544 41673 62075 42865 44055 44904 44905 21447 61910 43550 21452 43553 44913 44914 42875 41175 42876 26727 42877 44917 27923 43904 44415 43905 42886 61758 41359 61929 20789 43740 61761 44422 43065 42896 61767 42897 44024 61770 42900 61771 44092 44094 43584 62115 42905 44096 61777 43927 42907 61607 42568 62119 42909 44440 61950 44441 43761 61951 43762 21323 43933 42064 43594 42914 43766 61957 43768 42918 44958 42069 43601 41393 43944 44965 43946 61967 61799 42589 61629 41230 43950 43951 44972 43613 44804 61974 42594 5025 43955 42935 44975 44807 44297 44808 61809 44299 61810 42940 43281 44472 61812 42942 26453 42603 42943 44474 41075 44475 42435 42946 61646 62158 44479 61819 43289 42950 42101 43802 42952 61823 21364 42784 42954 44145 42104 42955 44828 42789 43639 42110 42450 42620 44831 42792 44832 42453 44494 44834 43644 62004 28005 44836 44666 44838 43818 44839 45009 63200 45010 43310 62862 44843 44844 62185 44845 43655 43825 26486 43147 42637 43657 42297 42638 43998 43488 43489 44850 43830 44000 43831 42129 42812 43834 68654 43664 27174 43835 45025 43496 44006 44858 43498 27179 43670 44522 44183 44693 43164 4406 42146 61867 44190 61700 43340 42320 44192 43512 61702 42494 42664 44875
hp 85
t 78711 22782 23463 60354 78715 60355 22785 22616 78716 78718 60018 22619 64609 22620 23469 22621 22622 22963 22624 22626 64789 22629 59691 42692 22802 59863 22637 22807 41338 78399 59869 22640 23489 22641 78742 22643 65144 41858 22138 64810 64811 78755 22656 23506 64818 78759 23511 60402 59891 59892 23514 60407 59557 78428 41878 22670 78771 65173 22674 22845 22849 65353 23367 23368 65018 65192 22693 22695 22696 65026 42417 41908 23379 23549 64860 65201 22532 22704 22874 42425 65035 22877 41917 22709 59939 22710 62831 42431 65041 65044 22715 22885 65046 22886 57397 22547 22717 58077 22888 22719 41929 64880 59440 22890 22721 22891 60291 22892 23232 22043 22723 22725 23236 64887 22557 65057 23238 65229 65059 22730 64893 22733 65063 78493 60305 58945 41438 57758 60309 60310 41781 64902 60314 22915 23259 22579 59641 78512 81233 57774 78344 78345 41458 22588 78689 63049 59991 60332 78523 78353 78525 78355 22766 41466 22597 64928 41468 41298 23450 64932 65272 22943 64934
ap 29
hp 48
t 66976 66128 66298 69359 69019 66811 66642 66643 66814 66134 66304 66303 30945 69537 66137 67159 69539 46079 66480 69542 67333 67164 45233 69038 47281 69213 66162 69223 65824 30806 69226 47127 46620 47132 67194 69235 45437 69238 69409 68900 69416 66017 68737 66705 66707 47332 69092 69264 67054 69606 66718 68931 69105 45985 61626 69279 66219 69280 69110 66561 26950 66562 69112 69454 65546 66226 69287 66397 31208 31038 47869 66738 68950 69290 45320 66913 66573 66743 66914 69294 30535 73375 66406 30028 66919 46688 47540 69300 67261 66922 46862 65903 46865 69136 73387 66076 66588 49929 47210 66081 68973 66764 66595 47555 69315 66765 66596 50106 49937 67108 66769 66770 66771 69326 69327 69497 73409 66439 46902 66112 46564 46054 66114 66115 47755 66117 66292 66632 46913 66294
ap 30
hp 64
t 33592 12321 13681 53866 12408 53889 54101 53890 13815 54062 70597 70599 14521 36792 14608 13908 75554 13849 14104 53906
hp 62
t 52908 11088 36503 50402 52698 11092 12453 52915 36639 13052 12415 36346 16329 10465 52863 29804 13867 36137 53095 52714 52842 53098 36313 53908 31723 54078 12896 52848 13323 31089 53020 52722 36617 10141 13116 55233 52726 36662 11163 52558 36324 55279 36409 53240 36326 12398 52902 52817 53030 28891 52818 52861 33354 36331 52736 11002
ap 31
hp 46
t 50060 50061 49552 49721 31704 66810 49726 30941 31622 46841 49986 30946 30266 49988 49989 49481 49651 66311 50162 73027 50758 49993 67249 47699 67166 62322 49657 49998 66319 30960 47536 67257 66492 49662 50002 50173 66918 49836 31731 66157 31137 31647 67178 31649 50010 49586 50097 49760 66760 67187 66168 47298 47979 49850 66680 49681 30897 30983 46794 50024 49684 46710 69236 50026 50540 66690 50032 49440 47741 47575 47577 66448 30919 68914 49534 47579 30748 49960 49621 49961 49451 50047 30923 50133 45374 66116 66711 30842 31273 49802 50057 49974 66717 50059
ap 32
hp 381
 39865
ap 33
hp 158
t 13813
ap 34
hp 382
 52475
ap 35
hp 329
t 70206 70886 51167 50827 50832 50664 50835 50665 50837 50838 50668 50839 51009 49309 51689 50670 51690 50841 50842 50843 51013 49653 50844 35374 73624 50845 50847 73628 51019 51024 50855 51876 50858 50860 36070 50861 50691 50692 50694 50865 50695 49335 51886 52056 50866 51887 50697 50868 50698 50699 52060 50871 50701 50872 50702 35403 50703 50704 52065 50705 50876 50706 52577 50877 50707 50878 52067 50708 50879 52068 51388 52070 50711 35924 52074 52075 52076 50887 50717 52077 52078 52079 51060 52931 52932 51069 52600 51070 30841 52601 51071 50732 52943 49374 51077 51080 49381 35955 49386 52448 50750 52113 52114 52115 51606 52116 51948 49398 50759 50763 50595 49406 52643 49924 52644 52645 73605 52136 52647 70159 52650 49422 52653 52143 52144 52655 51124 52145 50785 51975 50786 51976 51978 52149 51129 50789 70849 51981 52150 50790 52151 51980 70172 52152 50792 52153 50793 51984 52154 50965 52155 5575 50626 52495 50627 52156 52157 50797 52158 52159 50630 50970 73580 51650 51651 50634 50974 51824 51995 51996 51997 50977 51998 50980 50983 67304 70194 51835 50986 50816 50817 49288 70198 50819 52179 49291 73601 50652 35352 50822 70884 50825
hp 246
t 61474 61490 63152 62572
hp 270
t 71907 72757 75988 71908 76328 76329 76498 76499 71570 76160 71911 75821 76161 76501 72422 75823 71914 71743 76505 71916 76166 75997 71746 71917 75998 71918 71748 75999 71919 71747 71920 76000 76167 71921 76168 76171 71922 71750 72260 72771 71924 71925 71075 71926 76006 71756 71927 76347 75836 76008 72608 75838 72269 71758 72439 76010 71930 72440 76011 72438 76178 71932 72270 75842 72271 71933 72443 72104 76525 71936 76016 76526 76017 75847 76018 80098 72107 80099 76019 71938 76020 76359 75850 76021 71941 76023 71943 75853 68544 67694 75854 76025 67695 76026 71606 71436 76027 76028 71948 63788 76199 71950 76031 72121 67021 72123 76543 68556 71787 72810 72135 72818 71119 72258 71809 72829 71469 71981 71982 72154 65699 75899 72778 63832 76413 72505 72848 71830 71831 71492 71323 71833 72513 72175 67598 63862 71852 72192 65733 67098 67779 71691 72032 72033 71693 80874 67784 72036 72546 71697 72038 72208 72039 71528 71869 72040 67788 71699 68472 72043 67824 75613 64223 71704 68474 71706 72216 72727 72047 67116 63718 72049 72050 66612 63722 75793 72053 72054 72055 72225 72226 75799 72909 71890 75801 75802 71892 66963 71893 71894 71725 67814 71895 71896 75807 72067 71897 76317 72237 71898 75979 72070 71900 71901 71903 71904
hp 232
t 79726 78536 78537 78877 78369 78539 78540 81260 78541 78372 79223 78545 78546 78377 78547 78549 78381 78551 78211 79232 78383 78555 78896 78898 79069 79238 79239 79240 78391 77881 78223 77885 78906 79077 79246 79247 79588 79080 79590 78911 78571 79082 79251 78232 78402 78233 79594 78234 78405 78235 79595 78408 79088 79258 79259 78241 79432 79602 78583 79094 78244 79605 78416 78586 78246 79267 78418 78419 78589 78591 79271 78251 79103 78253 78535 79106 79790 79283 79284 81664 78097 79798 78442 78953 79293 81675 79303 78454 78455 78456 78458 77948 79139 79649 78460 78461 79484 78977 79657 79319 79322 79493 79323 79664 78645 79325 80345 80523 78144 81886 78999 78490 79512 79342 79684 79176 79516 79686 81217 78498 79690 79181 79351 81902 79691 78503 79354 79695 78506 78507 79357 79359 79701 79192 77833 79703 78006 79199 78181 79203 77844 81075 79206 79208 78529 78532 78533 78534 79215
hp 291
t 76857 77556 77530
hp 338
t 66126 45393 66645 45397 69541 68864 66144 66148 66828 66149 69549 66830 69043 66664 69386 68877 66667 69388 66159 69389 69220 66670 66163 68885 68889 66171 45261 68893 66683 68894 69066 68898 66689 69413 68904 66184 68905 68906 68741 66192 66193 69594 68915 66706 69426 69597 69598 69599 66710 45123 66713 69604 69605 66715 69607 66207 69608 69609 68929 66719 69610 69613 69444 69615 69445 69616 68937 69619 68939 69109 68940 66050 69621 69451 66051 69111 69622 66733 69113 66734 68945 69455 69626 66566 69456 66735 66228 69629 66229 66739 69121 66235 66745 66916 66746 68957 66747 66239 66749 66750 66071 66751 69471 66073 66753 66074 69474 66075 66077 45168 66078 66590 46020 66593 69143 68974 66763 66083 66602 69492 66772 66092 66773 69494 66775 66776 66777 66778 66779 66781 66782 45366 66792 66624 69006 66796 66289 66802
hp 173
t 46406 46916 46576 46236 46577 46407 47596 46918 46409 46749 46919 46579 47598 48268 46411 46751 46581 46412 47432 46413 46583 46414 48114 46584 48115 46925 46585 47096 46586 46926 47097 46587 47098 46418 46588 46759 47099 46589 46590 46250 46591 46594 46427 47107 30617 46597 69208 46598 47109 46768 46430 46770 46431 46772 46942 46773 47113 46603 47283 47453 46604 47454 47285 46607 46778 47967 46779 47461 47802 47465 47805 47466 46956 47807 46448 46574 47131 46452 47472 45092 46453 46454 47474 46455 45095 47476 46457 45097 46458 46459 46460 46461 27087 47487 47155 27605 46817 47499 47506 46656 45127 46490 47171 45131 46661 47512 46494 46664 46496 45136 47517 46667 46498 46668 46500 46670 46844 45145 46506 46847 46677 46508 46678 47529 46679 46510 47530 47927 47192 46682 46853 46683 47194 46684 46855 47928 46685 46516 46857 47537 47538 48048 47539 48050 46861 48444 46691 47542 47543 46693 46864 47544 46694 46696 47547 46867 46697 46868 48057 46698 47549 46869 46699 48059 47550 46700 46871 47211 46361 47212 47551 47382 46873 46536 46876 46706 46537 46878 46538 46370 46881 46371 46882 46883 47563 46544 46884 46545 46546 46886 46547 46887 47567 46548 46888 46208 46549 46889 46890 46551 46892 46893 46553 46554 46895 47745 46556 46896 46557 46897 46558 46218 46899 46219 46559 46560 47750 46561 46901 47752 46563 46904 46565 47585 46566 46906 46567 46907 46737 46568 47757 47078 46569 45717 47079 46570 47758 46740 46571 46911 49120 46572 47591 46742 46233 47763 46234 62384 46575
hp 176
t 8666 8667 8922 8242 8285 9646 8671 32599 9950 9612 8423 32690 9656 9231 8258 8896 8217 9237 9408 9663 8305 9920 3120 32658 8263 8222 8562 8648 8223 32577 8564 8821 12136 8568 8229 8909 12184 8656 8657 9466 8701 9636 9637 8660 32674 8663 8495
hp 267
t 66977 66829 72504 69040 67193 68936 67151 66740 66708 66263 65923 65991 47313 66737 69312 66741
hp 334
t 34760 18951 19121 15297 34085 18956 34087 34088 19129 34685 33497 33837 34094 33501 34778 16846 19568 33934 34784 33510 17785 18978 34788 35980 18981 33856 34198 5894 15075 17201 34796 16861 35992 34633 34039 17039 17126 19166 33872 17467 33534 34726 34643 17048 16794 34731 33883 13146 14761 34737 33465 6691 14343 33387 19023 34664 34071 51072 14693 33479 34076 33312 33822 17844
hp 317
t 39914 38793 39909 39225 39911
hp 292
t 63408 63344 64705 63388 64749 63390 63412 63328 64731 64051 64710 63415 64756 63418 63333 64184 64714 63334 63335 63378 64590 63336 63400 63403 63337 64720 63339
hp 314
t 58316 81554 74350 56290 55462 81590 81508 55443 55604 81445
hp 279
t 72160 72139 72161 71440 72165 72506 76162 72785 72172 68496 71472 71515 72514 71559 72197 72155 71476 71307 72137
hp 165
t 9925 9936
hp 328
t 34676 33827 33830 34681 33832 33834 35874 33835 33839 33842 33843 35373 36053 34184 33845 36055 34186 71249 33850 33851 50511 33512 51022 34705 34196 51026 34706 34707 33858 33347 34708 51030 51031 35392 33863 51033 33524 34034 16865 34715 33866 34206 34716 34717 34038 34718 51039 34724 33535 33366 34048 34728 34560 33881 33882 71282 34225 33375 34226 34736 35416 51058 33378 35420 34740 51061 34742 33382 34743 34574 51914 34064 34575 34063 34065 34747 35427 6019 34749 33900 34070 52430 34582 34583 34074 33399 34759 6712 34762 51083 34084 34086 33406 29159 34601 34091 34434 33925 52454 52457 34777 51099 35464 33425 71336 34786 34787 35982 35473 36835 34115 17117 34799 34630 34800 34631 34801 36843 34634 34804 34635 34636 34806 34637 34807 34808 34299 34809 34640 34641 34642 18323 34135 34646 35496 34649 35329 34650 35330 34651 35331 34652 5582 34653 35333 34655 34656 34657 33467 35509 34660 35340 34661 50981 35342 33983 34663 34153 35344 34154 5935 34666 34667 35347 34669 35350 34673 35353 33823 35355
hp 299
t 18187 34167 34169 34170 19211 18192 16832 34172 18366 17689 18200 33841 34181 18202 32828 18209 33849 14471 33852 18212 33173 18384 17024 18215 17877 17707 14649 18220 17200 33351 5982 34543 17715 16866 17207 16867 33187 17209 16701 33363 34214 35404 33195 33197 18240 34562 18242 6003 18243 17904 14336 19607 17737 18418 18249 18419 33381 18252 14681 18422 33554 33726 14688 33219 18259 18429 18260 18261 18262 33392 33223 34072 6024 18264 34245 17415 33566 33226 6027 18267 14357 33228 34247 34248 18269 18949 33230 34591 33401 34252 34592 7392 33234 33235 18275 14365 33236 18276 17766 14367 14707 14369 33240 18280 51260 33410 17771 18282 17772 6043 33412 14373 18284 17774 18285 33414 33415 34266 18287 6047 34267 19989 56879 18291 33594 17104 14384 14728 14729 14730 33261 35981 14391 33262 33092 33267 34288 33440 17461 34121 33441 33443 14743 33445 33277 18317 34129 5910 19001 34132 34812 7783 18324 33455 19006 33117 14760 18331 14425 14769 17832 14773 18344 33474 33815 18346 18177 18178 5939 19200 33821 33142 18354 18355
hp 266
t 71676 73430 66449 73525 66481 49301 66494 49285 66486 67325
hp 106
t 77729 75221 75477 75138 75139 75140 74120 73781 73782 74122 73783 75484 74847 73785 73786 74765 73787 73746 73788 75488 73789 75489 73748 75490 73790 74853 73791 75491 75492 74775 75497 75498 75160 75162 75205 75503 74951 75507 74870 73767 73768 73769 73729 75132 75473 73731 75517
hp 69
t 30426 28898 30089 29409 29919 28900 29071 30091 30433 29754 29415 28736 29757 30267 29420 29080 28910 29761 29762 28744 30104 30445 30105 30447 28747 30107 30108 30451 29431 10561 28752 28753 28755 29775 29776 30286 29779 30120 53241 28761 30462 28763 29106 29792 29800 31501 28781 31671 31502 31674 29810 28791 28796 30157 28797 28798 28799 30330 30161 28803 9766 29830 53128 28822 8424 11146 29847 28672 31563 28674 29865 29869 28854 30215 28686 28687 30388 30389 30221 30391 30222 53173 28864 30393 30394 28865 29715 53175 28866 31587 30397 53178 29718 30398 29719 28870 53179 53181 28872 28702 28873 29722 28874 28875 28876 29726 29727 30407 30408 29729 28880 28881 50302 28882 29732 28883 30412 28884 29904 28885 28886 28887 28888 28889 30080 29741 30081 29401 30084
hp 100
t 75476 75478 77690 75480 75483 75148 74470 75154 75157 74818 74482 75164 74316 75506 75168 75169 75170 75510 75172 75173 75513 75174 75345 75175 75177 77728 75518 75179 75519 75180 75181 75182 75183 74845 74849 74852 74858 74860 74863 77585 77587 75208 77590 77762 74872 77763 75043 74873 75384 77593 77595 75388 77089 77772 77773 77093 74883 75223 77775 77096 77777 75227 77778 77099 77780 77781 77783 77613 77784 77614 77785 77786 77787 77788 77789 77790 74904 77799 75760 77801 77802 77632 75763 75474 77633 77804 77634 77805 77806 74916 77807 75428 77638 75769 77811 75092 74754 74755 74925 75096 74926 75097 74927 77648 77820 77821 77823 77653 75104 77654 74767 75112 75113 75456 75457 75458 75459 75461 75121 75463 75123 74784 75125 73766 79036 75128 77678 79038 77681 74961 75134
hp 258
t 68196
hp 208
t 14361 14474 14557
hp 172
t 45896 26858 26864 45225 26867 45234 45236 45237 45238 26878 45240 45241 45921 45242 45243 69383 26883 26884 45924 26886 45246 26887 69387 46608 45249 45250 47971 69392 69393 45936 45258 69058 69059 69060 45942 45943 45944 69064 45945 27585 45946 69067 45947 45948 69408 45949 43229 45950 43230 47990 69411 45951 46632 46633 45953 43233 45954 43234 46635 45956 43236 26917 45278 69420 27600 43240 43241 27602 46644 69425 46645 45966 27606 45286 46647 69087 48007 26928 45288 43250 46652 45292 43252 43253 46655 27615 27616 27618 45298 69438 69439 43258 27620 27621 69101 46663 26943 69103 45984 26944 45986 46666 69448 45988 46669 45989 26949 45310 69450 45309 45311 45990 27631 45312 27632 26951 27633 45313 45317 45997 27637 27638 45318 69458 45319 45999 69459 69120 26960 27641 45321 45323 27643 45324 69125 45325 69466 45326 46006 69127 26967 45327 69128 26630 26971 46011 69132 69472 66752 45333 45334 45335 66755 45338 26978 45339 69139 45340 26980 69140 45341 26981 62341 45342 46023 69483 26984 46024 46025 62348 66088 45349 46029 66089 45350 26990 46030 45351 69491 46031 45352 46032 62350 45353 46033 66093 46034 45354 66774 46035 45355 46036 45356 26656 45357 46037 46038 69499 46039 66099 66780 45362 45363 46043 45703 45364 66783 45705 46046 46047 69168 45369 69512 45373 69173 46055 69175 26675 69516 46056 46058 26679 46059 46060 69180 69181 69182 46063 46064 45384 47764 46065 27025 46066 46067 46068 46748 46069 46070 66815 69536 46076 46077 46078 27039 45059 26703 46766 66146 69547 45069 69551 69212 45755 69560 27060 43040 45760 45080 45081 45083 69224 69564 47128 26733 69233 69234 45094 45098 27080 45101 26743 45103 26752 69252 69253 27094 66194 66195 26758 45120 69261 69267 45128 45129 69271 68932 68934 45134 26777 69278 45139 45140 45141 66221 69282 45214 66563 45824 46845 69285 45825 45827 69288 26790 45150 69291 45151 26792 69292 45153 45154 26795 45155 45156 69297 45838 69303 45163 45164 26807 69309 68969 45169 69311 45860 45183 45867 68990 26833 45193 26834 45874 45538 45200 45203 45883 45884 26845 69345 45545 45886 26848 26849 26851 45552 45213 26854 45215
hp 283
t 41539 78753 42160 62540 42522 78691 78713 23548 41059 61969 65029 22660 42592 68815 40979 41043 42530 41766 41299 42427 78744 41344 41771 23538 42536 22838
hp 277
t 70047 49311 70051 49320 70065 70066 70068 71046 35057 70080 70081 70082 72463 70083 35063 35064 35067 35070 72473 70093 70094 70095 70096 70097 70103 70104 70105 70106 70108 70111 70112 70113 70114 70115 70117 70118 70119 70120 70121 70122 70123 70124 70125 70126 70127 70128 70131 70134 70135 70140 70143 70151 70157 72542 49423 72544 72548 72553 72555 72557 72559 72572 72574 72579 35181 34504 49465 76327 35194 76337 72602 76342 76346 72266 77027 76349 76351 77033 72614 72274 77037 77041 35222 76366 72630 51212 35235 70257 70259 70261 70263 72645 70266 70268 72650 35252 70272 70273 70274 35255 70275 70276 70278 70279 35259 70283 70285 70289 35274 70296 70297 70299 70303 70304 70305 70306 70307 70308 70309 70310 70311 51272 70313 70314 70315 70316 70317 70318 70319 51283 70341 70343 70344 70345 70347 72388 70348 51308 70349 51309 70350 70351 70352 70353 70354 70356 70357 51317 70358 51318 70359 51319 72400 51320 51321 51322 70362 51323 70364 51324 70365 51325 70366 51326 70367 51328 70370 51331 72412 69693 70373 51333 69694 70374 51334 69695 70375 52016 71056 70716 71057 70376 70377 70378 71059 70379 70720 71063 71403 70384 71064 70385 71065 70725 70386 71066 71067 71407 70387 71068 70388 76509 51349 71409 51351 51352 51353 51354 51355 71416 71078 51360 51361 71081 51362 71082 71083 70743 51364 70404 69724 51365 70405 51366 70406 51367 70407 70408 70409 51370 70410 70411 51372 52052 70412 51373 70413 35393 51374 51375 70416 51376 70417 52057 70418 70419 70420 70421 70761 70422 51383 70764 70425 70765 70426 35406 70427 71107 70428 51389 70429 70430 70431 51394 51397 70437 71118 70438 51399 70439 51400 52083 70445 51406 70446 51407 71467 70448 70449 70450 70451 51412 36112 70452 52093 70453 35433 51414 49295 70458 70459 36120 70460 34080 70461 36121 36122 73522 70462 72843 70463 72846 35448 51429 70470 70471 71152 70474 51435 70478 52119 72860 36140 36141 51442 51444 51445 71165 51446 54167 51787 52129 51451 51452 51453 51454 51794 51455 51795 51456 70496 51457 51458 70838 51459 51461 35481 36162 36163 70503 71524 51467 70510 51477 70521 51482 36184 51830 70713 52171 34151 34155 70714 70537 51505 69866 70896 52200 70905 51865 50849 52211 51535 51882 70583 51883 51544 69904 70584 51545 34885 51884 51546 70585 70586 51548 51549 51554 51555 73655 51558 51560 69920 51562 51563 71283 51564 51905 51567 51909 51569 70609 71290 51570 70610 51571 69929 70611 51913 51916 71638 51919 51579 70959 51580 51920 12481 51921 51922 51923 51584 51925 70965 51926 51928 71650 70974 51935 69959 71321 69963 70645 70646 70647 36647 69968 34269 36649 51610 70650 36650 69971 70651 70652 69972 51613 70653 70993 51614 70994 51615 71335 51616 51956 51617 51957 51618 69979 71340 69980 51621 71341 71342 51623 69983 51624 73724 51625 71006 51627 51967 51628 51630 69991 51632 51633 51634 69994 51635 51637 36677 51638 51639 71019 71021 70002 51644 71024 71366 70686 71029 71030 71371 34994 71035 34996 70696 70697 70699 71041 71383 71043 70704 71384 71044 70705 71045 49286 71386 52006 70706 71047 70707 70708 71388 52008 71048 70709 52007 71050 71390 70710 71391 71049 70711 52010 71051 52012 70033 70034 70715
hp 324
t 79728 78538 79559 78030 77861 78542 79563 77864 77866 79566 79567 79229 79571 77872 77874 78045 77875 79575 78215 77876 79237 77877 77878 77879 78221 79582 78904 77884 79586 79587 79589 78910 79591 79592 79253 79593 78070 78580 79600 79601 79261 78242 79433 79263 79434 79606 79607 78079 79440 79441 79612 79613 79444 79273 79614 79446 79447 78427 78089 78090 79452 79453 77923 78264 78095 78265 79456 78266 78267 78268 59569 78269 80650 78271 79463 79465 80145 79466 79296 77936 77938 79299 79641 64512 79302 79479 79310 78462 79485 79487 79318 77960 79491 63342 79324 63352 79673 80353 79333 64715 80357 77978 80359 79177 64558 79352 79183 79353 77824 78166 79696 79187 81057 77830 77831 64573 77834 77836 78178 79708 64920 77840 77842 64583 77845 64075 77846 63396 77847 78016 80569 64760 64761 77852 79723 77854 77855
hp 235
t 50740 50700 52104 52148 70211 70254 50661 50788 50747 50833 50748 51982 50749 50751 50709 49393 70389 49352 50669 50840 70689 70392 49441 51992 70146 52127 50984 52135 49289 49247 50650 70881 50864 50696 50655
hp 248
t 65480
hp 234
t 35039 34969 54104 54206 53909 54207
hp 98
t 79640 80320 80321 80750 80687 80008 76290 76312 80180 80647 79692 64563 63523 79720 80890 79000 75433
hp 294
t 34985 34932 70473 35029 35031 54030 34884 77331 77522 35032 34980 70469 70491 54171 70489
hp 295
t 51931 70208 36123 52103 70209 51595 70210 50917 70212 52107 73698 70215 73615 69961 51687 70220 70902 70732 70223 51692 51693 70904 52118 70394 70734 51694 51609 52121 70909 52124 49405 50681 70232 70147 73547 70148 70149 52130 51622 50857 52132 52133 73128 51879 70153 52134 70155 51626 51881 70156 52137 50863 52138 51629 52139 70160 51631 52140 52142 70164 51210 52146 70253 70168 69659 52064 35407 51647 70688 70178 51904 70179 70691 51906 51311 70182 70694 51910 70865 70867 52084 51915 70190 50810 70191 70193 51837 51838 51924 52094 52095 51927 71648 51843 36118 51929 36119
hp 76
t 67489 40970 62900 41991 61540 68681 62052 45562 40973 62906 62908 67499 41999 62739 62911 62575 41667 41668 62918 41161 65472 62412 61563 41335 41675 65476 41336 64797 65477 61737 61907 45248 67519 61740 65481 65482 41343 65484 41174 64806 41516 62089 68719 65491 42542 41357 41358 62608 64821 41362 64652 63803 65503 41024 62615 62616 41368 62618 62619 41371 62621 41542 41374 41035 41375 41715 41376 62626 41717 41378 65348 62628 43248 41379 41040 41382 62632 61783 65352 62633 64845 41046 62466 41388 41389 65360 62471 65531 65361 62812 61791 65363 62474 65365 62476 64686 69107 62479 41061 62651 65371 41572 41403 42423 62653 62654 62487 61637 63855 41415 42096 41418 62498 65388 41422 61822 41423 65396 61829 62510 43980 68802 65404 61665 65406 61837 45859 68640 68812 41785 62870 68821 62532 62044 62875 67467 41292 62543 68833 41634 67987 67479 41300 41641 64933 67484
hp 84
t 22776 59497 22949 58989 58990 64772 78544 65115 59506 22617 22958 59509 59001 22791 22962 59512 78723 22964 59004 59514 22794 22965 59515 22966 60196 64957 22799 22800 22972 22973 22975 79245 59526 22638 59191 58854 78746 59536 41856 58857 59708 22990 57500 78751 59711 41869 59890 78761 59551 78422 59382 59552 22834 59555 60237 59558 78769 78770 58880 59561 78773 58883 58884 36956 58886 59909 78780 58550 59571 59572 65184 64844 22687 58897 22858 58898 59583 58905 59586 78797 58907 59589 65030 22871 65032 22533 59594 58914 22535 59595 22876 58747 22539 78130 78811 59601 65042 22882 41583 22883 78815 65045 58076 58925 58926 78476 65047 22887 60288 78139 64882 65053 65056 60297 57408 57748 58941 58942 65065 58436 60307 58947 65068 57419 58950 59970 60311 78674 57425 60315 65075 57766 60316 57428 78679 58959 57771 59475 58965 57436 57438 60330 57441 58970 60331 59654 59655 58975 59486 59487 78697 57448 59658 57450 22940 57791 57453 57455 78705
hp 272
t 66744 67000 66831 67383 67195 68427 67196 66920 72827 67218 66665 66984 67199 73234 66310 66906 66333 67273
hp 160
t 17208 16868 14490 33531 15319 15320 15321 36657 10629 15325 15326 14371 14394 17181 14525 12359 14762 14677
hp 322
t 63332 77984 64706 63347 63349 63350 63244 63235 64542
hp 169
t 31447 29920 31451 31459 31292 47447 31470 31980 47960 31133 31474 31476 31308 31310 31142 31482 30292 31483 32677 31998 31318 31150 32000 31151 32681 32002 31834 47644 32006 32686 32008 47820 31670 31504 32695 47655 32016 47656 32697 8388 47658 30149 30151 29981 32021 47492 29982 32023 29983 47664 30496 32026 47666 31178 30499 8399 32029 29989 29990 29991 32031 47843 29993 29824 47164 47845 29825 29826 47676 47847 30507 31528 29829 30000 47001 29832 30001 32044 29835 29836 31536 30006 29838 30008 30689 30010 32051 30013 29844 50244 30694 29845 32737 29849 31889 30699 30020 50251 32060 30192 29853 30193 30023 30194 32746 30707 32748 30200 30030 30201 32751 47713 29864 48054 31058 30039 29871 31061 32252 31573 32254 30044 32766 32089 47564 30058 30061 31932 30574 31424 31426 31428 32109 31266 31948 31098 31270 29913 31105
hp 298
t 63746 80875 62983 80026 75903 64131 62985 63752 76205 72083 71106 80076 64310 75828 72389 76002 76324 76007 72437 71885 76009 63897 80176 67810 67813 80011 67097 75852 67778 80147 63871 80064 71819
hp 177
t 48255 32148 32170 32382 32171 32151 31769 32450 48134 32178 32369 48244 31968 32203 32692 48228 32164 31931 31846 31973 32463 48253
hp 321
t 33060 33571 17336 14447 14702 14617 33063 15894 15299 19126 33577 17597 17598 33068 17343 33409 14709 33666 33073 33584 16839 32904 14629 14546 33076 14466 14381 14553 14383 17698 14639 14555 14642 32833 33088 14389 33176 14564 17029 17369 14735 32841 77636 14567 14482 17884 14400 33100 14401 16696 14656 33272 14402 33274 14575 14405 7691 14749 14580 77735 14410 33025 32856 33791 14666 14840 14416 19942 33032 18158 32864 14592 7707 14422 14508 56923 14510 14680 14427 17828 56844 33555 33556 14431 14432 14347 33048 18345 14775 14437 33052 57023 14438 14779 14439 35605 14355 14781 33056 33567 14782 14443 17334 15890
hp 308
t 59362
hp 231
t 53632 53633 53378 77689 53634 53379 53636 53296 53381 53637 53297 53638 53298 53299 53639 53301 53641 53386 53302 53984 53304 53645 54920 53646 54666 53647 53307 53987 55008 53648 53988 55009 53649 53989 53990 54328 54330 53395 54671 55011 53991 53312 53653 53994 53996 53997 53998 53659 55019 53410 53329 54946 54861 56224 77731 77649 77739 53438 53355 77581 74947 54803 77583 53444 53276 77586 53277 54977 53278 53279 53280 77761 74957 53284 53287 53288 54989 53290
hp 296
t 63163 63291 63749 64314 63964 64135 62796 64467
hp 335
t 69614 69274 26774 69021 69022 62309 68943 69625 69627 61808 69289 46425 68865 61726 66826 68866 68867 69293 61732 67427 69042 61733 66748 69214 68875 66921 69301 61908 68964 68879 68965 69304 68966 69050 46017 62252 69308 68968 69394 66675 61576 68887 68888 45343 68975 62430 69230 68891 46026 62432 69062 69488 62264 68985 69241 68731 26827 69412 69243 67543 68903 62274 43239 69592 45367 61693 69177 66628 69350 69011 61786 45976 69013 61449 61875 68930
hp 101
t 53546 53547 77436 77097 77437 75482 77608 13861 53727 53643 53644 53729 53305 53985 53390 53986 77618 54329 53394 54670 53650 53652 53398 35125 53656 77629 54087 53408 74914 53580 77721 54093 53413 54265 33019 53505 53676 53507 77394 77650 53428 53684 53514 53685 53686 53601 54026 53431 53687 53688 53603 53518 75109 53689 53434 53690 53692 53522 53437 77748 53439 53695 54291 53528 77584 74864 53530 53534 75040 54302 53368 77509 53454 77426 77597 77428 53543 53545
hp 227
t 54672 54704 54715 54578 54450 54675 54665 53911 54719 54667 54635 54710 54540 54533
hp 259
t 35983 51134 36164 36317
hp 80
t 59156 41647 64937 64938 23459 60010 59671 59163 65114 23464 59675 59505 23296 77865 23467 59338 64948 78548 78719 59339 59680 22960 58490 59682 60363 42683 41493 64615 64956 58836 23309 23310 41332 78732 60202 23482 60374 65135 60377 63439 41509 59189 78401 59531 64972 59532 22645 59538 23329 59878 41519 59540 23331 23500 78411 78752 64645 22825 59547 78758 23338 59549 78760 60400 81310 64650 78762 78423 59553 59893 60405 65506 78766 59556 60236 23346 59726 78767 60408 60238 65168 60409 59896 59897 58879 59560 60411 23010 60412 78775 60415 78438 41548 59570 65521 65351 41722 59231 22852 59912 78443 22853 59573 22854 23365 23366 78448 78449 59580 78451 42071 59581 78792 22861 59242 78794 23374 64855 23035 23545 23376 78796 65027 74718 41568 78799 23383 22873 78464 64525 59596 22028 59598 65040 78640 64872 81193 78474 78305 78646 41417 23397 59946 78307 65048 23399 78308 78649 77968 78480 79330 78651 77971 64884 65055 78486 78487 22897 23408 64888 64549 78489 23410 78661 23412 78492 81042 22903 23414 22734 23075 23416 42798 65069 78672 23423 60313 22407 41448 78508 59981 60153 59304 77835 78517 78688 65091 41291 64922 78012 81073 59314 64925 64926 78698 59153 78704 59665
hp 109
t 79131 81341 79813 79133 79815 79135 79136 79816 81176 79733 79734 79309 79140 79735 79820 81010 79821 81011 79822 79737 81012 79823 79738 81013 79824 79739 79144 81014 79740 79145 79825 79741 79146 81016 81102 79742 78976 81017 79148 78213 79828 79149 79150 79830 79151 78897 78983 79154 79155 79835 79156 79836 78986 79157 79838 79839 79840 81710 77886 78992 81032 79164 79165 79167 78997 79255 79856 79857 79262 79858 79859 79776 79779 81056 79870 79871 81061 79787 79108 79109 79110 79112 81067 79113 81068 80899 79115 81071 80986 79117 80902 78947 81158 81328 79119 80988 79120 80990 79121 79290 80991 79122 80992 79123 80908 79124 79810 79125 81165 80910 79126 80911 80996 79127 81081 79128 81083 80998 79129 79130
hp 330
t 35951 50656 70887 51082 50998 50829 50659 49385 34680 30431 52106 73613 51003 51683 50834 51089 50666 52282 52284 73619 50500 34775 52456 36051 51011 36052 31720 51020 52468 51195 52470 50685 50856 51027 52475 50690 36241 50862 73642 50693 51122 35909 73649 52059 51720 51040 50787 51127 50448 51724 52492 51132 35579 51731 73068 35923 50459 35841 50972 36693 35928 28958 35929 35930 52250 35845 35931 36017 35932 51062 52508 50557 50728 50985 35940 36620 50648 35943 50649 73600 50736 49377 35948 35949 51079 35950 35865
hp 320
t 57626 58222 57713 81683 57459 58310 57800 39101 57463 78374 57804 78970 78888 39788 57724 57811 58152 57389 58920 58927 81538 81539 39040 57740 57744 81715 79081 58936 39048 60298 39049 58938 57410 57411 58176 79087 58179 81385 81556 57671 57501 57757 57842 57503 78499 58949 57591 57506 57507 58358 81393 78588 57508 57765 57510 79101 58021 57767 39067 57768 60404 57514 39752 57520 57606 58201 57779 81324 57524 57780 57525 57696 57440 81666 57526 57781 57527 81752 57443 78354 57529 81669 57530 57701 39086 57531 81671 57787 58892 81673 78530 81676 81677 81679
hp 105
t 75986 80236 75987 75989 80239 75990 80070 80580 75822 75994 80077 80763 76177 76179 75840 80091 80260 80601 75841 75843 75844 76185 75845 75846 76187 75848 75849 80271 75851 80275 71946 75856 75857 76029 71949 75859 76030 71952 75862 75864 80285 75865 76206 75867 76207 75873 80294 80295 75875 76216 71967 80296 75877 80128 80129 75879 76221 76222 71973 80304 75884 80135 80305 75885 80136 75886 71977 80137 75887 80307 80648 80139 79969 80140 80311 80313 80314 63995 80316 80317 80148 79979 80319 75901 80152 80662 75902 80833 76415 80159 80329 76593 80165 80167 76767 80508 80168 80169 76265 76779 71856 71857 80189 80190 80360 80191 72034 80364 72035 80365 75776 75777 63877 75778 64218 75779 63879 75780 64220 63880 75781 63881 76291 75782 63882 75952 75784 80374 75785 63885 71875 80375 75787 80377 75958 75789 80378 75961 75792 75962 76133 80386 79877 75797 75798 79538 80728 75969 75800 79880 76480 80220 76482 76483 75803 76485 79886 75976 76487 80056 75977 80229 71899 80231 76491 80233 75984 80235 75985
hp 264
t 71566 50146 67146 71567 66978 70721 67153 66983 65623 65624 67326 71577 65626 73447 71578 67158 68008 71579 65800 72941 72942 66992 66995 70735 65637 71588 71589 68530 71591 65811 71592 65982 71593 71594 70744 71595 71596 72446 67007 66669 65651 67182 65995 70926 67016 72796 71096 67188 67023 72804 70937 67197 70939 67029 65669 65670 65671 65672 65673 70944 65674 65675 67035 65677 71457 67038 67039 65679 67380 65680 67382 65683 72823 65854 67044 70955 67385 65686 73171 73512 66032 73345 73346 66887 73177 73348 66888 66889 67060 65701 65702 67062 65703 73355 73185 73186 73357 67066 65707 66047 67237 73359 65709 73360 66900 65710 65541 73361 65542 73192 73363 71493 70984 71494 71495 71496 71497 73197 66908 71498 71669 67248 71499 71670 66910 71500 71671 73201 71672 71501 66402 66572 67254 71504 66915 71505 50085 73206 65726 71506 71507 65727 66917 65561 66923 71003 72875 67268 66929 67276 71357 67278 66938 67279 72209 65580 67280 70680 65582 72722 50112 50113 50114 49265 66945 50115 65926 67966 50116 71536 49266 71537 73408 65757 65758 71538 49267 67288 71540 71541 72733 72396 67126 68487 71547 65938 66959 67129 70700 71551 71552 70703 65603 65773 71553 65944 71554 71555 68157 67137 50138 50139 66459 67139 73090 68501 67312 66974 71564 71565
hp 175
t 30776 31127 47501 31458 30162 47832 31119 47515 32545 31132 30156 47839 30021
hp 115
t 81340 80958 73990 81897 73780 73739 74121 74164 55465 74167 81647 73817 73827 81635 73871 81183 74172 81652 74091 74133 73837 81403 74476 73839 81532 74095 74138 81408 73929 80944 74400 80945 74444 74785 74232 80906 74446 80907 74362 74320 74363 74364 81291 81292 80952 73728 80953 74367 80954 80955 73858 74115 80957
hp 113
t 76666 76157 75648 72588 80408 69870 75651 72592 75655 76335 76846 80417 77017 75657 75317 75659 77019 69883 75664 71074 81105 76345 72606 75667 72607 81108 80429 77030 77200 81112 76353 77035 77207 75171 77211 76874 75514 76369 75861 76372 77055 75866 72637 79778 76039 76381 80461 76382 76042 76383 76384 76894 76385 76386 76388 76898 76389 75709 77239 76390 75710 77240 76391 76900 76392 80472 76902 76393 75713 75034 72144 76395 76904 77245 76224 76396 76226 76907 76399 76909 72149 76230 76910 75041 76911 76232 76403 75730 71310 75053 76243 75054 76246 76078 76249 76929 76251 76934 75073 75753 76434 76777 75759 75589 72191 75594 76955 76447 76277 75599 76450 76453 75773 75604 76455 76456 76286 76457 76287 76458 71188 75099 76459 76969 76289 76800 76801 71191 76802 76463 76293 76464 75953 76804 76465 76805 76295 76466 75955 76296 75616 69835 76297 76977 71197 76298 71198 76807 71199 76470 76810 76811 75622 76303 75794 76815 72565 75965 71205 73756 77157 76307 75627 76308 69849 72740 76310 76821 72571 71212 77505 76826 71216 76827 71219 69859 71222 76323 76154 71224
hp 249
t 61844 61460 61465 61884 61482 61840 61832 61450 61461
hp 265
t 49466 50147 49468 50148 49299 49470 50151 66981 73441 65792 49302 50153 65793 70723 72763 65794 73104 73444 67154 65625 65795 50157 66987 50158 66988 50159 73109 65630 70390 70221 73111 73450 66652 73452 65972 70393 73453 73454 73114 70395 65635 65808 65809 65810 72952 65814 70915 65647 66327 65819 65990 73434 47300 67192 66002 65664 67024 72805 70936 70766 49517 70938 66348 66013 72814 73155 66015 70949 73161 65681 73162 67722 67893 50043 66023 50046 73337 70958 73338 73339 73170 65691 73172 73173 73344 50053 65694 66034 67224 73175 66035 66036 73178 66038 73350 66210 73180 73520 73181 73352 73182 73183 73354 73523 73184 67235 65704 73356 73526 65537 73187 73358 73188 73528 73529 73530 73531 73191 65543 73193 71664 65544 65885 73195 73366 73196 65547 71667 65717 65888 73198 73369 73199 73370 65719 73200 50079 73540 73372 65552 73202 73373 73543 73204 65724 73205 50086 66577 73717 50087 65558 73719 73209 65560 65900 70830 50091 70662 65562 49412 73383 65905 73215 73386 66927 73388 73389 72709 73390 71011 67272 66935 49426 67958 70681 65581 66431 70682 73402 73232 70342 66944 72895 73406 66946 66949 70690 73411 70692 73412 66952 70693 73413 49444 70695 73416 70698 49280 66960 70701 66961 70702 50136 49456 49287 50137 49458 73429 49290 66971 73432 49293 49463 49294 49464 73435 50145
hp 268
t 36185 35399 36676 33935 36315 36699 36678 36296 36169 34301 52852 52854 51133 36344 35920 36643 35942 36176 36305 35965 36177 36349 36307 36350 35926 51312 36204 34654 36205
hp 255
t 68166 63066 64426 68167 63067 64428 64429 68845 64259 68170 64430 64431 68341 63072 67492 68342 68174 68175 65455 63075 63076 63078 64268 63079 63065 63760 63080 64270 63081 67502 63763 68183 64443 68184 63085 68164 63766 63086 63087 64278 64449 63092 68193 64453 63095 64457 64458 64460 63100 64461 63101 63102 63103 68204 68206 67359 64472 67362 64473 64475 68217 63799 63801 63802 63639 64494 62976 64338 62980 64341 64343 63494 62984 63667 63158 67408 67409 62989 68262 64352 62992 68263 62993 64354 62994 62995 68266 67415 62996 68267 68268 63168 62998 64359 62999 63000 63171 63001 63172 63002 63173 63003 63174 63854 63175 63176 63006 63177 63007 63178 63179 63009 63180 63010 68282 63221 63012 63183 63184 63185 63015 63186 64376 63016 64377 63188 67438 64378 62849 63018 63189 63020 62851 63191 63021 61661 63192 68122 64382 63022 68803 64383 63023 68124 63194 63195 64385 63026 64387 68127 61667 68128 64389 68129 64390 68130 68131 63031 64391 68132 67623 61671 64393 68133 68134 64394 64395 68135 63035 68136 68307 68137 63037 68138 63038 68140 63040 64400 68141 63041 61681 63042 63213 63043 68143 61683 63044 67975 63214 63045 63215 63046 63047 68318 63218 64408 63048 61688 64409 64410 67641 63050 64411 63051 62882 63052 63223 67981 68153 63053 63054 63225 64415 63055 63226 68836 68327 63056 63057 68328 65437 63228 63229 64419 68330 63059 64420 63230 63231 68161 63061 63911 68162 67482 64423 62894 63064 68165
hp 290
t 74865
hp 247
t 61834 61835 61622 68638 63199 61500 61458 61459 61843 61886 68857 61887 61846 61847 61468 61639 61471 61472 61473 63216 61601 61475 61645 61477 61478 61479 62074 61606 61863 61523 61481 63224 61483 61866 61742 61446 63190 61831
hp 112
t 75560 75562 76416 75396 76417 76418 75398 76248 76419 76250 76845 76422 76592 76252 75233 76424 76594 75574 75405 75575 75406 75235 76596 76427 75577 76428 76258 75238 76598 76259 80426 76261 76432 76262 76602 76433 76264 76605 80431 76437 76267 76607 76268 76439 75249 76440 76270 76441 76271 76442 75422 76443 75593 76444 75254 76445 75255 75595 75090 75516 76452 72628 80450 80452 76460 76462 75357 76548 75445 75446 76467 75450 75960 76131 76046 76301 75452 75538 75370 75712 76562 76563 76227 75126 75127 75468 75469 75129 75470 76575 75386
hp 273
t 65743 67274 66487 66997 65596 73353 67020 67106 66490 70145 73418 70340 65983 73380 65539 73679 73211 66985 73349 67136 66818 50073 67329 47334 73410 65931 49462 67057 47317 73329
hp 225
t 32806 32809 53382 14453 34516 14457 14458 33668 34349 33670 14461 14462 34352 33672 56967 53907 33677 34357 53568 33848 33170 33680 33681 56973 34363 32834 53915 57146 16857 35727 56979 32840 34370 33182 16864 34546 32847 14657 33188 32848 33017 33699 32852 32853 14664 33707 33028 33199 33029 33030 33031 34222 32863 14504 53944 33034 33714 53945 33035 33544 33207 56837 32868 33038 32869 14339 33719 32870 33210 56841 14512 14342 56842 32873 33043 57015 32876 32877 33047 57018 32878 34407 33049 33050 33730 53790 14352 33057 33568 14529 14530 14531 33062 33743 14537 14538 33238 33070 33071 33753 32905 14545 32906 33758 14551 32913 33083 33254 32914 32916 32918 33768 33090 32924 33094 32926 14566 33608 56898 33778 33612 33273 35823 14574 33276 14578 33110 33454 32945 33114 14417 32949 14589 14419 14423 40434 33125 56925 14426 33127 32958 77668 32959 33128 33129 56931 33132 32792 53704 32966 32796 53709 53880 14440 14442 33653 14445
hp 257
t 63013 63014 68205 63004 63187 63008 64401 63181 63011
hp 319
t 81680 57605 57628 57532 57607 81589 58333 57442 81688 57698 57613 58326
hp 218
t 14643 33424 17338 17249 33723 17261
hp 269
t 50826 36207 50828 50658 36166 35998 36288 35914 51642 36347 52029 51989 33969 35925 36180 35927 36312 36186 36187 35936 33982 35937 36024 35939 36109 36025 35855 36110 36111 35945 35946 35947 36160 50823 51207
hp 68
t 47809 47810 47682 30980 47811 47853 31449 49809 30939 30981 50405 49556 31578 31579 47729 31664 49642 31453 31623 49303 31624 49816 31456 31286 31668 31669 31460 49950 31591 31633 30912 31593 31040 31594 31041 29769 31130 47662 31088 31472 31558 31473 31176 31177 31475 73167 31561 31136 31093 31180 31095 31138 31181 49626 31097 31141 31099 31228 31143 31146 31147
hp 256
t 63256 63236 63258 63237 63259 63238 63239 63325 63241 64177 63242 63243 63247 64183 63354 63248 63232 63234 64721 63341
hp 297
t 69611 61451 66809 61455 69020 62434 68766 67536 68856 66688 68729 61760 67369 66691 61551 66651 68692 61724 68779 68993 61853 68909 67336 68697 68998 69041 66704 61562 69044 68961 69046 61441 69007 69008 61486 69051 69010 68711 69052 61573 69012 61830 62425 68971 69014 69269 68972 69015
hp 171
t 47075 46874 46252 46247 47094
hp 306
t 43548 43551 43538 43572 43583
hp 289
t 34506 34421 11812 7393 34168 7394 34254 34424 6035 32810 6715 34425 34171 34511 35105 33152 6716 33237 34258 34174 34260 34600 14370 34602 33157 34517 34603 33158 18963 34263 34519 33159 34520 14377 34524 34525 71246 33421 34441 33167 33507 34188 33423 69634 33595 34190 35466 34277 34278 18213 34448 34449 33855 14390 34451 33517 34453 34454 34455 14650 34541 6067 34542 34457 33012 34458 34289 33099 34290 33102 34377 34208 18993 36674 69655 34210 69656 69657 34212 33279 33109 33196 34471 34386 34302 33111 34387 33198 34473 33200 18241 33116 33205 32780 33800 32951 33123 69676 34233 69679 34234 35424 54210 34325 33816 57107 34497 34498 34246 17416 33227 34249 34164 34590 34165
hp 178
t 32656 32616 32701 32617 32659 32703 32684 29922 32685 32603 32666 29925 29905 32667 32646 32689 29906 32647 32117 32649 29909 32650 29911 29914 29935
hp 318
t 81595 81506 58297 81519 39047 81510
hp 323
t 61792 69017 61624 68850 61797 61800 67495 61885 68771 61803 68773 68859 68775 68690 61466 61893 68693 61469 61554 61725 68695 61811 68696 68783 61558 68698 68700 68960 61735 69045 61651 69049 62420 61488 69053 61744 61489 69055 68801 62256 61492 68717 68634 61495 67445 68637 67447 62433 68724 61841 61502 62437 62438 68814 61845 68730 62443 68818 61764 67545 61765 61851 61766 61852 68992 68994 61855 68996 68997 61873 69003 69344 61865 61525 69346 69347 69009 61529 61616 61617 68675
hp 104
t 76667 80578 80410 80240 80241 80584 80585 80416 80586 80247 80587 80418 80248 80419 80249 80250 80421 80422 80593 80424 80595 80427 80598 76689 76690 76692 76693 80263 76694 80264 76695 80265 76696 80266 76697 76698 76699 76700 76701 76702 80272 76703 76704 79934 80274 76705 76706 71776 76707 80277 76708 76709 76710 71951 76711 76712 76713 76714 80284 76715 76716 80286 76717 71958 76718 80288 76719 80289 80290 76721 76551 80291 76722 76552 80632 80293 76724 80464 75874 76725 80465 76555 76726 76727 76557 76728 80298 76729 80469 76559 80300 76731 80471 76561 80132 79454 80644 76735 71976 75546 80306 76738 76228 76740 80310 79971 80142 76743 80144 76235 80146 76748 80318 76749 76750 76751 76412 80492 80493 80323 80324 80495 80665 80156 80325 80326 80327 79647 80328 80668 80160 80671 80332 76083 80333 80504 80335 80166 80675 80337 76597 80509 80170 80510 80340 80171 76431 80342 80173 75922 75586 76266 76778 80009 75933 80362 76625 79685 76628 80368 76629 80201 80371 80204 80544 80546 80886 80716 80207 76636 76637 80547 76638 76639 80379 76641 80212 76642 76644 78857 80388 76648 80559 76481 76651 79882 76652 80225 76656 76657 76658 76661 76662 80403 76664 76665
hp 119
t 54099 54018 77309 77184 77227 77185 77272 76806 77230 77529 76808 77190 76809 77149 77191 70563 77236 77237 77195 76855 53523 77537 76817 77158 76818 77242 76903 76819 76861 76946 77627 76862 77161 76820 77246 77204 77247 76824 77546 76825 76866 77165 75635 77124 77422 77294 77550 77126 77129 54179 77214 77471 77386
hp 123
t 80363 80746 79683 80708 80157 76672 80880 80158 80456 76674 76675 80287 80330 76676 76677 76678 76679 80336 76682 80252 76683 80338 80891 79360 80254 80297 80255 79363 76687 80470 80215 80640 80343 80641 79623 80432 79455 80178 80433 79753 80434 79372 80435 79544 80436 79374 79545 80480 80438 80439 80483 80441 79761 80399 80654 80443 79763 80232 76747 80742 80445 80447
hp 315
t 14397
hp 168
t 29236 29916 29917 29235 29921 29201 11139 32453 29244 32644 11161 29245 29926 29927 29928 29908 29929 11124 29930 32651 29233 29932 29933 11171 32124 32655 11130
hp 339
t 66808 66638 66639 66130 46071 66132 69362 69023 69026 66646 45057 45058 69540 45060 66820 66143 69373 45239 66151 68872 66662 69555 69385 67006 69559 46609 69390 69221 45255 68886 67018 69229 68890 45090 69401 68892 69573 46623 66175 69065 68896 69405 68897 66687 69068 68899 66859 69410 68901 69071 68902 69582 45272 45273 69414 69074 69075 68907 69249 45279 68910 69250 69590 69591 69421 46643 45285 69596 69429 69090 45290 46651 69263 69093 48016 66716 67568 69268 48018 45299 45300 69100 66211 48021 69612 68935 69276 46836 69446 69106 69617 69447 45137 45138 69108 48028 69449 68941 45991 68942 69452 69623 46843 69453 69624 69115 68947 69117 69628 66568 69118 48038 66570 45322 69295 66575 69468 69130 68962 69473 66924 45165 69475 45166 45167 68967 66757 66759 66591 62342 69145 69316 66256 45176 65922 69325 65925 66273 45194 66275 65939 66279 65942 66285 66625 66287 46057 69348 66629 66800 66631 66291 66293 66804
hp 331
t 52442 51125 35954 35912 52444 50830 52445 36040 50831 36083 36082 36084 36085 36089 51135 35922 36049 35966 36094 35840 36095 52458 34056 35842 35843 35886 36100 35933 36060 52465 35934 36061 35935 36062 51025 52385 52345 35941 52433 30419 52477 36073 52436 52268 52439
hp 224
t 53886 53716 53719 54400 54401 53894 53898 54072 14463 54418 54421 53913 54594 53916 54427 54428 54429 53921 54432 33692 53924 53414 57325 54435 53587 54437 54440 53932 14492 54442 54443 54274 53935 53936 14498 53939 33709 53940 14500 53941 14501 33711 54452 33713 54627 33208 33718 57009 54629 53779 56839 53951 33722 33042 54634 33725 33046 56846 33557 56847 57020 57021 54471 53624 54474 53966 54476 54477 53459 56864 14535 56866 53977 53470 14541 54323 32903 14544 54495 33075 34950 35120 33080 35126 32919 35810 53831 34962 35131 32925 53836 34967 33609 54520 54351 53841 35821 53842 53843 32934 54863 53844 33785 34976 53847 32938 54528 32939 53856 53857 54708 57264 53865 54716 54036 54547 53698 54385 56936 53877 54388 53708 54389 56939 54390 53710 54391 53881 53882 53713 53883 54394 33655
hp 293
t 63895 64118 64205 64121 64122 64112 64168 64158 63893 63245
hp 78
t 44878 23458 61881 44882 41483 41486 44886 22787 62227 44887 44888 23468 43870 42510 22792 42177 22797 41499 42520 42521 42523 42184 42185 44908 42189 23490 42191 23495 41517 41518 44918 23498 23501 23502 22823 44923 43910 22832 65334 65335 23515 41536 62620 59220 41541 42563 41545 41546 41547 43928 43929 62630 41552 44952 41553 41554 43934 41555 41556 43936 62296 41557 44956 41558 62299 23540 41561 43942 41562 41563 41564 23544 41565 43945 41566 41567 23547 41569 42590 41571 42591 41574 44974 41915 41576 41577 42597 41579 41923 41585 41586 44306 41926 41587 41588 42608 41589 41590 41591 41593 42613 41594 41595 41596 41597 41598 42618 41599 42619 42621 41602 65062 41942 42623 41604 41605 45346 41606 44326 41607 41609 42629 41611 62012 41954 41615 67456 41616 41617 41619 41620 41621 41622 41623 41627 41629 41630 41631 41632 41635 41296 41637 41297 41639 41640 41642 41644 41645 41646 67487 41648 40968 41649 41650 62730 41990 41651 40972 41652 41312 41653 41654 42675 41995 41656 41657 62057 41658 41659 41662 45403 67504 41664 41665 41666 41669 42689 41671 41672 42693 22633 41333 42694 65474 41676 42696 41677 42698 41678 42699 41339 41340 41680 44740 41341 41681 41682 42703 41684 41685 41686 41346 65486 42707 41688 41348 41689 41349 41691 42032 41693 42033 41694 41695 41015 65155 41016 42036 41697 22657 42717 42037 41019 41699 42720 41360 41700 41701 42721 41702 42382 41703 22663 42043 41364 41365 41705 41366 41707 42047 41708 41709 41370 41710 22671 42731 41711 62112 42051 41713 41714 42054 41716 42737 42739 42059 23360 41380 41381 42062 44444 41725 41727 42749 41390 61790 23031 23032 65533 23373 23375 42415 41407 41408 41409 41410 41411 41412 65213 65214 41420 41421 58088 44829 41769 58090 41431 41433 23413 58093 41434 43136 41437 23418 43138 41439 41441 62183 41444 41784 22746 43150 44171 42471 41453 43153 62873 44856 62537 62879 41461 44523 41465 41469 42149
hp 179
t 32720 32127 8327 48193 30684 32130 30686 31197 48458 9188 30698 30700 30531 30532 32742 30533 47618 30704 31895 47705 32747 32067 32153 32068 30539 30029 30624 32072 30627 48053 30544 30545 32585 32247 48312 31908 32249 31910 32250 31486 32081 32253 32594 32084 32085 32596 47726 48321 32087 48238 32088 32003 32090 32092 32093 32095 32606 31161 48332 32103 32104 32615 29811 32106 32447 31853 32024 31855 31770 29985 32112 29903 47668 32114 30669 32116 32627 31777 32118 32119 30590 31866 29827 31867 31358
