ap 0
hp 376
 52991
ap 1
hp 377
 44859
ap 2
hp 93
t 30314 28845 53151
ap 3
hp 36
t 27436 69256 46139 43251 45078 42444 42784 66584 69093 27614 45761 45804 45506 26807 42660 45508 43555 46147 42663 26684 42366 43557 69057 42409 42665 69061 46664 43731 42757 42800 42460 43098 62436 31030 46500 69494 27461 27377 68985 43061 66948 62317 45189 45998 25684 42811 27428 46851 26112 43708 68741 42433 47025 43540 46730 27393
ap 4
hp 378

ap 5
hp 379
 48864
ap 6
hp 380
 20431
ap 7
hp 381
 20479
ap 8
hp 47
t 42910 26888 42996 27356 26209 44144 45759 43422 26848 27403 24599 46403 45978 43556 24602 48956 26176 47047 43012 45733 44160 27203 27247 24825 24827 26188 26954 26360 26147 42978 27339 27126 26957 26277 42895 26023 26917 27129 27087 24623 25941 27173 27131 26111 27429 27260 27215 27430 25691 26922 26923 42818 24672 26202
hp 39
t 44923 46307 22071 24824
hp 43
t 27181 43544 42439 27183 43546 27439 43543 42443 26378 27187 27060 42362 26383 43554 26723 26512 42450 42833 42408 43259 26642 43769 26514 27407 43771 42796 42839 26946 26607 42758 42801 43737 43568 26951 26783 27379 27337 27124 27125 27296 26914 26916 27086 27385 26281 27344 43536 42772 26963 27132 26921 27346 27006 42774 27007 26328 27390 27053 27435
ap 9
hp 59
t 80858 41802 79713 78991 79798 59569 79672 78907 81074 59400 78272 41299 79592 79720 79762 59533 77850 79595 79426 78747 22691 80748 81046 59838 59159 78074 64224 79439 79356 80843 77869 78382 79318 78468 59471 79448 80851 81064 80767 81066 78305 79793 79753 79711
hp 55
t 25906 27138 26545 25314 24635 27780 25656 25742 27317 26127 26341 26256 25960 27788 49124 27322 24605 26221 26179 26222 26520 24609 25969 26181 25970 24610 26183 26271 27418 26486 24617 26020 26191 25980 25895 24578 26365 26280 24964 27259 24752 45578 25858 26199 25902 26200 25649 26330 27308 26203
ap 10
hp 382
 53247
ap 11
hp 155
t 7377 6592 7337 5808 6732 7902 5182 18272 5290 7011 6927 18190 6641 6621
hp 161
t 2436 47040 48580 25507 2494 48818 48745 48479 9954 48820 9615 48736 2487
hp 156
t 14849
ap 12
hp 383
 57087
ap 13
hp 158
t 19658 19701 19893 20191 19895 7422 20187 7850 18390 7415 19710 7917 19817 15994 18375 20182 19843 20119 19461 19779 19887 20185 19696 20186 7925 14895 19871
ap 14
hp 358
t 14919
hp 363
t 17544 16992 14883 15028 19971 14916 14925 17541 16995 17007 15898 17703 17900 17680 20422 17578 17520 20287 14937 17556 20306 20385 20386 20389 20384 14962 17585 17586 17681 18425 16910 7735 17562 14882 14951
ap 15
hp 61
t 79331 58676 23147 79248 80778 59530 59618 18733 79423 78999 59878 78578 18739 61409 78075 79606 58697 59719 78507 78848 81742 18587 23093 37713 59133 81152 59820 65091 79202 81157 79714 80734 78864 79290 77845 79545 81331 78866 79121 78361 80744 79299 37479 41049 22944 80405 60261 78707 81257 77860 79392 78034 58656 78461 80842 79654 65125 80936 18632 59858 79409 78474 80940 79582 58673
ap 16
hp 384
 16383
ap 17
hp 385
 73727
ap 18
hp 38
t 81009 58378 59379 17985 58404 58383 39727 80995 38496 81083 58749 79004 81788 80983 80900 58375
hp 50
t 6484 58674 57485 59695 34281 81712 57487 39297 59103 79082 38453 60045 40922 57497 15083 81298 14744 59879 14914 34209 81045 81812 58693 80965 35322 58698 37279 58786 38557 39833 39834 81740 59895 57601 81826 38647 39839 36949 39840 34571 81237 57948 81323 80898 78349 38485 32792 81582 37638 39850 57957 59691 37931 59233 58808 18096 81251 80997 60257 58559 80999 38499 38585 38587 39692 39863 80918 81004 39779 81174 81005 58652 57888 39783 59674 39869 59164 74039 57890 80925 57380 59676 57637 43359 16414 78466 57472 6473 59004 57899 59684 6475 57730 39800 74651
ap 19
hp 386
 40143
ap 20
hp 387
 61375
ap 21
hp 388
 32719
ap 22
hp 389
 78846
ap 23
hp 390
 73662
ap 24
hp 44
t 42864 26886 43887 46267 26718 27399 43719 43550 42364 27404 69058 45939 69060 45091 45432 69065 45945 42886 27416 69067 43567 45947 69068 45098 44249 45950 26913 26915 42897 46468 69079 66699 27431 45451 43582 66872 44263 27604 43248 62288 44098 66200 43081 43593 62294 42914 43597 69267 43599 69100 43770 69101 69102 43262 69272 43603 45476 68936 27458 69109 43779 44119 27633 42763 69284 26956 45996 43787 42598 42767 27128 42768 45321 42942 27643 45155 45835 42440 69300 68792 46018 43129 42452 69312 42797 45688 68980 42461 43822 69323 68984 42465 43656 27166 69157 42806 26146 46037 47908 68989 42812 42474 69334 43667 45707 27009 42482 42313 43845 27186 45377 46738 26849 42661 46061 45382 69013 26854 69018 69019 44031 44202 69365 43696 46927 26867 42847 43528 43703 43534 69207 42692 43542
ap 25
hp 81
t 50854 51705 52045 50770 50686 70406 52046 50940 51368 50859 52051 51711 51457 52052 51458 52053 52223 51969 51970 51461 52056 51290 69651 51377 51972 51463 51293 70164 51973 51974 51296 51467 35062 51297 77563 70169 51299 51214 49174 51300 51555 49175 49178 50879 49180 51306 49181 51477 49182 50800 50545 52076 52077 51227 51567 70098 52079 50039 70440 70015 50890 51996 70016 70442 70102 49192 51997 51998 49193 49194 51491 52086 52001 50556 51494 50560 51666 52008 49203 50649 50564 51415 52011 50822 52014 50909 70120 51505 50826 70121 70716 50827 52187 52017 52018 52020 50917 52023 51514 50920 50921 50922 50838 51348 51524 50759 52119 50929 50760 50844 50845 50761 50846 50931 50762 51696 50932 51357 70057 51697 50764 52037 50934 51188 51699 51700
ap 26
hp 391
 54076
ap 27
hp 62
t 57486 81116 39298 58180 57670 58181 80961 57671 58182 57672 58012 80963 39824 57845 57846 80966 58187 58357 58188 57848 39658 57681 58192 57682 57853 57683 57684 57855 80976 80977 79617 57687 80978 57688 58028 57689 80980 57349 57350 58030 81830 81320 80982 57692 57693 81833 57354 81154 57695 57866 81156 58207 57698 81329 79630 80990 58040 57700 81162 58042 81165 57367 38667 57708 78448 57709 57710 57711 81002 81683 57373 81346 81006 81007 81347 81348 81349 81351 81012 81354 57894 81355 57895 81356 58406 57726 57727 81359 57389 81360 57901 81022 57563 81194 57397 58078 57398 79159 57400 58420 79842 57743 58427 81040 81211 58262 81043 58093 57924 39395 57927 58101 58102 59123 57934 58614 58105 58281 57602 58282 59132 57943 57603 57604 81574 57607 57947 57777 77839 57611 57612 81583 57783 81244 81245 57788 81079 81249 81250 81421 57792 57793 81253 81254 81256 3567 81258 81091 57801 80923 57803 81264 81265 58145 57976 81097 58147 81268 79739 78380 58150 57810 57811 58151 81271 57812 78383 81272 81273 57474 81276 81279 78902 57823
hp 49
t 57738 81029 58079 81115 59101 79161 79841 81713 57489 57404 81119 55622 78402 58769 57410 58432 74670 74587 81727 81047 58608 57929 80964 79605 79776 64738 81143 73834 81145 81741 57518 81573 80979 81916 81151 80897 81238 81069 81324 73929 80985 80902 57613 81243 75294 80989 80903 57615 80395 81076 80397 58468 81334 73856 55411 81337 81168 81084 79214 81000 79641 74711 81682 81173 81684 38929 79730 56101 57377 81263 81094 81179 78375 81180 81266 81521 58401 78887 58402 78378 81021 74137 58412 81109 75330 73885 80941 57737 81028
hp 46
t 79160 79759 34966 78997 81889 81890 57923 57586 79775 81222 81137 57933 80969 57935 57851 81141 58107 81142 58364 79784 57685 79701 81234 73925 57605 81575 57690 57691 81577 61349 80899 81580 80901 81667 80905 79801 80481 81077 81247 73768 34924 57364 81335 79804 80996 79805 79806 81252 81678 80998 57453 79724 73773 81085 78961 81341 57372 80409 58224 81259 75227 81178 57804 81010 81096 81011 81352 74807 81267 81353 81523 81274 57646 74816 57391 74648 73884 81024
ap 28
hp 79
t 69639 70022 70151 70023 70152 70279 52133 69728 70706 51456 69646 70326 71092 52138 71050 51288 49248 69988 51502 52140 70160 70373 70162 70163 70675 70166 69698 49298 71059 52062 49299 71060 51469 72039 51470 70171 70086 51471 51472 73573 70088 51473 71321 51559 52198 69635 70646 52203 51565 51481 51482 51483 51356 52081 51487 71080 52083 52126 77541 69893
hp 83
t 69638 52129 51534 51535 49581 52132 52047 52217 52134 70154 69644 51285 52136 69733 52139 51544 52055 34884 71095 51376 34970 52143 52059 69654 52061 71016 34976 69742 70167 69659 70342 69917 53938 71025 51476 71113 51479 71029 35076 70011 69928 35759 51484 51485 52080 51486 53867 52082 51488 69678 51490 52000 51236 51492 77418 51495 52091 70026 51497 70707 51500 51501 70372 51503 69863 70035 69696 77603 70039 70379 54826 54232 51512 70383 54234 70044 53900 51522 69882 51523 53904 52034 52035 52036 54252 69637
hp 85
t 65900 73295 28842 31053 31308 65902 65903 65989 31225 65820 31226 31227 73219 65996 31231 73222 47298 47808 73224 49425 30215 73310 73226 31491 66342 31324 72720 47221 31156 66347 65922 47223 47226 31162 31673 50202 66354 66270 66866 65592 66273 66274 65934 67296 47662 65938 31513 49618 47325 65685 31175 65940 67302 31348 67559 49710 47502 31524 31355 31356 66291 31186 73263 28808 31359 66041 66722 30853 31111 73273 66304 31199 65540 31457 47267 47608 73279 65714 50074 30864 30779 53136 66736 50076 73282 47189 47190 65721 49828 66318 50426 31217 31048 65983
ap 29
hp 48
t 42438 44224 61479 42354 43545 27480 42355 62246 42441 43547 42442 26633 42783 42358 66329 68709 42359 42616 42363 26214 42449 42453 43561 69317 42884 68979 26650 26905 42120 26651 42292 27417 42464 44250 68986 26912 69073 45103 69414 26149 42641 66611 69586 46466 42472 42473 69080 69250 27391 43583 42478 26838 43584 43840 42651 69086 42906 26840 42822 43843 42314 27014 69345 43080 42911 42316 44101 44017 45718 44018 42403 42404 25745 26086 46742 42322 42407 61703 26685 61790 46066 42922 46832 42752 44028 42753 26688 42838 42754 42330 42415 42755 61541 42841 68937 43014 45649 62394 42759 61800 27460 42760 42761 42846 43357 42762 30183 43445 43785 45997 27127 42003 62148 27639 69459 42769 65295 43790 43876 25942 45492 43709 69040 42775 42352
hp 45
t 59524 65219 65134 33855 59866 6486 59697 41848 59698 59699 78910 77890 65140 51795 57576 59701 77892 79506 59702 65313 14737 78318 80868 80869 65144 78490 59705 35565 64977 79428 64979 59709 79429 64980 80876 64982 80877 78838 65069 34810 65076 78251 51731 78761 77912 78167 59555 81911 59558 77833 78259 78174 78769 77835 59392 78263 64068 52424 78264 78180 14771 78181 79796 80816 79457 80817 59397 64838 80735 80650 65011 79377 65099 78189 80824 65015 80655 59490 79382 80743 77853 65019 78789 78195 65106 65191 78282 65531 59582 77857 59668 59669 61115 80752 65367 80753 77863 78204 65199 41824 78460 77867 41827 77868 34688 51689 64864 78296 80166 77875 79575 65041 59686 59687 51615 78307
ap 30
hp 53
t 6441 21062 20808 4619 21110 21195 5642 7132 6623 7090 7474 4882 21713 21247 20933 21588 61113 5907 5142 21038 7141 7056 57421 7061 5236 7063 21088 5960 4218 21007 21731 20840 20842 21012 19866 18293 7371 18379 5590 7333
hp 157
t 2493 32194 9077 25456
ap 31
hp 392
 65422
ap 32
hp 393
 56590
ap 33
hp 362
t 34342 57300 56651 56619 56653 56604 54283 56770 56772 54401 57140 56785 33668 32921 56682 56831 56644 54667 57227 56964 57178 54326 32904 56802 32929 56607 56624 56966 57131 32909 56943 32942 54446 32951 40498 40501 56848 56951 57095 56609 56610 32898 57097 33728 57248 57118 57180
ap 34
hp 394
 24575
ap 35
hp 344
t 69130 69392 45082 45085 46021 45086 69059 69319 69406 45436 69410 43232 69243 45360 69415 69417 45193 46808 45448 45108 46809 45365 45195 45366 69081 69421 69251 69082 46048 69083 69338 46815 46052 46053 46059 69264 46824 69265 46826 45466 46062 46827 46063 46828 46829 69103 69273 69104 46833 45730 45985 69274 69105 69275 69023 46838 45989 26865 68940 69112 69626 69289 45493 69210 69125
hp 228
t 6512
hp 80
t 30964 49835 47286 30967 49667 31310 49672 65995 50015 30806 49507 66338 30809 66509 31490 66172 65832 49173 47304 30986 66516 47476 49177 30817 30988 66518 30819 49179 30820 49860 31161 30992 47141 47313 47314 31675 31165 66525 30997 31167 31678 30828 50041 50042 50043 47494 50214 50215 49706 50217 31349 66029 31179 31010 31351 31521 31181 47161 30842 66033 31523 31184 66035 50055 31526 47506 31357 49717 31358 50058 50059 31529 31189 50400 47341 31532 31533 50067 47349 73359 47520 47522 47187 49739 73369 50080 50421 50081 47191 66402 50082 50083 47533 49744 50084 50086 31216 50087 31218 31558 50089 31219 31220 49751 31221 49412 49753 31223 31054 49414 31224 31395 50095 31058 73218 31059 49419 50099 31060 30380 31230 73225 66257 30217 73228 47218 73229 30730 49770 73230 49431 73231 47561 49601 50112 30734 73234 31075 47905 66436 47225 66437 49438 47228 50119 66609 31590 50121 50122 50123 47237 31088 49448 31089 50129 30239 50130 66280 73252 50132 50133 49793 50134 50135 50136 31267 47247 73260 31610 49462 50143 30765 31109 31110 31115 30776 47947 66307 30780 31120 47610 73281 30782 50162 65972 47613 31124 50164 66485 31126 66487 66490 66491 30961 30792 30793 31303
hp 175
t 47619
hp 82
t 50939 50599 50941 49583 49159 52137 50780 50865 50866 52057 50187 52058 50783 50868 51634 51975 49491 50871 46622 51980 50793 51983 51984 73152 50118 49779 50884 49184 49185 49525 49951 49186 50802 52078 50888 49189 50210 49191 50809 72826 49536 50896 49453 49198 73509 49454 49199 50899 49200 51496 52006 51498 49968 52179 49461 49718 50568 52189 73357 50238 30266 52032 51526 49231 50933 52211 49152 50768
hp 345
t 62330 45330 69217 69303 69134 69304 45079 68625 45505 69306 69477 66078 69308 45083 62254 69139 45084 62255 46019 69225 69309 69310 45426 46022 45087 45427 46023 46789 46025 46027 45944 45519 46030 69405 45946 45096 46032 45097 48075 46800 45441 46801 46802 45953 69413 46803 46038 46718 46804 46719 46039 46805 46465 46040 45106 45957 45361 46807 45107 46552 69248 66783 43154 62280 46810 62281 46811 45111 46812 68998 46813 43159 46814 66790 43160 43161 46136 45458 46054 69005 62376 46056 26846 46821 43252 46822 46058 46823 62209 62295 26850 46825 45550 69266 69097 45554 46574 62300 69525 43175 26859 46834 45305 69359 46835 45732 45988 62308 62224 46839 45056 45991 62313 46843 46845 62316 45062 46847 45063 46679 62405 45067 69377 62237 62323 62241 45073
hp 262
t 59470 59502 59460 59418 22605 22616 59474 59508 60124 59402 59319 59393 59427
hp 335
t 23058 23229 44904 23314 27734 21450 42190 44317 22812 22813 44320 44915 23334 23335 44501 22828 22829 22831 21217 42298 20624 24535 21900 21985 22666 45022 23007 45023 23350 23013 22334 23101 21576 22853 45040 23025 44956 45041 44957 45043 44958 45044 45045 22860 23030 44961 45046 44876 45047 45048 21758 45049 45050 23035 45051 45053 22273 45054 44969 45055 22362 23553 22278 23045 44976 22281 23046 44977 44042 24409 44896 42176 44897 23224 23139 20505 44902
hp 106
t 79500 79502 80353 80396 80356 80527 81123 80445 76748 76664 80390 76750 80448 80449 80450 80366 80367 80451 80452 80453 81134 80455 80499 79353 80459 80419 80461 80462 80463 80465 80429 80387 80472 80473 80474 80475
hp 305
t 76524 76354 79542 72662 76531 76320 76535 72669 76367 75561 76327 72163 76711 72334 69701 72679 71319 75826 76167 72682 72641 72684 76512 76173 76515 72691 72565 76517 76605 72568 75797 72569
hp 264
t 63604 67684 63605 63606 63607 63608 67688 63609 67689 63610 63950 67690 63611 64290 67691 63613 63103 63615 67697 63617 67698 67699 64469 63620 63626 67709 80802 63804 63636 63637 63639 63640 63641 63642 64492 63644 63985 63986 63647 63648 63649 63650 63990 63651 63652 63653 67734 63654 63655 62975 63656 63658 63488 63659 63489 63660 63490 67741 63661 63491 63662 64341 67742 63663 67743 63494 67749 63839 67750 63500 67752 67753 63504 67588 63679 63680 67760 63510 67761 63512 63513 67764 67766 64196 63687 67770 67771 63692 67772 63693 67773 63694 63695 67776 61488 64379 67612 67616 67787 67617 67618 67619 67620 67621 67622 63882 67623 64397 67627 67629 72390 63552 67803 80045 62705 67807 67980 64071 68321 61692 61523 67648 61529 67649 67650 63571 63572 61532 67652 63573 67824 67653 63574 63575 63915 67655 63576 67656 67827 63577 67657 64257 63578 67658 63579 67659 63580 67831 67660 63581 67661 67832 67662 67833 63583 67663 67834 67664 67835 67665 67836 67666 63926 67667 63927 63588 68348 68008 67668 67669 67670 63930 63591 67671 67673 63594 67675 63596 67676 63087 67677 63598 67678 63599 67679 63600 67851 63601 63602 63603
hp 273
t 62755 63436 63437 62757 65477 64117 62758 64118 62759 62079 62760 62762 64122 62763 64123 63444 78064 62764 63445 63446 63447 63450 78070 63110 63451 62770 63452 65492 64132 63453 64133 63454 64134 64135 63456 63457 64137 65497 63458 62777 64138 64140 62780 63461 63462 62782 65502 63463 65503 64144 63465 80805 65506 63126 63468 63809 65509 64150 65510 63472 65512 62792 63473 63132 63813 63475 64155 63476 65516 63816 65517 63817 63478 63479 65519 62799 63480 64840 64160 63481 63140 64161 63482 64162 64164 63485 63825 64165 64166 63826 63827 63148 63829 64849 63830 63831 64171 63151 63492 64173 62473 64174 64175 63836 65197 63837 63838 41058 62478 62819 62479 62820 63503 64523 65204 64524 63505 62145 63507 64867 63848 63168 63850 64190 62152 63172 62493 63856 63857 62157 64197 63858 63179 63859 64879 63860 63861 63862 63863 63185 64545 62846 63867 62508 63189 62849 63869 78150 63870 63191 63871 63872 63192 65233 63193 62853 62854 63195 64896 63196 62516 63877 63878 62518 64900 63881 62865 61506 61847 62871 62531 61512 63892 79192 62873 63213 63893 64574 63215 62195 62875 63896 62876 63216 63897 61518 62538 62879 63900 62540 63221 64581 62541 63902 63904 62884 62885 62546 63226 63907 64248 63908 62549 64589 62550 63910 64590 63911 62551 63912 63913 62894 62554 64256 63917 62897 63918 62898 64258 77859 62899 63920 62560 62901 62902 63922 64942 63923 62563 63243 61543 62903 64263 62565 62905 62904 62907 63248 64268 64269 62909 64270 64951 62911 63252 62572 62573 64613 64274 64954 63255 64615 63256 62576 63257 62917 63938 64620 63260 62580 43882 63263 62584 63264 63265 63266 64286 63946 62927 62928 63268 64288 63269 63949 63270 64971 63951 62931 62592 63271 63272 63273 64291 62934 62595 64976 63276 63278 77899 65319 63279 62600 62601 64641 62941 63282 41183 63283 62604 62605 62946 64307 62607 63287 62948 62947 62949 63969 63290 62950 62611 63292 64312 62952 62953 63293 62614 62954 62615 62955 63296 62617 63297 63299 64999 62620 63300 62960 62961 63302 63982 65002 63303 64324 63306 63987 63308 62968 63309 64670 62971 64672 64673 62634 64674 41215 64675 65017 64677 63318 62978 64678 62639 62980 64680 61620 63321 62981 62640 63323 77945 62646 62648 62649 64689 62990 64691 64692 62653 64353 64694 64695 64355 62658 64358 62660 63002 65384 62664 63004 64365 63005 61648 62669 62670 61992 63012 63354 62674 63015 61996 62677 63018 62678 62679 65400 63020 63023 77985 65406 63026 62687 77988 77990 65414 62700 78002 63042 62703 62704 62706 65432 68832 62712 62713 62714 64074 62715 62716 65437 64759 61704 65447 64427 62728 65449 62729 61712 78033 65453 63073 65454 62733 62734 80754 78036 80757 63077 78039 65459 62739 63079 78041 80761 78042 63424 78045 63426 78047 62068 62749 64112
hp 174
t 47037 47616 46575
hp 341
t 21693 21766
hp 339
t 69298 62329 69299 69132 69296 69220 69307 69226 69144 69316 66088 46031 69322 69069 69579 69070 69325 69240 69326 69072 69327 69328 69159 69074 69329 62275 69076 69077 46043 69078 61938 62278 69249 62282 62283 46049 69254 45965 69085 62383 69353 69268 62299 69269 69270 69271 45987 69278 69279 69281 69027 69282 69369 69287 69288 69290 69547 66062 69292 62408 69378 69293 62324 69209 69294 62325 69295 45072 62327 62413
hp 277
t 78734 78735 63439 78062 60382 64802 60384 78744 64805 65147 64807 59710 78750 65490 78071 65151 78754 78755 78078 78765 65168 78770 78090 78094 59395 62797 78778 59399 78780 78781 59401 78782 64846 59692 59747 59407 59748 22689 78111 64854 59417 64518 59425 59426 59430 64531 65216 78824 78147 64547 78830 65234 59795 65236 59456 65237 64898 65239 64899 65241 64901 59461 65242 59462 64902 59463 65244 59464 65245 59465 65246 59466 65247 64907 59467 59468 65249 65250 65252 59472 64912 65253 64573 65254 22755 65255 59476 64916 65257 59477 65258 59478 78179 65259 64919 65260 22760 59480 65261 64920 59481 65262 64922 59482 65263 59483 65264 65265 65266 65267 65268 22768 65269 59829 59489 65270 65271 22771 59491 65272 59832 59492 65273 59833 65274 65275 59496 22777 65278 41818 59839 22779 59503 64604 59505 64608 59515 64956 63936 59516 64957 64623 59537 59538 77900 59541 77904 59546 77907 59549 41870 59550 77913 64653 62616 78598 59559 77921 78602 59563 59564 59908 59568 78608 78609 59570 78610 59571 78611 78612 59572 59573 59574 78614 77936 78616 59576 77937 64676 78617 59577 59578 78618 59579 78619 64679 59580 64681 64682 64683 59583 77944 64684 59585 64687 59587 64688 59588 77950 64690 59590 59591 59592 64693 59594 59595 59596 59597 64699 78639 59601 59604 65044 65045 59605 59606 65047 59607 65049 65051 62671 59612 65053 59613 65055 59615 77976 65056 63356 59616 59617 64717 65058 77979 59619 59620 65060 77982 59622 22562 59623 78663 59624 59625 77986 78326 59626 65066 59628 65068 77989 22569 22571 77992 59632 65072 59633 65074 59634 77995 59635 59636 65077 59637 65078 59638 59639 59640 78680 59641 78682 59643 78004 59644 78005 64745 78685 59646 59647 22928 59650 78012 59652 78013 59653 22593 78015 59655 22596 22598 22599 59659 59660 65100 59661 65101 59662 65103 22604 78716 62738 65119 78720 78044 78724 78725 78727 63428 63430 63431 78732 78733
hp 105
t 81030 80393 78948 79040 81208 78915 79807 79045 78962 81214 81129 81215 79729 79731 81093 79734 81859 79015 79698 79359 78934 79700 78978 79786 79702 78980 79787 79746 78939 79067 79026 81026 79709 79794
hp 64
t 26522 26524 44313 26527 27231 27913 27849 27233 26555 27299 26556 26535 27768 26536 27218 26517 26539 27220
hp 298
t 72078
hp 206
t 54776 55118 54556 55087 54737 54738 54728 54654 54655 54561
hp 255
t 67429 67431 68834 67264 67392 67394 67012 67438 67013 67014 67058 67188 67062 67360 67233 67021 67235 67236 67364 67407 67365 67237 67366 67239 67030 67413 67243 67372 67373 67375 67509 64409
hp 331
t 24562 21599 23054 21673 21776 21617
hp 334
t 21784 23230 21785 42186 21787 28249 22299 44830 21371 44832 23327 44323 44051 44666 44496 44752 22823 44498 20614 21806 44841 44756 44417 44843 27762 44848 44849 44510 23005 44851 23006 44853 23009 44770 20630 20547 23352 44432 44433 23353 27689 44434 44520 44521 23017 21997 44863 23019 28205 44528 21663 21408 44529 44530 44531 44871 44532 44533 44364 21500 44535 44366 44536 20651 20567 44367 44877 44878 44538 44539 44540 22272 20657 44375 21255 20575 20576 21851 20661 21341 20577 44378 44719 44731 27976 22114 21350 20586 22286 41836 21777 22289 44899 44985 22715 44646 20592
hp 293
t 66989 66588
hp 261
t 67362
hp 265
t 64455 61906 67518 61740 64460 61741 64461 64462 67015 64466 67019 64471 67022 68222 61762 61764 61766 61767 68570 61941 64321 61774 67216 67223 61784 64336 63657 64337 61617 67398 67403 64343 66894 73185 67065 62986 61796 62988 64348 61798 67238 67408 64349 62989 64350 67240 63160 62991 67411 64351 67412 67415 67416 64356 67417 64357 61807 68099 64359 67419 64360 67420 67421 64362 61642 67423 68104 64364 67934 63006 64367 63007 63008 64368 64370 63010 67430 63011 61652 67432 64372 64373 63013 63014 67434 68114 68115 67435 64375 68116 63016 63017 68117 64378 68118 63019 68119 68120 61660 64380 61661 68121 67271 61662 68122 68123 67443 68293 61664 63024 68124 61665 68125 63025 67953 61666 68126 68127 61667 63027 68128 66938 63030 61670 68130 61672 68132 61673 63033 68133 68134 61675 63035 61505 63205 68135 68136 68137 64398 68138 68139 61509 61680 68140 61681 68141 61682 68142 61683 68143 67464 61685 67466 61686 67468 68148 61688 68149 67470 64410 61690 68151 68831 61521 68152 67811 64412 68153 64413 63052 68154 67474 63054 68835 63055 64415 68156 61696 68155 68157 64417 61697 61698 68158 68159 68160 68161 67481 68162 63432 68163 68165 61705 61706 68166 68336 67316 61707 68167 68848 68169 64429 64430 68170 68171 64431 68001 68172 68342 67153 68173 64434 63074 68175 64436 68346 61546 64437 64440 64441 68351 67331 68182 62232 64443 64444 64445 68185 64446 64447 64450 64451 64452 64453
hp 274
t 65135 22637 22667 64832 22675 64844 22685 22688 41728 59408 41729 22690 41730 41732 22692 41733 41734 41735 22697 41737 41738 41740 41741 22701 60101 41742 22702 23042 41743 22703 65203 41744 22704 22706 41747 23047 41748 22710 23050 41414 23055 41756 21698 41759 59439 60119 21701 21702 22973 60125 24431 60132 64894 22735 41776 41436 41777 41437 60137 41778 60138 41779 41780 21722 60142 60143 41445 60145 41446 60146 41447 41788 41448 41449 41789 59469 41790 41450 41791 41792 24454 41797 41800 59821 23104 41810 41811 23111 23112 23113 23114 22776 41816 23120 23121 41822 23122 23123 41825 23125 41826 23126 23127 41828 41829 23129 41830 23130 41831 23131 41832 23132 41833 22793 41834 41835 23135 23137 41838 41839 41840 23140 23141 41841 23142 23143 41843 41845 64965 64966 23146 41847 23148 41849 23149 64969 23150 41851 23151 41852 23164 23165 23167 64991 64995 41882 41884 41885 41886 22846 41889 41890 41891 41892 41893 41894 41895 41896 41897 41898 41899 65020 59920 41900 41902 41903 65024 41904 41906 65026 65027 65028 22528 65029 22529 65030 22530 65031 22531 22532 65032 41913 22533 65033 22534 41915 65035 22535 65036 65037 22537 22538 65038 65040 22540 22541 22542 60623 22544 22545 22546 65046 41927 22547 65048 22548 23232 23233 23234 23235 23238 22559 22563 23248 23250 23251 59292 23254 22574 22915 22575 22917 22920 21220 22921 22586 65087 22929 22589 22930 22590 22931 22591 22932 22933 22934 22595 22936 22937 23278 22939 41980 41981 41982 23282 23285 22606 23287 23292 23294 65115 22958 24322 65122 65124 22625 65126 65127 22627 22968 65128 22969 22970 65131 65132 65133
hp 187
t 25188 25870 25871 25193 25199 25880 25886 25896 26237 25740 25912 1780 1781 1782 1612 2973 2976 2979 24580 25940 25601 25943 25264 25945 25946 25098 25950 25782 24593 25104 24595 25959 25109 25110 25621 25111 25962 25622 25623 25114 25965 25625 24607 25627 25628 25118 26309 25629 25120 25631 25971 25123 25634 25124 25635 26144 25125 26316 25637 25127 25638 26318 25639 25129 25640 25642 26322 25132 25133 25984 25644 25134 25135 25986 25306 25136 25987 25137 25988 25138 25989 26329 25139 25990 24630 25650 25991 24631 25653 25993 25994 25995 25655 25996 26336 25997 26337 26338 25658 25999 26339 25660 26001 26002 25662 24643 26003 26008 26348 26009 25329 25159 26180 26011 26351 25840 25164 25165 25336 26356 25166 25337 25677 26358 26359 25340 26363 26364 24666 26027 26028 25862 26033
hp 69
t 42098 44907 42189 42104 20599 42191 20686 20601 44912 20602 42195 45001 44916 45002 44833 45004 44919 44834 45005 44155 45006 44921 44922 44497 41692 44924 45010 44925 20615 41355 45011 44502 20618 20619 44505 20621 44337 20622 44338 44169 44340 44509 44170 44171 44172 44513 44855 44516 44176 44177 44517 44518 44349 44859 44180 44860 44523 44183 42066 44872 44873 20564 42239 20565 44198 44879 42075 44882 44883 20658 20660 20662 44975 44381 44894 42007 42180 44987
hp 68
t 364 365 280 28075 5040 1216 28333 28335 626 27997 372 28082 288 374 28000 375 5052 27919 28073 296 20951 637 299 28350 303 28098 4894 984 985 8125 987 1242 20793 28103 44850 28021 990 991 28363 28024 4905 28280 28025 4906 996 20887 20632 28283 28028 320 4911 21486 3977 4913 409 837 1008 28123 28294 1009 1010 331 758 44537 338 1019 340 680 256 28137 28308 259 345 27972 518 20833 20579 20668 28406 28321 28152 28323 272 28324 28325 27986 277
hp 186
t 66 69 42 1729 1772 199 1751 75 25107 1754 1734 1756 1757 36 1779 207 38 83 126 41 28602
hp 304
t 76609 80690 79671 80692 80693 80695 76318 80525 80656 80657 80360 80658 80660 71820 80661 80321 80491 80662 80663 80666 80496 80667 80668 76632 80500 80671 80674 80888 80677 80380 80212 80383 80682 80640 80512 80683 80344 80684 80685 80686
hp 338
t 43884 41677 41171 42361 42703 41174 41344 41345 41178 42368 42374 42375 41015 41186 43906 43907 42377 41701 41702 41024 42044 42391 42396 41040 42402 42405 42576 42067 42578 62128 42411 41051 62134 41055 42756 42589 42590 43780 42591 42594 42764 43786 42597 43958 43788 42430 42770 42771 43791 43962 42603 42604 42436 42776 43967 42777 42609 43799 42610 42785 42447 42448 42619 42790 43302 43983 42454 42625 43816 42627 42456 42458 42459 42802 42803 42463 43655 42805 43486 42808 42468 42809 42640 42810 43661 43491 43663 42814 42645 42815 42475 42648 42649 42309 42479 42820 42481 42652 42992 42653 43503 42484 42655 41635 42826 42317 42827 42488 43848 40960 42491 44022 42664 42666 42668 42669 42670 42500 42671 40971 41992 42672 41993 42673 42674 42335 42676 43866 40977 42677 42678 40978 42508 42680 42681 42511 42682 42005 42345 43875 43877 43879 43710 42690 42860 43711 42010 42012
hp 268
t 61480 63138 61525 62504 43847 42788 62637 61491 65529 42623 63194 42457 62858 42675 43883 62481 62864 62482 42679 43783 63207 61805 62868 63210 42470 42685 63212 43789 42643 62872 42644 63214 62492 42434 45410 42435 63049 42650 42437 62923
hp 180
t 20610
hp 182
t 25949 26546 26548 26549 27229 27315 27230 26550 26551 25957 26553 27148 26554 27234 27149 27829 27236 27151 27237 27238 26559 27239 27240 25966 27241 27837 27243 26565 27245 27248 27249 27080 27251 27081 27252 27082 26488 26574 26491 26496 27307 25652 25908 25914 26595 26600 27790 26945 44455 28399 26529 28150 27811 26962 26537 27302 27047 27133 27304 25859 27814 27134 27305 25947
hp 290
t 58834 6485 59170 59889 59868 59890 59212 59871 59882 6513 59873
hp 302
t 72104 72110 80782 80796 72128 72129 72131 72135 71966 72648 72139 72309 72310 71970 71971 72482 67722 71972 71973 72484 72313 72144 72145 71975 72315 71976 72656 72147 71977 71978 72149 72150 71980 71981 72152 72153 72663 72323 71983 71984 72495 72154 72325 71476 71985 79295 72155 71987 72670 72671 71482 72162 72332 72335 72000 72001 80672 72172 72173 72003 72174 72004 72005 72006 72347 72007 75407 72689 72009 72690 72010 72181 72011 72012 80003 72183 72693 72524 72013 72354 72014 72695 72355 72015 72356 72016 72186 72697 72017 72188 63518 72358 72698 63519 72699 72359 72018 72019 72189 72701 72190 72191 80013 72023 72024 80015 72365 63526 72026 72367 63530 63531 63534 63536 63545 63546 63547 63554 63555 72400 63563 63736 63569 72409 72410 72411 80071 72430 80260
hp 326
t 75589 75590 76951 75592 76952 75593 76953 76954 69729 75595 69730 76955 69986 76957 77042 76959 77044 76961 76962 75603 76964 75774 76965 76966 75521 69741 76967 75522 76968 76969 77055 76972 75697 76975 76979 75620 77068 76816 76817 77073 75630 75545 75631 76991 75717 75719 76995 75720 76911 75721 75723 76914 76999 77000 76915 77002 75727 77003 76919 75731 75562 77008 76923 77009 76924 75564 75650 75565 76925 77010 76926 77011 77012 76927 75567 77013 77015 77017 75586 77018 76937 77023 75588 75669 75584 75671 76946 75502 76948
hp 166
t 43630 43551 43041 43552 43722 26639 43047 43560 43050 43733 43058 42889 45696 43742 45699 27169 43404 27170 45701 42896 27171 43066 45702 42898 42899 45706 27347 42902 27603 45709 27182 43588 43760 43761 27613 43763 43764 45720 43765 45721 43766 43086 43257 27618 43768 27365 27621 27368 27369 43774 27370 43521 43522 43524 27204 43525 27376 43527 27378 27208 42848 27634 42934 27294 42849 27380 42850 42936 43530 27210 45741 43701 43531 42938 27382 42851 43532 27383 27381 27384 27213 27386 27387 42857 27388 42943 27389 27644 27646 43541
hp 107
t 75675 76611 76356 76357 76358 76360 76362 76448 72623 76449 75600 76537 76539 76369 76370 75523 75524 75525 75526 76376 75612 76718 75529 75698 75616 71197 75532 75702 75618 75534 75535 75536 75622 75707 75538 75794 75540 75795 75628 75548 69859 72579 76404 76321 72666 76322 69862 72667 72583 76324 71225 76325 71990 76411 71227 76412 76328 71228 75394 76331 69871 72592 76335 75571 75572 72598 75828 76168 75574 75829 79144 76595 75831 75238 76513 72604 77026 75836 75582 77029 75587 75417 76523
hp 103
t 76015 63521 72703 70749 80184 63524 80865 80866 80867 63528 63614 63529 80871 63532 75943 63533 80874 70845 75776 63537 63538 67789 75778 75780 63542 75953 63543 75869 75784 63544 75870 75785 63886 63887 75787 64227 63548 75874 63550 75876 75791 63551 75877 75878 63553 75879 72649 75880 72526 75881 75882 75883 75884 75885 75887 80137 75803 63734 63565 63566 63737 63739 80061 63742 71821 72673 71993 72674 80070 72675 72677 79903 79310 80670 80840 72681 63501 80079 63590 63506 80337 75832 76172 75833 63508 72519 75834 63509 76174 76514 80002 75837 80852 75838 75839 72694 63685 63515 63686 63516
hp 276
t 64964 78055 59696 65136 64967 65137 64968 59528 65138 65139 64970 78061 64972 59872 65142 77893 64973 64803 59534 64974 59704 64975 78745 59876 78237 60387 59707 60389 65149 78240 59540 78753 64813 78756 79608 59548 60400 59551 60401 59892 77914 78764 77915 78256 77916 78766 78767 77920 78600 59562 78093 63304 65175 77926 59566 64836 77927 41888 64669 77930 65182 59403 65184 78275 59575 65185 59745 78276 78277 65187 65018 78278 65188 78279 65189 59749 78280 65190 65021 78281 59409 65022 64851 65192 78283 59581 65193 65533 65025 65195 78288 77948 78289 59759 78291 78293 78294 78295 78465 78637 78298 64868 78299 78300 59602 78645 78646 78308 78648 78478 78309 59438 78479 65050 78310 64880 78311 59610 65052 78313 78653 78314 59614 78315 65057 65228 64888 65059 59621 78322 65062 78152 78155 65067 59627 59457 59629 65070 59630 59631 78333 65073 64734 78164 65075 78335 78165 64736 59642 64742 78172 65083 64743 78173 64744 63384 59645 78175 64746 64747 78008 59648 64749 59649 59651 78183 78184 78185 59656 78186 78017 59657 78187 78188 78019 65102 59664 78194 59665 59666 78196 78197 65108 65279 59670 65110 65111 59671 59501 65112 65113 65114 59675 78205 65116 77866 59677 78206 65117 65118 78038 78207 78040 65120 78721 78722 78723 78726 60198 78729 65129 65130 78730 59690 78731
hp 299
t 66654 66623 66666 69379 69570 66693 66705 67555
hp 102
t 80689 80349 80350 79333 80354 80526 80699 80700 80361 80362 80703 80363 80534 80705 80536 80537 80538 80539 80370 80371 80202 80457 80205 80208 80382 80553 80468 80554 80641 80556 80471 80727 80643 80558 79879 80730 80645 80732 80563 79458 80818 80479 80651 79546 79547 80316 80827 80745 71992 72672 80749 80750 71995 80751 80327 80497 72678 80669 72680 80673 72683 80163 80517 80676 80678 79828 80679 80848 80688 80853 80854 80516 80687 80857 80348
hp 168
t 25312 25185 25611 24594 25274 26379 25998 27955 25618 25151 25620 26215 25663 26005 26346 25156 26603 25923 25626 26307 24608 27244 1744 1787 27925 26139 26352 26226 25843 26355 27420 27975 43402 27424 25130 26279 25897 26025 25985 26326 25604 26030 26031
hp 100
t 62586 64961 62641
hp 188
t 864 27819 26534 27916 28331 28376 28078 28356 27803 28326 28359
hp 207
t 40738 37924 40783 38055 40733 40883 16658 40427 40513 37890 37985 16523
hp 229
t 59458 60133
hp 189
t 27840 44543 44182 42101 45009 27144 20620 44443 42957 44401 42107 44402 44508 44488 27851 27830 44321 23347 44874 22030 44813 27856 44413 44456 27775
hp 113
t 59869 79080 78317 78488 6495 78405 78238 78493 78408 78239 78494 78409 78410 79091 58865 79095 78416 78587 78417 78248 78588 78418 79098 78589 78504 78505 78420 78506 78421 78423 78339 78257 77832 78258 78428 78429 78260 78515 78430 78261 78431 78519 77841 77843 78438 78269 78440 78271 78441 78445 78192 78447 78193 78024 78449 78365 78450 58901 81001 78451 58902 78366 78452 78368 78198 78199 78539 78966 77864 78462 78464 79060 59001 79063 79065 79066 78558 78473 79069 59693
hp 235
t 58504 36916 58683 58685 58692 61329 61330 59377 58528 61333 58529 58531 58705 58536 59385 61344 58539 58369 58626 61347 38652 58544 61351 58461 61352 58462 61355 38405 58465 61356 58381 58467 58469 58724 58640 58470 61361 58641 58471 38410 58472 58643 61278 61363 61279 58389 58479 58395 38421 37316 58481 58483 58654 58486 58488 58574 37324 61296 61297 38518 61299 61301 61302 61304 61390 61305 61306 61307
hp 181
t 28110
hp 65
t 27989 1130 366 28332 20810 454 20940 28029 27998 416 1011 28299 28473 978 852 28307 1022 342 343 28012 28311 28014 945 28020 20625 28064 20626 28023 28108 28322 28109 28026 28069 913
hp 84
t 70405 77545 69641 69643 71089 71090 69645 71091 51286 70072 51202 69903 69819 69736 69907 69653 71101 69656 71102 69657 77223 71103 69743 35064 69998 69999 53765 53510 34980 34981 77056 53941 34991 75368 76899 69674 34909 77409 76901 69676 34911 69677 69679 51234 74101 74187 70025 71471 71048 70029 69860 77426 70032 77512 69866 35017 71057 51423 70718 72589 69699 69703 69874 69876 51261 71492 69878 69708 74299 51519 69709 69879 71495 71070 71071 73708 69884 35034 70059 69634 69890 69721 69636 77543
hp 269
t 69044 62414 61735 62332 62290 62333 62291 62334 62335 62293 62296 61743 45211 61874 69015 61538 61878 61794 61880 61795 69321 69367 62227 69071 69283 61720 69370 61723 62318 69373 62404 61467 69374 69331 62447 62235 62407 61770 62328
hp 248
t 72337 72316 72423 67897 72318 72361 72319 72447 72175 72304 67737 72305 72348 72308 72351 72394 72311 72418 72333 71039 72336
hp 254
t 67726 72401 67896 72422 67706 67723 68579 72406 72321 72428 71027 72366 72324 71028 67715 67738 67781 67717 72393 72437 72416 72331 72417 71737 71036 72419 72420 67725
hp 110
t 79799 81098 81099 81100 79782 79783 75281 81104 81105 79745 76727 79767 79789 81108 79790 81088 79791 81089 81090
hp 101
t 80540
hp 111
t 75546 75547 75570 75549 73935 75550 75551 75573 75575 75577 75625 75583 73926 75541 75520 75626 75627 75542 75543 69849 75566
hp 171
t 278 109 279 281 282 27993 283 286 28424 461 37 378 39 125 295 1062 43 44 49 27930 53 57 60 1761 61 62 1763 27946 27779 27950 581 1777 757 587 79 1016 257 28477 258 28479 260 261 7 262 8 263 9 10 11 12 267 13 439 14 354 269 355 440 441 271 442 611 444 19 445
hp 231
t 59100 58549 58421 59102 58423 58764 58671 81760 58767 81845 58428 59108 81847 58430 57538 58558 59111 81849 57413 58391 58774 81852 58394 57589 81813 81687 57461 57378 81774 57891 58954 57423 58912 58104 57595 59125 58616 59127 57385 58108 58662 57557 59129 58068 58410 57731 57392 58796 58371 57394 58415 57567
hp 78
t 71678 71636 71679 49154 49197 65774 71640 72875 71643 72877 67565 49163 49249 71647 73687 49250 65656 73561 73522 49254 71653 71654 71655 73570 49217 47262 50153 52066 50749 49176 73487 65710 71617 71660 73572 71022 50795 73490 50158 52159 73154 70947 71670 70863 65764 65637 65893 66829 65639 72866 71634 71635
hp 271
t 22371
hp 169
t 16
hp 324
t 77097 77820 76982 77821 74822 74950
hp 177
t 44311 27227 44314 69135 42958 43042 42959 46020 43727 43732 43564 43565 43229 45954 27174 46046 27261 27262 26925 45456 42908 43249 42315 46057 43254 45976 69182 42917 42920 42921 26856 26857 42923 43263 42840 27200 43520 27201 45986 43606 27202 42928 42929 27205 43100 42931 27206 42845 42933 27209 42935 27211 42937 27212 42853 42939 42854 45999 43110 27216 43537 42858 43029 42859 27219 27221 69212 27222 43713 42863
hp 272
t 62754 62756 78057 78058 78060 64800 79421 62761 64801 63442 63102 78063 62765 64806 80786 78067 62767 63107 64128 64808 62768 78069 64809 64810 62771 64811 78072 65493 62773 62774 63455 65495 64815 65496 79437 78077 79438 65498 62778 62779 65500 80801 65501 80803 62783 63466 62786 62787 62788 62789 63470 62790 64830 65511 62791 62793 65514 78095 62795 62796 63477 64837 65518 64839 42739 63819 65180 65520 80820 62800 65521 64841 64842 65522 62802 63483 62803 65524 62804 65186 65526 63487 64847 62807 65527 65528 65530 62810 80831 62811 63493 80833 80834 62814 63495 80835 63496 62816 63497 62817 80837 63498 62818 62822 80844 62824 62484 62825 80845 62827 80847 61468 63169 61469 63170 63171 62831 63174 64874 62834 64195 63176 60120 63181 62502 62503 63184 63864 63865 63186 63866 62506 63187 63868 63190 65232 64212 62172 62173 63873 63874 63876 62176 62177 61838 64219 63199 63880 64221 63202 64222 63883 64223 78166 64226 63888 63889 64229 61850 63890 62191 64231 64232 64233 62874 63894 64234 63895 62878 63898 63218 64239 63899 64240 63220 64241 63901 63222 64242 63903 63223 64243 64923 63906 62887 64247 63228 63229 63909 63230 62890 64251 63231 62892 63232 62893 63914 62895 77856 63916 62896 77858 63238 63919 62900 77861 63921 77862 63582 63924 63925 77871 63932 63933 63934 63935 62915 63597 64617 43878 64958 62753 62920 62921 62922 64962 63267 77888 62929 62593 77894 62594 65315 62935 77896 62596 77897 62597 63957 77898 62598 62599 77902 62602 62603 77905 64987 62608 79609 62609 77910 62610 64652 62612 64655 62618 63298 62619 63301 64663 62963 62964 62966 62969 63310 65351 77932 77933 62973 62974 65016 65358 63998 65359 77940 77941 62642 62644 62645 62647 62650 62652 62654 62655 61640 63001 63003 63351 64032 64034 65054 64039 64046 64047 63028 67798 63040 63047 61689 64069 79370 63050 78016 64077 79380 79381 62722 79383 62724 78025 79385 62725 62726 78027 79387 62727 79388 78030 65450 62730 78032 62732 78035 62735 63075 79396 62736 78037 80758 80759 80760 62741 80762 78043 62743 79404 80764 62744 79405 64784 78046 62746 62747 62752 78053
hp 234
t 36914 61353 38402 38404 58550 61334 58638 38641 38472 58723 61338 38409 38622 38623 38498 58473 58537 58474 38415 58475 38501 61350 58396
hp 303
t 80096 80267 72449 80270 63612 80272 80273 80275 67696 80277 80278 80279 67701 67702 67703 67704 67705 80115 75866 67707 80287 67708 76719 67710 67711 67712 67713 67714 71964 71965 67716 71967 67718 71968 71969 72480 72481 72483 71974 72146 67727 72657 72148 80308 72489 71979 72151 80311 67736 80317 80318 72668 72499 67739 80319 67740 67744 67745 67751 72002 72343 67754 67755 72345 67756 72177 72178 67758 72688 72179 72180 63511 63682 72182 72353 63684 72184 63514 72185 71846 72696 72187 63688 63689 63690 72020 63522 72025 63527 63699 67782 67783 67784 67785 63365 63535 67786 80706 75777 63368 67788 67790 67791 67792 67793 72383 67794 67795 67796 71026 67799 80719 72391 67802 71712 67804 72395 71715 63557 79538 63559 63730 63560 63561 63562 63564 63738 63568 72408 67825 67826 72077 67828 71738 67829 80069 71739 67830 64089 75993 63754 75994 80075 67837 67838 67839 63589 71920 63592 63593 71926 76009 80090
hp 270
t 7068 23252
hp 323
t 39160
hp 176
t 42779 42865 42100 42695 42780 43716 42102 41422 42870 42786 42872 44318 42873 42194 42875 43641 42962 44152 44238 43559 44239 42794 41350 42286 43395 43736 42376 43652 43482 42888 42804 42351 42042 44339 43489 43660 43490 42386 43832 42387 42813 42388 42048 42389 42900 42901 42051 42011 44348 42903 44351 42397 42398 43758 42909 42399 44185 44186 42657 42912 44187 43678 42913 43083 42320 42915 42321 42916 44192 42832 42918 43258 42068 42919 44193 44194 41985 44195 42410 41986 44196 42071 41987 44197 42412 41989 44199 41990 41991 43691 44201 43436 42842 43437 42843 42418 43438 41994 42079 44204 44205 42420 41996 42421 42932 44207 42423 43529 42766 42852 42428 42429 42940 43705 42855 43706 43535 42431 42008 42009 42095 42861 42096 42353
hp 330
t 22804 23187 23188 23190 21660 23020 21661 21619 21662 23022 24554 21494 23027 21753 41601 24559 22818 23328 23329 21672 21715 20866 20653 22992 21675 23336 23214 23003 23218 23219 22668 21650 21651 21694 23225 21652 21695 24330 22802 23228 21655
