ap 0
hp 368
 61183
ap 1
hp 369
 53048
ap 2
hp 90
t 59370 59838 59924 61415 61416 59248 59249 33750 59250 58953 59338 59253 59210 61422 57599 61383 59217 58835 59136 59263 58500 59352 58672 58376 59270 59951 59358 59230 59147 61399 58892 59360 61402 59320 59321 59916 61405 61407 23074 59327
ap 3
hp 37
t 81130 75351 79305 75355 75101 79266 53342 75359 75445 75362 75364 75493 75452 76260 79321 75497 75329 73757 74310 79325 76267 55019 75463 76697 53365 75381 75424 75382 73732 75347 79342 74412
ap 4
hp 370

ap 5
hp 83
t 21330 44409 44380
ap 6
hp 371
 20472
ap 7
hp 372
 20158
ap 8
hp 36
t 46749 47769 46919 47855 46495 48197 47687 46584 46755 46585 31797 46587 48203 47596 45399 48289 48376 47867 47698 47530 47785 48380 47615 48636 46852 47702 47534 47535 47790 48218 46519 49924 48309 46865 46950 30801 47631 46528 49843 48313 46699 27574 47805 46957 47553 46874 46960 47556 46876 27497 48152 47557 47559 46880 47562 46967 48328 47564 46969 47565 47566 47481 47482 48162 31332 48163 47823 47483 46888 46889 48334 31759 46550 46891 46381 27535 30828 48170 31765 46896 47833 47068 46899 47750 47836 30751 31772 45627 47584 45799 47755 46906 47076 31777 46738 47504 46740 46571 47166 29826 47509 46659 47510 46916
hp 38
t 48151 46197 46878 46583 49559 47053 47521 46926 30820 31160 45059 47527 49822 46848 47783 47529 47572 47827 30786 32741 46087 47747 47791 27520 46774 47752 46862 46907 47502 47758 29825 29827 46742 46105 30720
hp 43
t 47258 48287 49989 47780 46930 69202 47782 46933 46593 46764 66994 48294 47617 46937 46939 48299 46773 30794 45414 31474 49495 48307 48308 48139 31822 47123 46103 46953 47804 47807 48317 30809 48319 46110 29960 47811 48153 62433 47643 46964 32176 46966 30986 30818 47480 29973 47824 47488 47828 48169 29979 48180 47501 47843 45811 47511 66721 47512 47513 48194 48195 26775 50576 48199 45480 31711 47523 66053 48205 46676 47016 66567 47017 48208 46850 66912 30194 30535 46346 46517 49748 47201 30541 46864 48224 46184 48225 32245 47035 46866 47718 49759 47211 46532 47042 48233 47554 47044 47724 47555 30726 46877 46369 46881 47052 46883 46372 49604 46885 47055 46886 48076 30736 48249 46892 47742 46894 31764 46897 46898 30749 46900 46390 47751 49625 46905 47585 31776 30927 47587 46737 46568 65948 47588 46569 47590 46570 47760 46911 47592 47082 47763 46917
ap 9
hp 55
t 47007 47858 48200 48285 48201 48286 47862 47012 47013 47865 47695 48291 46932 47018 48293 32484 46851 46936 47533 31808 47618 47024 47025 47026 47027 46942 31473 32494 32154 48474 32495 46944 46945 31816 48305 49835 47797 46861 46947 48221 46863 47713 49754 47715 31821 47802 46868 47803 31824 46954 46955 48148 31914 46958 47047 47049 31749 47050 47816 46971 47568 47569 47484 48337 48172 31767 46558 32107 48174 31260 47159 31779 46996 46404 30001
hp 59
t 29239 32640 10881 32641 32642 52702 29922 32643 29243 32644 10884 32645 10885 32646 9867 32647 52707 16327 32649 32651 32653 12253 32654 29934 32656 32657 32658 12258 32659 32660 9881 32661 12262 9883 9543 9884 9544 12265 9545 12266 16006 9547 9889 9550 9551 9552 8193 9553 9554 9555 9558 9899 10920 9907 16367 9228 11948 8210 9917 8218 9918 9923 8223 29304 9925 11966 8226 9927 9928 10948 9588 9929 8230 9930 8231 9591 8233 9593 8234 9934 9595 9936 8236 9937 9597 9938 9939 9599 9941 9943 9944 9945 9946 28986 9947 29327 9949 9950 10630 9614 8258 29340 8262 10644 9971 8272 9632 28673 8273 29354 9977 8277 9980 12022 9982 29705 32765 8290 12030 11011 29712 30054 30058 29720 10340 11021 11022 29722 9664 11025 9665 11027 9667 10687 11028 8309 11030 8310 10690 9672 10692 9673 8314 8315 9675 8317 9677 10697 8318 10019 8319 9681 9682 9343 11046 9690 9694 11060 29765 11065 10733 10061 8361 9721 9722 9724 9725 29786 9726 29787 30128 12109 11771 29795 29796 11097 8377 29797 30139 29800 9742 15863 32524 29805 29806 9406 12809 11110 16211 16213 16215 8396 29818 16218 12819 29820 3300 28801 9762 8405 10788 8409 8411 9773 8414 29154 10795 11137 9777 8418 10799 8420 11142 8422 10803 10804 8425 9786 9788 13530 8432 16252 9792 9794 10816 11158 10818 9799 16259 9800 9801 9802 16262 9803 9804 8445 8447 9811 32592 10832 11174 10834 11176 10836 9817 16278 10838 10839 10500 9822 10845 9825 9826 10846 9827 10847 29888 29889 29890 11870 29891 29893 29896 32616 11878 16300 9842 16302 9504 16304 9507 10867 9848 12229 16311 9851 9852 10873 29236 29237
ap 10
hp 95
t 4248 43607 5102 5273 5189 44970 8165 44971 44888 5195 7491 8157 44979 5200 43621 44812 5375 8097 4358 21443 4359 5039 44904 5295 44819 44482 8103 44738 7508 5299 21366 5301 11931 44827 42958 21286 7601 3947 5222 4543 3525 5057 5227 44413 45011 44929 5322 41532 5323 7449 4219 44170 7450 7452 22073 19948 7453 5243 44854 21479 42220 42051 8136 20717 44857 8140 44690 44521 20976 21486 44692 21488 21320 5170 7466 8146 8147 44867 7468 42319 8150 44956 44872 7643 4243 21074 44961
ap 11
hp 149
t 1698 1359 1702 1703 2384 1704 26186 1707 26188 3070 9191 3071 1711 8512 32311 1373 2393 1374 2054 2396 9197 9198 32321 2402 24842 2408 8868 25528 2409 25529 2411 1392 2413 1393 2415 32336 26217 32337 2758 1739 2419 24859 1400 25200 2422 8544 1405 8545 1407 32350 2771 2433 8555 8217 2778 32360 2102 46983 25224 1425 2786 2447 2448 32708 32370 2110 32371 2451 2452 2453 2455 24895 2796 2458 1438 2460 2120 1440 2461 2462 24902 24903 2463 1443 24904 24907 25927 2130 8254 2474 2475 2477 24917 2478 2479 48719 32402 2483 2484 2490 2151 2152 2153 25953 1474 1815 2156 25276 24596 25277 2159 24939 1820 2841 1483 25283 1484 2844 1485 1489 1491 1832 2512 1493 32434 26314 32435 32436 8979 25981 1502 2862 24963 32445 2188 1851 8656 8658 24978 1519 2887 2888 24989 26009 1871 24991 8672 8675 24996 2897 1537 1538 1541 2223 1543 2564 2907 1550 1890 2230 1551 2231 2572 1892 2232 2233 2573 2234 2914 1214 2916 25362 2244 2925 1907 2927 2248 1570 1696 8373 8374 25374 2255 1697 25376 1918 25381 25382 2262 1582 1583 2943 25383 29804 25384 9067 228 25388 25390 24719 8740 25400 1602 2963 8403 32203 1947 9430 1950 25071 2975 25077 1622 2304 2984 25084 2305 1626 3326 2308 1629 1633 2994 2997 1298 1299 1642 25442 25443 1643 1645 3008 2328 1648 1649 3010 8450 8451 3011 25111 8452 2333 3014 1654 25456 3019 1659 9140 8462 8803 3024 2344 8466 3027 48927 3030 8473 8475 25477 3041 8821 3043 2368 3051 1351 32632 3052 25152 1353 8494 8834 1354 25155 1356 1357
hp 157
t 29981
hp 155
t 32383 32331 32459 32449 32173 8460 32453 32369 32381 32456 32339
ap 12
hp 350
t 37606
hp 134
t 37604 18637 40456 18006 60435 37608 57001 40454 40473
ap 13
hp 373
 8127
ap 14
hp 374
 61374
ap 15
hp 50
t 75222 54228 34936 70637 34938 53553 53978 35023 54063 77527 53729 74300 34945 54072 77789 54416 53312 53568 77283 34954 77624 54166 34532 53402 35128 55103 51364 53746 54427 54088 54004 34965 53920 53326 54091 77551 34968 12528 53584 53330 54350 53926 33101 34972 55117 56648 53758 54780 34976 53511 53426 55807 34898 53854 54111 53602 55048 34989 34990 54285 54200 54031 54203 53609 54119 77410 59305 32956 34911 77328 54123 53954 54124 53701 77416 51406 51323 53959 54131 53622 77337 77677 53623 53878 54218 53709 53285 77341 53881 53627 18098 53374 77514
hp 56
t 47725 31363 31406 31449 47684 47685 47856 47728 30177 31326 31541 29968 31371 30480 31372 31204 31119 31545 48292 30060 47869 31464 31379 31465 31380 47871 31466 31467 47830 31382 30491 46854 31469 47662 30042 47749 31472 31940 31430 31388 47623 31814 29986 46859 31347 47838 48520 31351 46867 47845 31107 31447 30464 29954 31400 47594 47849 47552 31402 47851 46747
hp 52
t 75735 77010 70635 76840 75651 77521 35108 76334 77014 77524 77184 77357 77188 77359 77529 35030 77446 76851 77532 77279 77535 77198 72525 76860 72186 77375 76356 77546 77377 76357 77038 77548 70579 77549 76189 77381 77382 77552 77383 11085 54180 77556 77557 76368 77391 34892 69827 77562 70593 54188 11179 69828 71189 77564 76376 76291 69917 76292 77312 77313 76379 69919 70600 35326 76297 77403 77318 54199 75705 77327 76307 69848 70614 70615 35256 76398 70618 76314 69769 71980 54215 77336 77423 76829 77424 54219 63739 76490 77340 34926 69776 76832 69777 34928 77176
ap 16
hp 89
t 44560 28219 27838 44073 44051 21400 26542 21422 21360 44078 44674 44292 44060 44655 21410 21389 21411 27681 44553 26516 27727 28217
ap 17
hp 375
 65535
ap 18
hp 40
t 30725 30811 48278 27476 47558 47112 47771 48344 31346 47051 49771 30881 27460 49858 31690 49945 49753 47757 31820 46909 47164 30059 47272 49652 49568 49653 47852 46576 47576
hp 51
t 11050 9691 29752 10712 16323 10543 36384 10545 10546 36217 29247 12928 29419 10720 53050 32650 12930 16331 10551 10383 29083 10554 9705 52715 11235 13275 36396 36397 13110 29090 16340 13111 52722 16342 52723 30284 9885 14305 10565 11246 10566 52898 52731 52562 10572 36074 15675 11086 11087 9727 36417 36419 11090 9900 36422 9903 15176 13306 12457 11098 36429 13309 36090 13141 36601 15185 36435 16209 9919 52930 13151 11961 52932 36442 13153 29302 36443 16382 52936 33898 52768 10949 9760 36450 11121 9932 10274 10616 36458 52781 36462 29495 29325 16239 10289 29161 53132 13183 36647 10977 52971 52801 11159 29349 10820 52810 10650 10821 53151 28843 52643 29353 11504 31566 31397 10828 10658 10659 52990 16270 52480 52992 52822 9815 10835 13216 10329 9820 29542 11012 13903 29203 11013 11014 11015 10678 12889 53009 53179 12380 10681 52673 53183 35845 10345 9666 12897 12898 29390 12902 53022 52852 13073 53024 9674 52685 10525 10696 52687 12908 10528 36198 32629 10869 52859 12910 29061 53032 13252 10702 11213 10872 13423 52694 52695 11045 52697 9687
hp 63
t 54313 77476 54164 53698 77387 53594 51362 54147 12604 34960 55276 53577 54597 53961 52644 34987 54241 54010 53925 52820 34525 53161 36395 77324 77261
ap 19
hp 376
 57078
ap 20
hp 377
 57343
ap 21
hp 378
 28607
ap 22
hp 379
 73702
ap 23
hp 380
 60664
ap 24
hp 65
t 10793 13258 53038 52699 13177 34175 36556 36386 36557 12417 15225 15227 10297 15228 12933 52800 52716 53227 11492 11237 53058 13109 12939 12772 53147 36658 14304 13455 16260 30285 77545 52726 52984 12781 13716 15672 52563 52648 36668 16274 15256 53082 12454 53169 36424 75100 16281 31666 17046 50369 10253 13656 36438 53014 52674 36439 36186 36441 53102 33897 54127 31688 36364 52941 16308 36453 53029 36539 53030 74790 11720 36628 53037
hp 42
t 74799 69870 76500 75696 76844 76633 76592 76127 76044 76343 76258 76259 17057 75793 18078 77452 76239 80430 80431 33470 75673 76652 76865 76401 71983 75596 77296 75852 76365 17673 75813 70715 76369
hp 58
t 77688 77263 70889 77605 75220 77691 70126 77692 77522 75738 76420 77695 76165 77186 77018 54240 53390 76172 77788 76598 77449 74304 69969 53734 75154 76600 75155 75666 77620 77621 75582 75837 74902 76603 70398 54249 75669 34955 54250 75670 70316 70317 75502 77288 76863 76410 77799 70320 70405 51366 76443 70239 53497 70583 76025 76791 70927 77047 74796 77388 71183 75434 75349 74925 54100 74756 77645 69826 77646 76456 55037 74758 77648 76203 76034 70423 70084 76288 76290 77565 70425 77228 70684 77654 69836 77317 74771 75196 69757 75708 75368 71798 75709 75795 75710 70695 54120 80471 75711 54208 74948 76309 76822 75122 76312 77418 70109 77589 70449 74871 76828 76318 76744 69690 77172 77682 76833 71393 70290 77685 76836 71057 77687
ap 25
hp 97
t 44708 20654 44456 42928 21339 5191 43444 44383 43620 4352 27897 5374 5037 4531 27312 4448 21448 26380 21450 4450 4026 4452 27233 21369 4370 44066 44492 21373 21457 21458 42881 21500 44499 44414 43734 21295 21465 44925 21501 21468 5320 4812 20793 28106 44681 21477 5328 5329 44684 5331 21312 44519 27859 4229 4401 43671 4403 21405 44526 21322 4238 27275 21414 21329 44450 44705 21416 5097 44367
ap 26
hp 92
t 16828 39779 61202 61289 61204 37830 61205 58570 61291 61206 39786 61292 61039 61294 61209 61211 60702 61297 16419 58494 61131 16422 36993 60713 36999 58589 60801 59356 37003 60548 37088 58768 37860 61406 61236 24092 58435 60559 60899 60731 58438 59373 59374 61244 16451 60825 61423 16458 39919 58451 58623 58454 61430 38311 19357 58373 18086 19279 36959 39852 61274 58387 61277 61193 37480
ap 27
hp 47
t 74331 58118 55589 54761 74163 56273 74426 55684 55599 55623 55666 56028 55731 56305 55944 56264 74391 54693 75496
hp 60
t 53272 54292 54633 55611 56163 54719 56271 54635 55230 55953 55571 54956 55190 74337 54281 55047 55006 56260 55942 54625 56133 55072 54690 54287 74177 54628 54776 56286 55119
hp 39
t 55586 74140 55102 55679 55955 54001 74403 56277 55619 55578 55664 55643 74748 55687 55580 55581 55688 56285 74413 55692 54290 55969 56267
ap 28
hp 81
t 43858 43859 44030 41992 43692 27373 41653 44714 44204 41995 44884 44716 43357 42507 44208 61888 44210 43702 43703 44384 61894 44214 44045 42855 44215 42006 27216 42516 44387 42857 44388 42176 43538 44389 27901 44392 43881 44052 44393 42183 41676 42186 42527 61908 43719 62080 26551 44402 41171 44232 62083 61913 43384 44405 42535 61916 62087 42537 44408 62089 43899 62090 44919 62260 43732 62094 44075 4415 62266 43397 62098 43910 61933 62104 27254 62107 61937 62278 43919 42050 43410 41200 62280 27091 27261 27941 62281 62452 62453 41034 61945 42058 44268 21319 44099 42060 62460 61950 43421 43422 62292 43423 43424 61956 42407 44107 43937 21498 43431 41564 42075 44115 44285 27287 46158 27288 43948 44968 44969 43439 44120 43101 43441 43102 43442 42933 44465 43615 43106 43446 44807 43447 43618 44129 42940 61812 43113 43623 43964 43455 43625 43457 44138 43458 42609 41590 44481 44142 43972 41593 41594 43975 27996 62848 44998 27319 43979 43639 42111 43642 42113 43985 43137 43140 44160 43650 27841 44164 43655 43147 43317 43150 43320 43151 44001 44002 42813 45024 42816 27856 41626 42990 43330 42311 44012 44014 44015 43675 27867 43681 27194 43684 42835
hp 85
t 59839 78710 57970 59500 60352 59502 78713 59842 22783 22614 58994 22775 22617 22619 57979 60360 78384 78388 78389 78390 78391 78392 78732 59182 60374 59014 78394 60375 78396 60206 78397 78398 60380 81805 60390 78580 78752 78753 78754 60225 60226 60397 60229 60400 60231 60232 78763 78765 60410 60240 59392 59393 60415 59395 59398 60248 59400 59062 59742 59743 58893 59064 58894 59745 59066 60256 59407 59067 60261 57712 60267 78798 57547 78289 59760 59420 60270 59762 78467 78470 59771 57561 57562 78473 57563 59608 60288 60289 57570 57571 60291 78483 60294 78485 57575 58936 57916 59617 59788 60297 57581 60301 65232 57583 65236 60308 22739 60309 22740 58440 57929 22741 60311 22571 60312 59803 59805 60315 59635 60316 65247 22748 22749 58109 58110 22751 58621 57773 58964 22755 58965 58967 22759 59480 58970 65261 59482 22592 60163 78352 59824 22594 58974 60334 61355 78526 60165 22595 65095 59825 60167 78527 22597 58977 22598 22769 60339 59490 59830 22599 78192 22772 65102 58982 60173 22773 22603 22774 22604 60175 78365 65276 58986 65277 58987
hp 79
t 22949 22950 43860 22951 60011 78711 22952 41652 42502 22953 22611 78883 22954 22612 22613 22960 22620 22961 41662 59344 22966 60196 60708 58498 60198 58502 61393 22633 77883 22634 22635 42526 60721 78911 22983 22984 22644 60556 22652 78242 42713 22654 23504 22655 43905 43907 60399 62609 41870 78591 78252 65503 42553 60233 60235 61426 60069 61769 42560 59220 59391 61433 58374 60414 42564 58035 42566 41206 41207 23528 58379 42570 42742 78278 42749 60258 78790 59240 23031 58392 23033 23373 23203 59754 41735 78455 23035 23545 42415 23376 61287 23038 60098 58567 59930 64861 22702 60444 22705 22706 22878 60109 65209 22710 41072 64872 60112 57564 78475 64876 22547 60345 22888 64883 58763 22896 23237 60128 22728 57578 22729 58769 22899 23239 22730 22901 60132 23413 42623 57415 22905 37016 23246 37017 58946 22907 41607 58947 22908 23247 22909 59969 22910 22742 22913 22914 60145 22575 60146 22746 22917 41788 22578 41789 39918 57938 59811 41621 23261 59132 58622 23943 59814 58457 61184 22764 22767 59828 59999 23279 22770 59660 58980 60001 23281 58981 22942 58812 41643 59323 58983 22944 60344 58814 59325 42496
ap 29
hp 48
t 69145 69443 30812 50915 66088 66131 69488 68937 67282 65752 67199 32732 45825 67117 68948 26831 32738 68949 72774 47192 67124 30830 47193 69208 66828 68274 30534 47194 72779 45196 30792 67002 49580 66027 49581 72956 65775 47204 62376 30757 47206 49501 47376 47291 72791 67310 72709 47336 47294 67185 47212
ap 30
hp 64
t 33701 13856 70630 54110 14033 70560 77361 77277 12891 54201 14127 13787 33720 54207 77158 13663 77329 51321 77374 35045 54171 54172 12906 15499 54259 15670 77467 36667 77339 54135 70498 34969 13124 34970 13891 70587 15550 33273 34888 53631
hp 62
t 12450 52782 53080 36420 52698 50404 28687 13302 52700 13771 33577 49685 53043 53086 29202 57296 28991 13946 53046 50413 12929 53092 36390 36433 13783 53096 52714 53121 34060 36440 36528 52510 52724 52725 36661 52939 36662 52854 52812 36538 36624 36454 52817 52775 52818 36457 53076 36375 53970 51973 52483 36461
ap 31
hp 46
t 30810 30938 30770 66726 47517 50109 50003 47522 50008 32211 47121 49566 49778 50162 30952 69203 47167 47550 47508 31192 30954 49995 47213 47107 49934 49616 50019
ap 32
hp 381
 39865
ap 33
hp 382
 20398
ap 34
hp 383
 52475
ap 35
hp 104
t 80579 80240 79901 80582 80242 80243 80244 80245 80246 80586 80587 80247 80248 80588 80249 80250 80252 80592 80253 80254 80594 80257 80258 80605 80277 77897 80279 80281 80282 80284 80285 80286 80287 76548 76549 76550 76551 76556 80296 76557 80297 80298 80640 80300 80641 80301 80642 80643 79624 80644 80304 80305 79625 80306 79626 80307 80310 80653 79633 80654 79634 80655 79635 76576 79636 80319 80322 80323 80664 80325 80327 79647 80668 80669 80670 80671 80333 80334 76595 80335 80678 79658 80680 80341 80681 80682 80342 80343 80344 80345 80685 79665 79666 80686 79326 80687 80348 80349 80690 76271 80352 79673 80694 80355 80695 79675 80357 80358 79678 80359 79679 80701 80362 76624 80364 80365 80366 80367 76628 80369 76629 76630 76631 80372 76635 76636 80376 80716 76637 76639 79360 79361 79362 79363 79364 75288 76649 80731 79374 79375 76656 76657 76658 76659 76660 76661 76662 79384 75986 72589 76671 79392 80755 80417 80418 80419 80085 80428 73968 76704 79425 76705 76707 80449 80450 79430 80451 80452 76712 78072 80120 79446 79447 79450 80472 80473 79453 80474 79457 79458 79459 80480 79460 77763 80484 80485 80486 80487 80488 79469 80489 80490 79470 80491 80492 80493 79474 80494 80495 80498 80501 80502 80162 80503 80163 79485 80507 80508 76089 80512 80513 79497 79498 80519 80522 79502 75423 79504 80525 79506 80528 80535 80536 80537 80198 80199 80540 80201 80202 75443 80203 75446 80206 80208 80888 75448 80209 80549 76129 80550 75790 80211 80551 80554 80214 80555 80556 80557 80558 80219 80560 80561 80562 80563 64243 80564 79544 80565 80225 80566 80226 79546 80567 80227 79547 75128 80570 80571 80572 80573 80574 80575 80577
hp 335
t 14427 33765 14535 33725 33599 33705 33727 33706 33707 14416 14438 14418 14504 14631 33714 33692 33693 14506 14485 14444 14403 14425 14404
hp 225
t 54614 54615 54594 56145 56275 56147 56190 54704 54726 54620 54707 54605 56136 54798 56308 54715
hp 269
t 78670 41612 22616 41784 41614 41785 41786 41745 65205 41448 78550 65206 41751 22670 22840 22671 78687 23522 41330 41287 23523 41586 23524 41204 41036 64882 41209 41932 41933 41934 78740 41213 42745 41003 23538 64936 42751 78749 41731
hp 279
t 64096 63906 63364 63919
hp 68
t 30939 50023 50408 49602 30732 31583 30733 31457 49266 49481 31462 49992 30912 49654 49953 49954 30914 66316 49487 31212 49466 49956 31129 49999 31130 49576 31131 49959 49832 50172 31218 49960 31176 50130 49621 50131 49622 49963 31222 31223 49838 31095 31225 49628 31524 50011 31142 31228 31143 31102 31146 30934 31104 31147 31105 31106
hp 217
t 54610 54334 54717 54632 54612 53334 54979 53705 54705 54706 54621 53494 54622 54813 54644 54623 53496 54709 54710 54668 54669 55033 54608 55034 54333 53335
hp 297
t 14490 33584 15327 33580 14599 33252 14451
hp 258
t 66680 66808 67152 66642 67153 67327 65756 67159 67160 66650 66015 66017 66953 66572 66615 66276 66658 66577 66621 66579 68194 68066 66580 65729 66240 66581 66752 66245 68243 67098 67186 66126
hp 331
t 51082 52358 50659 52361 51088 52363 51089 50580 51175 51090 51005 73445 49222 51177 50837 51007 50498 49987 36048 51178 52368 50585 51180 52455 36050 50501 50502 52542 51182 51184 50164 50590 52461 50932 51187 50507 51781 50933 51020 50596 50512 65812 51107 50513 36065 36066 52302 52387 52475 50607 50862 52137 50608 36073 50610 51120 50526 51972 51122 51124 50537 52152 66518 52069 50540 66520 50880 35921 50881 51135 50796 50543 36093 36094 50460 50803 50465 50466 49363 50469 50472 50473 51153 50474 52429 50475 50647 49459 50735 50566 50651 52352 52353 52354 50569 52355 50570 52356 51166 51081 51167
hp 247
t 70462 51422 35188 51508 51338 70296 51511 51341 51512 70297 70127 51514 73529 51515 35025 51516 51519 51607 34862 70308 34863 51610 51356 51612 51444 34275 51617 70404 51620 36660 51622 70408 51626 51627 51372 51628 51374 51205 51461 51632 51037 51633 51634 51465 70420 51636 50701 70421 51212 70422 51553 51381 51297 51554 69914 51467 51638 51639 51469 51556 70256 51470 51641 71023 51558 51643 51644 51475 51390 35156 70431 51562 51391 34817 35157 51564 34819 36519 51225 34820 51906 51566 34821 35927 34822 36097 51568 51908 35248 51569 36184 36185 51317 35253 51574 51404 70275 51662 33812 51832 51918 51579 51327 35178 51329 35179 70285 34841 70116 70456 34927 70118 36205 51421
hp 323
t 66638 45899 66130 66300 66811 66301 69193 66813 69194 45904 66815 45227 66647 69538 69540 45402 66652 66654 69206 66147 69377 69209 66659 69379 66660 67000 69211 66661 69551 66662 69382 66664 67004 66665 66157 66667 67007 66158 66159 66670 45250 45421 66671 66672 66674 45254 66675 45258 69398 45259 68890 66170 69570 66681 66172 66173 45263 66683 66174 69574 66685 69066 66177 69406 68898 47140 45270 66691 47992 66183 47993 47994 45275 69416 68907 69077 66188 66698 68909 47149 69249 69590 66190 66359 66192 69422 68913 45284 68915 66195 69596 69087 66878 66198 69428 69429 69260 69090 66201 66711 69092 66203 66713 66204 45294 48015 69266 69096 66716 48016 66717 69437 68927 66718 69099 66720 48022 66723 69614 48024 48025 48027 66560 66220 66731 66562 66733 66564 66224 48034 66736 48036 66737 66057 66738 66739 66060 66061 66741 62322 66573 66234 66575 66235 48045 47196 66576 48046 66237 48047 66238 26630 66582 45332 66072 46014 66075 66076 69477 66759 66250 65910 65911 45173 45345 66765 68976 66766 48066 66767 69487 66259 45861 69493 45184 69494 45186 48077 45188 45189 48079 45190 45191 45194 66104 45195 69505 66616 47237 45199 66790 47241 66110 69170 69511 69512 45373 46054 47245 45205 69515 69007 66630 66971 45212 45214 66124 66295
hp 298
t 74035 81432 58227 74718 81476 74719 81646 58271 39020 81648 81479 58277 81484 58279 81654 81485 58280 81487 81359 58282 74688 81658 74689 39116 81659 74690 74012 58287 74736 81621 81452 81281 74738 74737 81409 74739 81454 74569 58293 81414 81627 74743 81417 55449 74703 81418 74024 74747 74025 74026 74027 74708 74709 74710 74711
hp 115
t 74715 81433 81435 74638 74213 81441 81442 81443 81444 74645 55441 81282 81453 74568 58249 74740 81455 74570 55445 58251 55446 74657 55447 74489 55621 74067 74152 74749 74579 81634 74750 58260 74751 81468 39139 58266 81301 74077 55463 81474 58269 74675 55805 55553 55639 55554 55642 39153 81653 81486 81656 74007 81657 74180 58286 74181 74692 74693 55568 81408 74694 55569 74101 74186 55486 58206 74698 55573 74699 55574 74614 55575 74615 74701 74702 81332 74108 74109 74704 81419 74705 74620 74111 74621 74623 81424 81425 81427
hp 246
t 34082 35485 33828 33533 34256 34129 33152 34301 33366 33409 34429 34600 34302 51771 34602 34262 34603 34264 33882 33840 33843 34141 34227 34270 34142 34567 34143 34611 35461 34273 35463 34274 33255 34148 35510 14388 35511 34152 34195 35515 34155 35517 34795 35477 35478 33396 35352 34205 34120 34291 34589 35184 34165 34251
hp 320
t 34805 34720 33531 34806 33532 33833 33834 34089 33324 34218 33325 19045 33242 33880 15307 34092 34052 34775 19050 34095 34650 34777 33164 34737 33975 33254 17061 33381 34743 14346 33856 17068 34197 34667 34072 35390 34711 33862 33820 33524 33354 33525 34714 33313 34122 33868 34634 35867
hp 314
t 33829 35359 33830 29579 33831 18191 34681 34682 34173 35364 33836 35366 33837 33838 35539 34689 33500 34690 34691 33507 35378 35380 35381 34192 35382 34703 34194 35384 35385 34196 33857 33520 33861 33522 33523 33863 34713 34204 34206 36077 33869 35356 33871 34725 12797 51047 34048 13139 34049 51050 51902 34732 33883 34053 34054 33885 34055 33376 34736 34228 33378 34738 33889 34059 34230 17740 34061 34232 51741 34062 34742 51742 34063 34234 34574 34064 34235 34747 34748 14519 33899 34749 34069 34750 35430 33391 34074 34075 34755 14355 34076 34757 34588 34758 34079 34592 34083 34084 52445 34765 34086 34597 34087 34768 34088 34770 33241 34093 34094 34605 34774 34776 33927 34096 51100 51103 34784 52465 34785 34786 34107 29575 51110 34792 33943 34793 33946 34116 51117 34628 50948 34629 34121 34802 50953 34633 51123 34299 34809 34640 33280 34810 34130 34812 33964 34815 33795 34136 33796 33968 34649 33800 34653 33463 33974 34146 35337 35339 34663 34664 35345 35346 35347 35348 50990 35351 35354 33824 33315 50996 33826 33827
hp 264
t 72354 72120 72036 64196 67787 72165 72909 67217 68536 72383 72319 72085 71938 71195 72151 71939 72216 71940 76340 71985 71836 71306 69841 72286 71818 71777 70950
hp 296
t 39214 39257 55848
hp 322
t 47259 50150 73274 30944 30945 50156 65967 30947 30948 30949 47271 49483 30953 30784 49485 30785 30956 47276 66487 66657 30788 47277 30958 30789 73119 30959 30960 50002 66493 73124 30796 30797 30798 30968 30799 30969 30970 50013 47125 47127 47130 73481 47132 50022 47133 47303 47134 50024 47304 50025 47136 66176 50026 47137 66007 47138 50028 47139 47141 66012 47143 47312 47313 47144 47314 47145 47315 47146 50036 47147 47316 50037 47317 47318 66189 66358 66019 66020 47151 66360 66361 50042 73162 66363 73164 47324 66366 45287 47327 47328 48009 47329 66030 47331 50053 45293 47334 47335 50057 47168 47337 47338 50058 47169 50059 47170 47339 50060 47340 47172 73352 47173 66553 47343 47174 50064 47175 65875 50065 47176 47346 47177 50067 47178 47348 47179 47349 47180 50070 47181 47351 47182 66052 47183 47352 47353 47184 66563 47354 47185 47356 47187 47357 47358 47189 66569 50079 47190 47359 47191 47195 66578 66247 50097 66588 50098 66589 50099 66591 47217 47219 50110 65927 50117 50119 47230 47231 66611 47232 73072 30743 47234 47236 30746 66446 30748 47239 46050 65941 47243 50133 30753 47244 50134 47246 47247 50137 47248 30758 47250 30760 30761 47252 47253 30764 47255 47257
hp 290
t 42498 42500 43520 42842 43863 42504 42505 42506 42508 42509 43869 43870 42510 42850 42511 42851 43871 42852 43531 43872 42853 61893 42513 42515 43536 42517 43537 43878 43879 42860 43880 43540 42861 42862 42522 43542 42863 42523 27223 43883 42184 41505 43546 42187 43890 43891 43892 42532 42192 43893 42193 43894 43895 43896 43897 61920 43900 43903 42548 42889 42550 42891 43912 43914 43920 42902 43582 43923 43924 42905 42906 43927 43928 43930 42230 41211 43932 43933 43934 43935 42576 43936 42578 43938 43939 42580 42581 42582 43602 42583 42584 43944 43945 42585 42586 61966 42587 42588 42589 43950 42591 43951 43952 43953 42593 43613 43954 42594 43955 42596 43957 42597 43958 42599 43959 43960 43961 42602 43962 43963 42604 42606 42607 43967 43968 43628 43630 43971 43978 42620 43980 42621 43981 43641 42622 42963 43983 43644 42967 43987 42969 43989 43651 43653 43654 42295 43656 43657 43659 27341 43667 43668 43328 43674 43679 43002 41986 41987 42667 41988 43688 62049 43690 41991 41996 41998 41999 43700 27046 44047 43708 43709 43710 43711 42695 43716 62085 62086 42368 62092 62095 43055 42376 42377 27081 42392 42733 42393 42054 42055 62117 43417 43079 42064 42067 42069 42409 43430 42752 42073 42753 42754 43094 43095 42756 42757 42758 42759 42760 62140 42761 42762 42763 42423 42764 42085 42767 42087 42768 42769 42770 42771 43452 42772 42092 42093 42773 42094 42774 42775 42095 42776 42777 42778 42098 42779 42780 42100 42101 42781 42102 42782 42109 42110 42791 42792 42112 42793 42796 42800 42801 42802 42803 42804 42805 42471 42474 42815 42475 42817 42818 42478 42819 42820 42821 42822 42827 42154
hp 330
t 53039 52955 52360 52362 52703 52279 13860 51176 52966 52371 52711 53059 52636 52721 52637 52297 52638 35893 52809 52983 52814 52985 52815 52986 52816 52987 52988 52989 52650 36416 52652 52484 52655 52485 52656 52486 53081 36421 52487 12453 52488 36423 52659 36508 52489 52578 52580 36600 36430 52495 52496 52582 52497 52583 52414 52585 52245 52586 52587 29554 52929 52589 52676 36376 50893 52934 52764 52935 52850 52772 52603 52945 52860 51161 52947 52949 53036 50997 13852
hp 307
t 14405 14533 14363 14450 14494 33485 33748 14411 33753 33754 14503 14546 33501 32990 14590 14632 18372 14549 32781 14379 14634 33674 14380 14421 14422 14339 14382 53907 18250 14531 14426 14512 14555 14598 14639 14386 56972 14515 14642 14473 32875 33683 33514 14474 14559 16772 33475 33476 14610 14440 14780 14484 16864 14400 14443 14698 15336 14445 14488 33571 33614
hp 292
t 27432 27092 27093 27073 27095 27500 27308 27097 27310 27099 26886 27314 26423 26424 27297 27150 27320 27321 27323
hp 270
t 42689 41585 41639 41377 41611 41336 41379 41592 41678 41615
hp 105
t 80068 75989 80069 80239 75990 80070 76667 75991 80071 75992 75822 75993 80073 75823 75994 80074 79904 75995 80416 79907 80080 79911 80251 80422 79913 79914 80087 76177 80088 76178 80089 80429 80259 75839 80090 75840 76180 80091 75841 76181 80092 75842 80093 76013 75843 80094 76014 75844 76182 76183 75845 75846 76186 75847 75848 76188 75849 75850 75851 80102 76191 80104 80105 80106 75856 80107 76196 75857 80108 75858 76029 75859 76030 76199 75860 76031 75861 79941 80112 75862 76202 79943 80115 76205 75865 80116 76546 76547 75867 80118 80119 79949 76209 79950 76210 76211 80122 76212 80123 79444 79445 79448 79449 76559 80130 76220 79451 76221 79452 80132 76222 76223 79455 75888 75890 75892 75893 80315 75895 75896 75897 75898 75899 75900 79471 75901 79472 75902 79473 80835 76248 76419 76762 79993 79994 80850 80171 71841 71845 80857 79668 76495 63522 79674 75936 63527 75937 79677 75938 75939 64210 75940 79340 80361 63532 75942 75776 76626 75946 80197 75948 75949 75782 75783 75784 80204 76634 75785 75786 75787 76638 80065 76641 75792 76642 76643 76644 76645 76646 76647 75798 75968 75799 75800 80067 76650 75970 75801 63731 75971 75802 75972 75803 64242 76653 75973 80224 75974 63565 76655 75975 75976 75977 80228 63737 75978 80229 75979 80230 80739 75980 80231 75811 75981 63570 76492 75982 75983 75984 80064 71904 75985 75987
hp 232
t 65487
hp 218
t 78538 78539 78540 78286 78458 78204 77950 78885 78376 79482 78463 78208 81354 57469 78890 57556 78211 79147 79232 78213 78809 78556 78896 77877 78814 79072 79582 78222 78563 57569 78565 78314 79249 81802 78912 78572 78913 78234 78575 78917 78410 78920 78921 78922 78582 79262 78243 79094 78584 79095 79264 60310 78926 78928 78588 79864 79270 78590 78506 79102 57428 79104 78255 78426 78936 78427 78256 78937 78344 78939 78940 78856 57436 79283 78861 60161 79117 78863 59058 78355 79211 78957 78958 78534 78874 78959 79216
hp 227
t 75007 77585 54232 76228 77398 77569 77507 76869 74872 74957 74958 77189 74876 75684 76875 76897 77663 75688 76390
hp 171
t 45558 45559 45561 45563 45906 27546 27548 45569 45571 45572 45573 26876 45580 26880 45581 45582 45583 26885 27567 26888 45589 26889 27571 45592 45593 45594 26897 26899 46280 45601 26901 26902 45603 26904 27585 27586 26906 45607 27587 43227 27588 45609 27589 45610 27590 45611 27591 45951 46292 27592 27593 45615 27595 27596 27597 27599 45619 27600 27601 27602 26922 27603 27604 27606 27607 46312 26932 43262 46323 27623 27624 46324 46325 27629 45649 27630 46331 45652 46332 45653 27634 27636 45656 45659 27639 45662 45663 45664 27644 45665 27645 45666 45667 27647 45669 45670 45673 45676 45677 45678 45679 45682 46362 45683 45359 45702 45704 45705 45707 45714 45715 45716 45719 45383 45724 45725 45386 45726 45387 45727 45389 26694 45736 45738 45061 45063 45744 45745 46085 45747 27048 26708 45749 46089 45750 45410 45751 45753 45754 45755 45756 69556 27056 45757 45758 45078 45759 45422 45424 45084 62427 45768 27069 45433 62434 45435 46115 45776 45777 27418 45778 45779 45780 45781 27421 45782 27422 27423 27425 27426 45786 45106 45787 27428 27429 45789 27430 27090 45791 27431 26752 27433 26753 27434 27435 27100 27441 27101 27442 27102 27443 27103 45804 26764 27445 26765 45806 45468 26768 26769 45810 26771 27451 26772 45472 27112 45813 46152 26774 45474 45814 27114 26776 45816 46156 26777 26778 27118 26779 27120 27461 45482 27462 27463 45823 27123 27464 45145 45485 27466 45486 45146 45147 27468 27471 45833 45834 27474 45835 45840 45841 27481 45843 27483 45844 45504 45506 45849 45510 45851 45852 45853 26813 45513 45514 45515 27495 26815 27496 27498 45520 45862 27502 45863 45866 45867 45527 45529 45531 45532 27512 27518 27519 48260 45542 45543 27523 45886 45546 45547 45549 45552 45557
hp 165
t 31830 32128 32129 32172 46962 32040 32131 48154 32175 48325 47009 31923 47054 31755 46970 32352 48206 32142 32014 31760 32143 31932 32102 48171 31766 32149 32448 32152 32153 31813 32493 31900 47668 31819 46949 48183 48525 30591 48526 32164 48187 31273 32380 32338
hp 266
t 42563 42694 42707 42697 42612 42698 42688 42699
hp 268
t 22725 22704 22545 22588 22632 60097 22549 22552 22574
hp 321
t 26816 69316 45898 69146 62347 69148 69149 43224 61715 68855 69195 45948 45907 68988 45868 69119 47361 69164 68959 66962 68917 68789 61947 43206 68752 43083 68924 66291 68631 68929 67101 68931 62344 43091
hp 328
t 33874
hp 109
t 79728 79218 79730 79220 79732 79733 79734 79737 79739 79229 79230 81789 81110 78407 79428 81300 79261 79093 78923 79263 79776 78929 79273 79105 79107 79278 79280 78944 79116 78946 79286 79118 79288 78948 81328 79289 78949 78950 78951 79291 78953 78954 78956 79128 81338 79809 79812 79813 79303 79134 81175 79815 81176 81177 79817 79137 81008 79308 79819 79140 79820 79650 79141 79651 79312 81012 79143 81013 81014 79655 79146 79656 79318 79319 81019 78980 78982 78983 79155 79836 78986 79837 80517 79667 81878 79838 79839 81200 79670 81881 79330 81031 81202 81201 79503 81033 81204 79844 81034 78994 81205 79845 81886 81035 79336 81207 79676 79847 81888 78998 79849 79169 79850 81210 81040 81211 79851 81212 79002 81213 79343 81894 80534 81895 79855 79685 79856 81045 81896 81046 79857 79687 81898 79858 79008 81899 81047 79349 79860 79690 81050 79861 81051 79862 79012 81052 79183 79693 79692 79694 79865 79695 79186 79015 81056 79867 80546 79866 79869 79871 79021 79701 81062 81063 79703 79023 79024 81065 81066 79197 79026 81067 79198 79707 79200 79031 79202 79032 79033 79035 79206 79037 79208 79209 79039 79210 81083 79215
hp 272
t 59802
hp 78
t 42501 41993 41654 41660 58830 41661 42001 61891 43361 65122 41663 42003 42004 41325 41666 23476 42007 42178 42009 41669 61899 42690 42010 41500 42181 42012 41332 42693 41674 40995 42015 42696 41677 41337 41508 42188 41339 41509 44909 42530 23491 41342 42023 42533 42705 41516 42028 42538 42029 65489 23329 42030 42031 65491 42542 42543 23503 22995 42547 42038 61759 42379 59040 62611 41191 59042 61932 63803 41193 42384 42385 23515 42047 42387 42048 42388 42049 62619 42390 23520 41201 42052 23521 42053 22843 42395 42565 42056 42057 42567 42059 61779 42569 41720 42400 42571 42062 42063 42233 42744 23364 41556 41727 23367 42577 42748 42068 42238 42579 42750 42070 23370 41561 42412 41562 42413 42074 42414 23375 41565 41566 23379 42590 41573 41575 62828 42430 41580 41581 41412 23903 41584 41415 42605 41417 41587 44987 41588 41422 42103 41423 41764 41424 42616 44997 41429 58430 41600 41431 41601 41432 41602 41604 23415 41605 41436 41606 41437 41438 23418 41608 62009 23420 23421 44163 22743 41444 41445 41616 41617 20708 41618 41619 41620 41451 41452 41453 41454 41624 42135 41455 41625 41456 41457 41627 41628 41459 41629 44349 44350 41632 42823 41633 68664 42824 42826 41638 42149 41640 44871 62721 59494 41474 41984 41644 41645 42497 41647
hp 226
t 77221 53253 77820 53298 77311 54235 77271 54238 77104 53431 53348 53263 53433 53349 53519 54794 77619 53523 53438 76899 53397 77453 53313 53356 53399 77584 77287 54082 53361 77290 77762 53368 77593 77636 53454 77594 55028 53372 77810 77811 53543 53501 77174 54140 77134
hp 76
t 41308 61708 64938 62729 41309 62728 62730 44028 61711 62732 62734 41319 42342 62742 68692 42512 41324 61895 62746 41326 65467 62240 62751 61732 61707 65473 41333 41334 61904 65475 61906 41507 65478 41338 42528 41340 61910 61912 65483 41172 62725 42534 65486 65488 42539 62600 42540 65492 41182 65493 65494 65495 61925 65496 62607 65499 62780 41192 62612 62614 23514 42725 62615 43917 41538 62618 41540 42561 42562 41203 43925 41376 41037 65518 41380 41210 62631 65351 41382 65353 41554 42574 42405 64848 62638 62639 41560 65533 41563 62817 62648 62819 62650 62821 62652 65376 61976 65378 65379 41418 41420 41250 64884 41426 41428 64889 41430 41433 43146 62527 43997 43323 44003 62875 62542 43844 41634 41295 41635 62887 41468 41469 41641 41303 42664 62724 65445 62727
hp 273
t 23266 22608
hp 256
t 75818 72078 71739 75820 71740 76160 75821 72082 76163 67663 76504 75824 72084 75825 76505 71745 71746 76166 76507 75827 71748 75828 76168 72088 76169 72429 67670 71751 76171 72092 75835 75836 76176 75838 71758 76179 67339 68019 76184 76185 72105 72446 72106 72787 76187 72107 71768 72111 75853 63613 75855 76536 71776 72119 71736 72124 71785 76206 72126 72127 68388 68389 71789 71790 71112 71792 67713 67714 71795 68395 72135 67716 71797 72137 71799 67719 71800 72140 71802 72482 71803 67723 67724 67726 71808 71468 67728 71810 72150 71811 71812 71813 72153 72155 72495 67736 71819 71820 68421 67403 68424 68425 68426 68427 68428 68429 71829 71830 68430 68431 71831 72171 68432 68433 71834 72514 71835 68435 67756 68437 71837 67757 71838 71839 71840 71842 71844 71164 71846 71847 67427 72527 71848 71849 67429 67770 71851 72192 72193 67434 72194 72195 67435 72196 72197 67777 71858 67778 67779 71520 72200 72202 67443 67784 72207 68468 71868 72209 63710 72210 71871 67791 63712 72212 63713 67793 72213 71874 63714 68474 63715 72214 72215 63716 72556 68477 63718 72218 72219 63720 67801 72222 67803 71884 63725 71885 75816 63727 72567 67809 72570 67810 67811 75817 72572 67812 67813 63734 67814 72234 67815 67818 67819 67820 71901 71902 76322 67822 71906 71907 75988 71568 76328 76329 76330 72254 71915 75996 75997 75998 75999 76000 71921 76001 71922 76002 76003 76004 71924 72264 76005 76006 76007 71927 71928 76008 67848 76009 71929 76010 71930 76011 71931 71933 72274 76015 80096 76016 80097 76017 72277 76018 80098 76019 80099 76020 72280 80101 72281 72282 76023 68203 76026 76027 76367 72287 76028 80109 71951 76371 71613 76373 76374 68555 72295 67878 71960 68561 68562 68563 67883 72644 68565 72305 72309 71970 71971 68571 71972 72654 68576 67896 68579 67899 71981 71982 68585 72326 68587 72328 68592 68593 72333 76414 72337 67917 72338 68600 68601 72341 68602 68603 68605 68606 72014 71680 68280 71681 68281 71682 72362 71683 72024 71684 68285 67656 71687 71689 67952 72033 71693 67955 72037 71697 72038 71699 71700 71702 71703 71704 71705 72046 71707 68307 72048 71709 71710 72391 71713 72053 71714 72394 71715 72395 75796 72057 71718 72058 72059 71720 76480 71721 72061 76481 71722 76483 72403 75805 71725 72066 76486 71727 76487 71728 76488 72069 76489 71730 71731 76491 71733 75814 76496 72077
hp 265
t 76352 71380 72507 71530 71679 76524 71488 72573 72148 71513 72172 72513 73706 71581 72538 71650 72160
hp 259
t 47344 67319 67237 30942 47262 73699 66816 66818 66904 66988 66819 66820 47355 66990 66821 68776 66907 66822 66825 67167 66827 66744 73716 66831 67001 65728 30963 66663 67003 72868 66835 65699 66926 66842 65740 67315 65656 72882 67273 69568 65743 66849 67361 66854 66858 72808 67028 66860 69582 66862 66608 66013 68225 67035 49356 66272 49357 65848 66614 67210 66618 66620 66880 73001 73682 72748 72837 66123 67144 66975 65700 71651
hp 100
t 74971 77779 77696 75742 54832 75403 74978 54833 53473 77700 74215 77701 77702 74221 53481 77707 75752 54843 74818 77710 74821 77712 74992 74822 74823 74910 74825 74996 74911 74997 74827 74998 74999 74829 75001 75002 77722 56217 75004 75005 74835 75006 53331 75431 53502 53333 77642 53503 74924 75435 53251 75184 74930 74251 77822 74850 75023 76728 74263 74264 74350 74265 74266 53358 77755 77075 74950 53362 74952 75207 77758 74273 53364 74275 74276 74278 75130 74961 74113 53458 77769 75134 53459 74284 74285 74287
hp 173
t 9768 32667
hp 295
t 39763 56011
hp 234
t 61509 65472 65481 62873
hp 291
t 43178 44200 43180 44201 44203 42844 43184 43524 42845 44205 42846 44206 42847 43187 43188 44209 43189 44211 44213 27217 42858 43539 42859 44219 43199 62242 42867 43888 42868 27228 42871 42872 62252 44234 43554 27236 42876 44236 44237 44238 44239 43901 43902 44247 42888 44251 27253 27256 42897 42898 42899 27259 42900 42901 43581 27262 27263 44266 42908 43589 42911 42912 42913 42914 42915 62295 42916 42917 42918 42919 43940 42920 62300 61962 42922 42924 62304 26944 61967 44290 43612 62313 43273 43614 62314 62315 43617 27299 44300 42941 42943 43624 43626 43627 42948 27309 42949 42951 43632 27313 43973 43633 43635 42956 43636 42957 43638 42959 43640 43643 43646 43992 43993 43994 43995 43658 27001 27342 43666 44006 43332 43333 43335 43676 43336 43677 27021 43682 27023 43683 43345 43685 43686 43347 43687 43008 43349 43009 43689 43010 43350 43011 62051 43012 43013 43693 43014 27374 44034 43015 43695 62395 43016 43694 43697 43698 43018 43358 43019 43359 43021 43023 43704 43705 43706 43368 43369 43370 43371 43713 43714 43035 43376 44398 43378 43379 62081 43381 43382 43383 43724 43725 43385 43726 43387 43727 43388 43392 27074 43394 27076 27077 27078 27079 27082 27083 27085 27086 27087 27088 27089 43411 42391 43412 43414 43075 43416 43077 43418 43419 62122 43082 43426 43427 43428 43429 43432 43433 43434 42755 43096 43437 43097 43098 43438 43099 43100 43103 43443 43104 44124 43105 44125 43107 43108 43449 43111 43451 43112 43454 43114 43115 43116 44136 43456 43117 43118 43119 27140 43460 43461 43462 43463 44144 43465 44145 43466 27147 43467 44147 43468 44150 43470 43471 44151 44152 43472 44153 44155 43477 43478 44159 43481 43483 42806 43148 43149 42809 42810 42811 42812 43157 44177 43497 44180 44181 44183 43166 27866 42830 42832 44192 44193 43175 44195 42836 43177
hp 101
t 74377 53552 53300 53301 53302 54663 54664 54665 54325 53645 54666 54327 77617 53988 53308 55008 53393 55009 13869 53394 54328 54330 53311 54331 54671 54332 77454 77709 53314 54675 77455 54593 53488 54848 53489 77718 54853 53325 77637 53752 53583 53328 54857 53498 53329 54858 53499 55031 54692 55288 53248 53249 53250 55036 53252 77394 53256 53427 54874 54280 53516 54791 54282 53264 53265 53520 53435 53266 54711 77576 54456 53607 53351 54714 53270 54716 54291 53527 54718 53273 53359 53955 53275 54125 54978 53448 53279 53449 54984 54985 54987 53542 53457 53375
hp 235
t 61857 61858 61816 61455 61859 61840 62116 61862 61863 61502 61846 68711 61849 61850 61855 44005
hp 208
t 52868 11260 52892 29160 52875 28822 28993 11249 11250 10529 52880 28995 11251 52881 11082 28975 28954 29211 52883 29190 52884 11254 28851 11129 11256 29171 11130 10536 28854
hp 338
t 57768 57705 57684 57708 57444 39222 57785 39681
hp 306
t 78962 57628 57458 58309 57544 57459 57545 57460 57461 58312 78377 57552 39873 39705 57640 57470 39706 57816 57991 57821 39804 78395 57661 81716 58172 58345 58005 57580 57582 57413 57414 58009 81809 58095 57500 58948 39911 39913 57424 57682 58022 59129 59131 57941 58028 57776 81831 57692 57438 57524 81240 78945 81836 57442 57443 57613 57784 57359 81333 57619 57450 81845 57707 81762 81677 60343 57711
hp 248
t 63748 67828 63924 63585 63586 67838 63928 68180 63590 63761 63930 63931 63932 63933 63593 63765 63935 63595 63766 68357 63599 63777 68197 80100 63780 63783 63954 68205 72115 68207 63619 80111 64472 63622 68046 63627 63629 67710 63632 63806 63637 63638 63639 63979 71801 63813 63643 63814 64497 63819 67902 63656 63488 63489 64339 63490 68420 63831 63492 63662 63493 63834 63495 63496 67916 63666 63497 63838 63498 63668 63499 63839 63669 63500 63840 63670 63501 63671 63502 63672 63843 67752 63503 68604 63845 67755 63846 63675 68097 63679 63510 63680 63851 68100 63681 63512 63513 63683 63515 68106 63857 63861 63524 67776 63696 63697 63868 67948 63698 63699 63700 63701 63702 63533 67782 63703 63534 63704 63535 63705 68296 63706 63707 63708 63709 68469 67621 63711 67792 67795 67796 68476 63717 67797 67798 63719 67799 68140 67802 63722 63553 63723 63554 63724 67804 67805 63556 63726 63557 67806 67807 63558 63559 63729 63560 63730 63561 63562 63732 63733 63564 67984 63735 67816 67817 63568 67650 63740 63571 63741 63742 68333 63743 67824 67825 67827
hp 231
t 40009
hp 293
t 27893 44036
hp 80
t 78198 65278 22609 58990 57971 78201 78881 64772 39783 60183 22955 22615 64605 59339 78719 22621 22963 22623 64615 78555 58837 60368 22631 58501 64792 78225 78566 57828 81799 61909 23490 41341 59363 23495 23497 41858 21970 58010 23160 78751 59201 22822 22653 41863 78244 60224 23335 41865 60396 78756 59206 41866 62097 59207 22658 78419 78760 23340 22830 60230 23343 60404 22666 59216 23516 22669 78429 78770 60412 57693 23526 23117 62458 59909 23529 23360 57702 23362 59063 23365 59065 22856 64677 22858 23029 81679 23030 59750 60260 59580 41646 78793 59243 23034 65364 22865 23036 58568 60271 22532 64863 58575 41577 22708 22709 41410 41411 41922 41413 64873 64875 64877 65218 78482 78823 78484 65224 41595 64886 78487 64888 58088 23238 58429 64890 41603 22903 58603 43984 78664 65235 22906 60137 43817 23417 78498 65238 65237 41609 60140 57591 59294 22916 78507 64567 59128 78170 22920 57940 65081 60152 41623 78514 22754 44007 58971 60162 59142 65275 60164 59655 65096 41637 65097 59148 65098 58979 64931 41471 65271 41642 60342 60174 64934 58984 64935 78366 64937
hp 98
t 79738 79484 80856 79443 79316 79477 78064 79307 78076 79479 80744 79427 79406 81129 75339
hp 106
t 55759 55593 74379 56191 74384 74385 74136 74396 74311 74397 74398 74399 74144 74145 74146 74402 74318 74488 74319 74404 74149 74405 74150 74066 74151 74407 74408 74409 74069 74154 74325 74410 74156 74327 74328 74329 74415 74330 73735 74160 55631 74416 56226 74332 74417 56227 74333 74418 74248 74334 74419 74080 73740 74420 74165 74336 74421 74166 74250 74422 74167 74338 74252 55468 74168 74423 74169 74340 55980 74170 74341 74254 74171 74342 74086 74427 74343 74428 74088 74344 74345 74346 74347 74348 74178 74349 74009 74351 74098 74013 74183 74354 74355 74103 74188 74444 74189 74105 74106 74191 56257 56258 56261 56262 55582
hp 315
t 49471 50832 50662 50833 50663 50834 50664 50835 50666 51006 50838 50668 49309 50669 49310 50670 50841 35372 35374 50846 35376 50847 34696 52378 49319 51190 52381 49321 49322 50683 51194 50516 51026 50689 49330 36070 50691 49331 52052 50864 50524 52060 50871 50872 50873 35913 50703 50874 51043 52404 50875 50876 50877 52067 50878 50538 50879 35923 50883 49184 51054 49185 52074 49355 50716 49360 51060 51572 49362 34575 50725 50726 50728 36110 51921 52092 52093 50734 50905 51928 52610 52952 52614 49215 51086 51767 52112 49223 51092 49393 49225 52627 49229 49399 49231 49232 50934 52975 49236 50605 49245 50784 50785 50786 50787 49598 51978 49259 50790 51981 50622 51982 52153 50624 50794 49265 52154 50965 49267 50627 50797 49268 50799 52670 49270 50120 49271 50972 49272 50973 49276 50976 49277 49279 51149 52170 50471 50982 49285 50646 50817 70198 50649 50141 50652 50821 50822 50653 50993 49463 50654 49294 50655 50825 51847
hp 308
t 79399 78179 79401 79393 79394 79405 78056 79395 78046 79396 79407 79397
hp 69
t 28728 30429 29070 28816 29413 28819 29754 30094 53045 29756 31626 29248 29249 29250 29081 28826 53051 11146 29252 31381 31556 30366 53146 30369 29264 11162 29439 31226 29101 30461 28679 28934 31570 31571 31572 29024 28684 28686 29112 28943 29114 31663 28945 31665 53172 31667 28951 11187 29208 30229 31504 30145 29380 29388 29048 28800 31520 31521 30331 28802 28972 29738 29229 30419 28805 31186 29062 29063 31614 31615 29065 28811 30086
hp 283
t 61538 61454 61795 61797 61798 61883 61629 61800 61630 61631 61465 61723 61724 68950 68612 68955 68870 68872 68873 68875 68706 68708 68709 68880 61825 68881 61911 68628 68798 68884 68885 68886 61832 61917 68888 68889 68719 68636 68637 68892 69319 68980 68640 68981 68641 61586 69239 69326 61591 69157 61765 46041 61596 61854 68910 68914 68744 68235 61604 68745 61606 68746 61607 68671 68926 61616 61617 61873 69609 69185 61536 61537 69612
hp 329
t 12440 36626 12460
hp 324
t 69102 68933 69613 69274 68936 69616 69617 66812 66727 69618 66728 69619 66729 69620 68940 66730 68941 69109 69110 69622 69537 69111 66732 69623 68942 68944 66734 69114 68947 69627 69117 69628 69545 69631 66826 69376 66656 68953 69294 69549 69468 68930 66666 66073 45079 66755 66078 66673 69479 66761 69482 66677 69057 66678 69569 69484 66679 69059 69400 69571 69401 69062 68893 69403 68894 69234 69404 68895 46029 69405 68896 69237 68897 69492 69578 66689 68900 69495 68901 66776 69411 69242 69497 69072 68903 69498 68989 68904 68990 68905 68906 69586 66696 69588 69589 69080 69591 69251 69081 69592 68912 69082 69593 68911 69083 69594 69595 69597 66707 69598 66708 69599 65944 66709 66710 66712 66714 66715 69095 69607 69608 69610 69100 69611 69101 69272
hp 112
t 75053 75396 76416 75397 75568 75399 75228 75229 75400 75569 75570 80585 76421 75401 75231 75402 75571 75232 75572 75233 75404 75064 75234 75405 75235 75406 76426 75576 76596 76256 75237 76257 76597 75236 75153 75238 76429 75409 76599 75239 75578 76430 75411 76432 76431 76602 75412 75242 76601 75243 75240 76604 75413 76605 75076 75241 76606 76607 75418 75249 75250 75082 75422 75252 75083 75253 75084 76428 76614 75088 75089 75260 75346 74752 75263 75009 75095 74757 75437 75183 75575 75015 76545 74762 75103 75447 76552 76553 75577 76554 76555 75453 75454 75199 75455 76560 75456 76561 75201 74861 76562 75457 75458 76563 76479 75579 76564 75460 76566 80477 75206 75124 76654 75549 75125 75580 75211 75469 77086 75387 76407 75388 76834 75559 75477 75392
hp 334
t 54576 54585 54591 54607
hp 255
t 36552 35936 35939 35941 36472 36196 36111 36197 52028 35943 52029 52944 52030 35840 35947 50823 35949 50952 50824 35929 36207
hp 224
t 56311 54739 55079 58310 54954 39441 55081 56144 55082 56315 56146 56317 55084 56318 55085 56319 54961 74553 54964 54751 55176 55177 58195 56284 55052 55605 54883 56287 55056 55058 55228 55059 55952 55060 55061 55062 55063 55998 55958 55066 56554 54769 55068 54728 55961 56513 55962 55963 54731 55073 54903 56306 56137 55077 54779
hp 339
t 54606 55076 55179 55074
hp 168
t 50030 50148 29982 30705 50128 31429 30940 31431 30550 31145 30913 31433 47148 49944
hp 219
t 53549 53720 53976 53977 53723 77269 53980 34944 54324 54071 34948 34949 54074 54075 34951 34956 34959 17874 53745 53916 53665 53666 53921 34966 53667 53668 53753 53924 14399 53670 14655 53755 54269 53675 53847 14408 53679 34982 77482 53683 53598 34986 54114 54116 53696 53699 53700 53956 53702 53703 53958 53620 32795 53546 53621 35091 53537 54049 53624 53710 53965 53880 53711 53966 53967 53882 14783 77599 53886
hp 299
t 81173 81216 81344 81684 60351 81687 81688 81731 81732 57465 81692 81267 81693 81694 81269 81865 81695 81737 81738 78977 81017 81061 81360 81275 79194 81701 81873 81236 79111 81745 81917 81875 81918 81747 81407 81919 81706 81877 81749 81708 81751 81880 81711 81883 81713 81885 79125 80911 81718 57456 81214
hp 257
t 72418 72419 72420 72421 71742 72422 72087 72428 67329 68352 68354 68355 71756 71757 68363 67347 68369 68370 68372 68373 68374 68375 68376 68377 68378 68379 68380 68381 72122 68383 72128 72129 68391 68051 68393 72133 72134 71456 68396 68397 68057 71458 68398 72138 68399 72139 71460 71461 67041 71462 68403 68404 71464 71465 68067 71469 72149 71471 72152 79974 67054 72154 68075 68416 71476 72156 68417 72496 70798 68419 72159 71481 68082 68423 71143 72503 72504 72164 72506 72166 68086 71147 72167 71489 71490 71491 71492 72512 71493 72173 71494 72174 71495 68439 68440 68441 71502 68442 68444 68445 73205 68446 68447 68449 71510 67091 71512 68452 68453 71514 68454 68455 68456 71516 68457 72537 68458 72198 68459 72199 72539 68460 68461 72201 68462 68463 72203 72204 71525 68465 72205 71526 68466 71527 68467 71528 72208 71531 68471 72211 71532 71533 71534 71535 72217 68478 72220 63721 68483 72223 67125 71547 67808 72910 72231 71552 72232 72233 72235 71557 68498 68499 68500 72240 68501 72241 68502 68503 72243 71564 68504 71905 68506 72246 68507 72247 68508 68509 68510 72250 68511 71571 71576 68517 67158 68519 68520 68521 72941 68522 72262 71923 68523 71584 68524 68525 71925 72265 71926 68526 68527 71588 68528 68529 67509 68530 71590 68531 68532 70912 71932 68533 71592 72272 68534 72273 72275 68195 72276 72278 68539 72279 68540 71600 71601 71602 68543 72283 71605 72285 71607 71608 72288 71609 72289 71610 71611 67191 71612 68552 67872 72293 71614 68554 67875 68560 72300 70941 72303 68564 68566 72306 68567 67208 67888 68569 67889 72311 68572 68573 68574 72316 68577 72318 70962 67904 71645 68245 70966 68246 68588 71308 67228 68589 71648 70968 67230 72330 70971 67231 68591 68594 68596 68597 71318 68599 67240 72340 72342 68607 67247 67248 70989 72349 67250 67252 67253 67254 67256 72696 67257 68277 67258 71003 67263 67944 72370 72371 72374 71698 71701 67964 71706 71708 72389 71711 72392 72393 72054 72055 71716 71717 71719 72060 72062 71724 72065 72067 72068 72071 72413 72074 71734 72417
hp 113
t 77181 77012 76845 77016 75826 77017 76847 77192 74816 74817 74819 76862 80607 75678 79928 74832 74833 74834 74836 76876 74837 76197 76877 74838 76879 76370 74840 74841 76372 76201 74843 75014 76204 76375 77055 74845 77736 76377 74847 76207 76378 75018 76380 76381 76382 74852 76383 74853 76215 74856 76388 76389 77579 76391 75031 76392 74862 76393 74863 76394 75034 74864 76395 76226 75717 74868 76399 74869 77760 75720 74870 77761 76570 71303 74873 77764 77765 76405 74875 77766 77767 74877 77768 75048 74878 74879 77771 75221 75052 76412 77772 76413 77773 76415 77775 77096 77776 76417 76078 75060 76422 76423 75744 76425 75065 74895 77786 77615 76427 75067 76937 77787 75918 75070 74900 74901 77792 75753 75583 76434 76436 76437 76438 76439 76440 76442 74912 76444 74914 76445 77805 74915 76446 74916 76447 74918 75261 74753 76453 77643 74754 74755 76457 76458 77478 74759 76464 76465 76466 76467 74767 76468 76470 76303 76475 76818 76138 76820 76482 76823 76484 76824 76995 74956 76153 74797
hp 84
t 58988 60349 78709 78199 22780 22781 78712 59501 22782 57972 59503 60185 78717 58829 57471 57983 78726 60371 78733 58001 57662 78750 78758 60228 58020 58021 59043 58024 58026 58027 58368 58030 57521 59394 59564 57695 59396 58036 57697 57357 59397 57358 59399 57700 57701 58043 59404 59744 57704 59405 57535 59406 57706 59576 59577 59579 57713 78623 57714 59583 60264 57715 57376 57379 58742 58744 58064 59087 60110 57560 57731 78472 58414 59776 58757 58927 58759 81540 57400 59610 58761 58082 58083 57573 60293 58424 58766 59787 58767 39217 58431 57751 59794 57754 39904 65234 57416 57417 57757 22738 59798 57928 57419 57758 57931 58951 59122 57592 59124 58954 22745 39915 57426 59806 57936 57427 59127 57937 57431 57771 22752 22753 61345 61346 57778 58458 57779 57439 57949 58969 22761 57441 57951 22762 58972 22593 61353 57445 59826 57786 22596 57787 57448 59489 57449 57959 59491 57451 59831 22601 59832 22602 59833 58813 59492 59834 59662 59835 58985 58476 57457
hp 123
t 76710 80386 81131 80387 75440 81135 80391 75441 81094 76558 79759 80569 81015 81122 75449 75450 76640 75451 81125 79744 79745 79746 79769 75264
hp 172
t 31386 47516 29772 50045 31094 49922 31456 50006 31435 47841 31525 49651 31526 49695 49186 50015 31360 50018 30937 30916 49935
hp 289
t 54270 77262 54271 54186 54101 75692 54103 77523 54106 77567 77525 54108 54109 77400 77358 54239 33585 54112 77530 77190 54113 77531 54226 70606 54244 54117 54118 54162 54121 54122 77413 54251 77415 77417 77332 77419 76866 54129 54130 77379 54089 54217 77509 54178 77173 54138 54096 77472 54097 77558 54099
hp 160
t 45388 46409 69359 45390 45560 45391 46072 45562 45902 45225 45905 45226 69027 45908 66989 45400 45406 45408 45409 45071 69552 43204 26884 47286 45246 45248 26720 26890 26721 45591 69562 46612 69393 45256 69567 68891 45264 69064 45265 69238 45099 45269 45273 66184 45274 66186 69247 69248 46640 46641 46644 45285 69426 46647 45289 46650 45290 69091 45129 48021 45302 68939 45139 66561 45142 26783 48033 68945 27465 66055 45316 26791 45832 46002 47365 47366 26798 47369 45330 47370 45331 45842 68623 45845 45166 45336 45847 47377 62339 47379 45170 45340 45343 26814 47383 47215 46025 45856 45346 69486 45177 45857 45348 45859 45179 45349 45350 47390 45351 69151 47391 45865 45526 69156 45187 45192 45193 45364 45536 45708 47409 45200 66109 69169 45370 47410 45202 45372 48092 69513 45204 45713 45375 45206 47415 45207 45377 66797 45378 45379 45380 45211 45381 45213 69187
hp 317
t 50828 34764 52447 51002 52618 51004 52025 52026 51772 36049 52285 33926 52286 52288 36052 51098 36053 35886 52293 36058 36060 52466 36061 52467 36063 51113 52305 52307 36072 50950 35905 35906 51121 35907 35908 35909 51040 35912 51127 36083 35916 36087 35918 51048 35919 51134 51049 35920 51051 36095 35841 51056 35928 35843 35844 35930 52271 36022 35937 35853 36108 36026 36027 52348 34752 52349 34753 52350 34756 35864 34759 35950 35951
hp 249
t 67998 67999 68000 68001 68002 72083 68003 72425 68005 72426 72427 67668 71749 67669 68009 68010 72431 67671 68011 67672 67333 67673 67674 71754 68014 67675 68358 68018 67678 71759 67679 68020 67680 68022 68024 68026 68027 68368 67008 67009 64291 68032 67692 68033 67693 68034 67694 68035 63616 68036 67696 67697 63617 68037 67698 68038 68039 67700 68041 68382 67702 68043 63624 67704 67705 67706 68047 67707 68731 68392 68052 68053 68394 68055 68056 68058 68059 68060 63640 68061 68401 67721 68402 68062 67722 67725 68405 72146 68335 68068 68069 67729 68411 68071 67731 68072 71472 68073 68074 68076 68077 67737 68078 68080 68081 68083 67744 67746 68087 67747 67748 67408 67751 67753 67754 64358 68098 67080 68101 67423 68104 67424 68105 68107 67767 67768 68448 67769 68111 67772 67773 68114 67774 67436 67780 67783 67785 67446 67788 67789 67790 68135 67800 68142 67471 72918 71559 71903 68164 68846 67826 68168 72932 71913 63754 72416 71920 67842 68183 67505 67845 68185 68186 67847 67507 68188 67849 67850 68190 68191 67851 67852 67512 68193 67853 67854 67855 68196 71598 68198 71599 68200 68201 68202 67523 68204 68206 63787 68547 68208 68209 68210 68211 68219 72299 67200 68223 67204 68227 63807 72308 68568 68570 67894 68575 67215 68236 72317 68239 67219 67220 68580 68240 67222 67223 68244 68584 68247 67227 68248 67229 68250 66892 68253 63833 68254 68595 68260 68261 68262 67242 68263 68264 68265 68266 68267 68268 68269 68270 68271 72351 67932 68273 67933 68275 67935 67936 68276 67937 67938 68278 67598 67939 68282 63863 71685 68287 68291 71692 67612 68293 68294 67954 71696 67958 67959 68299 67961 67962 67623 68303 67963 67624 72045 67626 67968 67629 67969 67970 67630 67631 68311 71712 67978 71723 72405 68325 67986 67988 67648 67989 67649 67990 67651 67991 68331 68332 67992 67993 67994 67995 67996 67997
hp 119
t 76838 76842 77141 53383 77653 77399 76846 77229 77655 74255 77401 77231 77657 53560 77148 77474 77658 34947 76385 76811 77661 77193 76939 77408 77623 76817 77412 75755 53315 76819 76861 77201 77244 77202 77246 77586 77631 74954 76825 76826 77592 77508 54090 77678 77510 77297 77511 77298 77553 77469 77088 77598 77132 77684 77728 77686 77729
hp 169
t 47789 30570 29997 29807 29701 29978 30468 31403 29906 29959
hp 267
t 43072 43699 43678 42807 43435 43669 43680 42841 43469 42843 43110 43949 43365 43377 43665
