ap 0
hp 376
 52991
ap 1
hp 377
 44859
ap 2
hp 93
t 28927 28832 28795 29614 29583
ap 3
hp 36
t 43207 45844 47887 45847 47974 45341 69057 45852 45343 69058 69060 47980 69319 27245 66686 45861 69236 66687 69322 26823 69578 45354 69239 27339 48337 45192 45533 45873 27259 46047 45878 62370 62372 27353 68749 26677 27187 26678 45887 27361 46656 45552 45553 43768 62386 46066 45556 45557 62389 45559 66214 27371 26183 48199 43016 46672 66733 27208 69283 69199 69372 27043 43109 43454 45412 45328 47963
ap 4
hp 378

ap 5
hp 379
 48864
ap 6
hp 380
 20431
ap 7
hp 381
 20479
ap 8
hp 47
t 43589 24593 42318 27102 27273 26465 42785 27061 43552 25787 26679 42788 26214 1606 27107 27747 43558 27578 26388 43560 42795 43775 42798 26181 42799 27374 42887 44290 25930 27375 42889 26399 27123 27379 43402 27253 43531 43106 26958 26406 27342 24622 27385 27386 42899 25602 27345 27387 42817 26328 43583 42818 43541 42819
hp 39
t 41995 42890 26613 45547 44740 27252 44274 43573 28381 42831 42087 42109 26683 27045 1608 27365 28003 42348 27325 43581 43539 44538 27220 44221 27331
hp 43
t 26291 43546 27227 43548 43559 43562 43732 44158 26053 26393 43564 27329 26225 26651 26907 42888 43400 43740 27337 42892 27338 43743 26234 43745 27256 27341 43746 27343 42898 43580 26410 27430 43411 27262 43582 43584 27179 43074 43585 26074 27181 26077 27271 43761 27101 27357 26084 43765 43596 26765 43766 43597 43767 43599 27366 43771 27197 27200 26180 27201 27376 27206 43528 27381 27211 27382 27637 27042 27383 42938 27044 27215 27470 27216 43536 42942 27217 43537 42943 27389 27304 27390 26371 43629 43544
ap 9
hp 55
t 26463 25785 26215 26218 26304 25627 24608 26223 24609 26310 24610 24612 26314 26229 26059 26315 25636 26232 26147 26318 26403 26319 26236 25897 26238 26239 25646 25986 24626 26329 26415 25996 25998 26338 25999 26340 24642 26347 25671 26268 24654 26184 25335 26270 25336 26188 25934 26360 26361 26362 26192 26447 26279 26194 26109 26366 24666 26112 27643 26113 26284 26454 26116 25607 26204 26459
hp 59
t 80818 81330 60208 81883 80821 80524 78549 79719 63887 79613 79592 81336 79722 81889 80360 79383 80658 80828 79554 81297 80489 81254 78919 80747 81046 79708 58479 77860 81240 79498 59461
ap 10
hp 382
 53247
ap 11
hp 383
 48959
ap 12
hp 134
t 29251 29157 15816 25083
ap 13
hp 384
 29627
ap 14
hp 358
t 18344 33074 19120 17700 18185 56849 20419 32879 56819 19039 32846 32880 57117 33602 33760 19037 56987 57006 33784 34527 32849 56969 56976 14929 40505 57090 33084 14913 33087 56873 40557 56793 32908 14919 15016 57201 17855 19058 33623 32955 32941 32861 32864 57146 33041 32920 56919 32958 17283 56871 56926 56866 33727 32897 32899 34430 56861 57011 32940 57151 19127 33135 33015 33095 32853 56815 34376 40477 18176 57158 17912 33245 32927 33270 34544
hp 363
t 14883 15028 19971 14916 14925 17541 16995 17007 20422 17703 15898 17900 17680 17556 17520 20287 14937 17578 20306 20385 20386 20389 20384 14962 17585 17586 17681 18425 16910 7735 17562 14882 14951 17544 16992
ap 15
hp 61
t 78570 59530 59701 78402 81895 17210 79432 79263 57589 59548 79099 78590 59126 23767 57598 78253 58703 17989 79104 57345 64742 64232 80468 22586 57776 22590 59651 77841 59822 62968 79205 81245 64076 80906 81077 59148 79208 7129 78787 78195 60090 60261 79386 59158 79391 79561 57550 58658 60019 57383 58659 78041 60023 78980 18035 78556 77876 78472 78048 78305 77880 78051 77881 59182 65219
ap 16
hp 385
 16383
ap 17
hp 386
 73727
ap 18
hp 50
t 58592 51239 37682 16645 57658 37472 17964 57490 58722 81588 58640 17799 59578 19373 81892 59792 81510 58180 57415 57713 58733 37443 58735 59119 58057 35533 59503 35194 18152 57422 58318 18156 39108 61167 34265 34266 57472 60236 58069 60407 19268 60027 16805 78940 19312 37205 57478 57607 34954 34657 38100 58332 57441 57527 40102 23273
hp 38
t 19406 58846 58847 58638 58468 58514 60087 57625 58475 81725 81300 58690 58478 39779 58395 34851 60395 58826 58062 57894 57597 58406 35246 81319 58071 58369 58412 58667 58626 39841 57649 58627 58669 34958 57867 51237
ap 19
hp 387
 40143
ap 20
hp 143
t 32447
ap 21
hp 388
 32719
ap 22
hp 389
 78846
ap 23
hp 390
 73662
ap 24
hp 44
t 45247 43212 45423 69056 69059 69237 69240 69071 69241 69072 69242 69244 45105 69245 69586 62446 69077 69247 62447 48338 69248 46979 69079 69249 69419 69080 69250 69081 69251 69082 43072 69083 69423 69084 69256 69257 43078 69259 69261 69262 62294 62298 69101 46661 69271 69102 66721 69272 47003 69443 69273 66724 69104 69275 69106 46666 46667 48368 43100 47011 43101 69452 43103 69115 69286 45317 48380 69460 45322 69462 69292 43114 69295 45497 43124 45845 43127 45339 43130 45850 45342 43132 69313 45853 45854 45345 68974 45347 45348 45349 45859 69490 45351 45862 45353 69493 45523 62354 69153 45864 69324 45357 46039 45359 45360 69331 45362 45364 46044 45874 45365 45194 45875 45366 62367 45367 45198 45370 46050 45373 69343 46054 46055 45375 45206 46057 46058 46059 46061 45383 46064 46065 45388 45558 66809 46070 45390 45560 69191 45561 46072 69192 45902 45563 46075 69195 45565 69196 45566 69197 69369 69371 69202 47956 48298 43201 45244
ap 25
hp 81
t 50940 50771 52046 50941 51876 52047 52216 70321 52048 50688 52218 70324 51455 50690 52220 71941 52221 52222 50693 50779 51969 69904 51970 52056 52057 50697 51972 52058 52143 51973 52059 70249 51466 75181 50871 70251 51467 34892 51384 51980 51981 50876 51387 50877 52068 51983 51475 75959 51224 52078 50888 50890 51996 77497 52168 50808 72909 51319 51659 51491 50812 52003 52176 52179 52180 65866 52182 70458 52185 66040 70292 51508 51510 51341 52193 52194 51515 51345 70300 51516 74806 51517 51347 52113 50753 70303 70814 52045 52200 66395 50757 50758 52204 50759 52119 70224 50760 52206 50761 70396 52207 50762 50932 50763 70228 70313 50764 52038 50765 50935 51533 52042 52213 50768 51534 52044 52215 51705
ap 26
hp 391
 54076
ap 27
hp 46
t 81882 57997 39893 81884 57999 57406 57835 59705 58008 58265 81045 58267 78242 58947 80963 58269 81900 81562 81054 81567 79786 81572 57348 81234 81575 57350 58030 57351 80557 80983 57779 57865 57783 79203 57614 80993 57789 57620 57535 57621 57876 81591 81422 81337 81252 81507 57367 81593 81339 81509 58135 78368 57883 57375 57971 58143 57634 57465 81013 81271 81443 81614 57647 81277 81193 81025 57991 73801 39208 58163 81198 58250
hp 49
t 57828 74406 58258 39898 79084 81040 58262 58094 58096 81556 81557 39228 81559 58354 58271 81903 58190 81225 73916 78591 57599 57344 81061 57347 57603 57349 81149 58286 80981 81406 39929 78860 57611 80986 79033 57699 57616 57531 81246 81587 57702 81247 80908 81589 81165 79125 57622 57706 57372 57628 58308 81344 81515 57397 79818 57552 57468 58148 74129 57811 73877 81018 74561 39201 79067 57902 81279 75330 74310 78220 57736 58333 58248 73803
hp 62
t 81328 58123 81584 39255 39932 57532 81333 39216 58002 81505 39304 81592 81253 58219 57540 81595 57838 81427 81512 57629 74587 58182 38462 58100 57635 57762 57636 81479 39916 58023 39877 57770 81273 81062 58240 81573 79280 58583 39926 39927 39205 39800 58203 39887 39209 57824 39890 57825
ap 28
hp 85
t 31222 31053 31223 31138 49499 31565 50012 31567 31570 66590 50016 31230 66591 31576 47388 31068 49433 65923 66435 50030 66521 50035 31676 31677 47574 31000 66275 65850 66616 66618 28793 66958 47410 31601 31516 73254 31009 47839 31010 31011 65946 31013 65863 47419 65865 47421 46571 28891 47251 31528 66039 31614 49805 47426 31701 49466 31362 31022 66552 31023 50914 50575 31195 50915 65876 49559 31199 28906 49564 31037 48123 50421 28916 49487 50423 31045 49576 50005
hp 83
t 69641 77461 69642 69643 77294 70069 71089 77464 71090 77295 77465 51457 77467 51459 52054 77299 77810 69653 69654 77474 77475 71017 70592 77648 77478 51553 77479 69660 51215 77482 70597 53856 70603 53944 54204 69674 77749 69931 74267 34913 52169 70614 51490 53276 50727 51497 52178 52094 77424 54906 77262 51509 71060 77012 53893 71063 53384 52196 51346 70982 52198 77443 53559 51519 70644 71069 53900 69709 53730 53901 34946 53392 54072 53903 71076 77452 71419 70230 51532 77287 69637 69638 69639 54765
hp 79
t 70218 69666 71005 70985 71113 69668 69648 70394 52077 71247 70290 70314 70231 52062 51340 50725 51514
ap 29
hp 48
t 45840 45246 43039 66755 66756 43551 69051 26977 46699 26044 62424 26045 45856 62347 43139 43734 26821 46712 69494 27249 69069 43570 46036 69412 43742 66693 27340 27255 66100 69416 27257 27258 45449 43495 43070 27261 62366 27347 45877 46048 66278 45199 69254 69085 43755 45201 26672 46052 27014 62290 43591 62291 43762 45378 27358 27359 45379 26681 27532 27023 45555 45386 69188 42840 69361 26776 66641 45562 43098 48284 66646 69281 69366 27378 46674 27209 69284 43020 43785 68862 46677 43023 61638 69118 69203 47954 69545 69547 45832 69293 27219 45325 43540 43795 27055
hp 45
t 77888 78272 78273 78317 59532 80824 80699 59151 59577 79382 79595 78278 77852 79384 78279 78193 78578 59198 59708 78282 60389 78197 80833 59711 59202 78199 78540 79433 64729 59672 60394 59757 77863 79521 78416 77864 80755 77865 63543 59039 59890 60401 78464 63547 79569 78296 59894 60405 59896 80764 80808 80767 79365 80810 59730 79366 79451 59689 59180 59181 77882 78309 78182
ap 30
hp 153
t 658
hp 53
t 20915 7336 21576 16606 20793 20900 19391 6812 7110 5729 24366 24495 7243 20784 21077 20908 20848 6735 20911 7799 7247 6908 7313 6760 20955
hp 157
t 24686
ap 31
hp 392
 65422
ap 32
hp 393
 56590
ap 33
hp 362
t 56653 54283 56770 56604 56772 54401 57140 56785 33668 56682 56831 32921 56619 56644 54667 57227 56964 57178 54326 32904 56802 32929 56607 56624 56966 57131 32909 56943 32942 54446 32951 40498 40501 56848 56951 57095 56609 56610 32898 57097 33728 57248 57118 57180 34342 57300 56651
ap 34
hp 394
 24575
ap 35
hp 166
t 24931 24846 24591 25016 25017 24763 25018 24594 24764 25020 24596 1478 24684 24685 25197 24687 26221 26308 26146 2941 24618 25982 24623 24628 25988 24629 24969 3039 25991 25992 24589 24633 25656 25657 24590 24639 26339 26177 2550 24653 25163 2894 24824 24825 2896 25676 1706 24826 26189 24577 24578 24664 24579 25176 2822 24837 24583 24838 25093 24584 24839 24585 24586 24672 24587 24588 24674 2829 2830 24845
hp 171
t 44355 44526 42317 44527 44698 42319 42957 44360 42066 44535 44323 42070 44196 803 44708 42244 42076 42077 20785 44672 42081 42337 42253 42083 41999 42340 42255 44678 42341 44508 42171 42086 42425 42346 44684 42091 42305 42349 42307 44517 42351 42946 44181 44522
hp 269
t 51302 52037 51968 70291 52043 51646 51301
hp 110
t 75273 80987 80437 81012 80438 80971 75277 81094 80976 80977 80445 79769 80982 81090 80432 80985 79755 76674
hp 102
t 79671 80352 71937 80693 80523 80354 80865 80016 80526 80529 80872 80363 80533 80364 71864 80874 80195 80876 80877 80538 71953 80879 75780 63542 80457 71957 80288 71958 75955 75956 80208 71963 80294 75875 75876 75791 76220 75795 75967 76223 75883 80480 79978 71989 80490 80581 80497 80756 80588 80503 75828 80249 80506 80252 80338 75833 80509 80170 80511 80342 75837 80858 80513 76179 80515 75927 80007 76778
hp 274
t 81360 81586 57533 81578 39705 81196 81399 81348 81274 57613
hp 303
t 58242 81417 58266 55537 55517 39144 55752 55550 39145 55508
hp 100
t 65141 63034
hp 234
t 72020 71372 67729 72394 72012 67858 67774 72184 72014 72004 72015 72495 71263 72390 72029
hp 165
t 28334 28419 28336 27912 44402 28422 44403 27999 44749 44415 28096 28097 26568 28098 28184 28099 28100 26571 28101 44761 28527 27766 26578 26494 28109 28194 28282 28028 28199 44434 28031 26416 44437 28288 26418 28289 44439 28290 28120 28291 44441 28292 28122 28293 28123 44444 26424 44445 44446 28298 27278 44448 44449 44450 28130 28131 27792 28303 28132 26434 44456 44202 44457 44458 44459 28141 26442 28142 28143 44465 26616 26531 44466 44382 44383 26618 28149 44045 26539 44475
hp 276
t 60402 58661 59891
hp 64
t 44183 44354 44312 44184 44610 44397 44228 44271 44313 44357 44612 44484 44315 44358 44359 44361 44362 44404 44363 42918 44533 44236 44152 44197 44580 44155 44369 807 44370 44540 42926 44372 44373 44288 44203 44374 44289 44332 44376 44206 44292 44335 44207 44378 44379 44294 44380 43530 42940 42900 783 42945 44180 44352
hp 314
t 20723 44481 44992 23019 44950 44864 21405 44866 20599 23022 22045 20685 44868 20686 44998 20646 20604 45000 21923 44321 4413 22804 44322 23030 44324 44327 23331 42117 22059 20551 42078 22656 44970 44673 44973 45017 44847 44848 44891 23006 22328 44514 22329 23180 23009 44984 23355 21954 42056 21402
hp 290
t 46207 48322 47019
hp 323
t 46860 47031 47626 47796 47712 46352 47033 46353 46863 47034 46949 46269 46354 46950 45504 47800 46356 47036 47632 47802 47633 45680 46365 46960 47045 48066 46961 46366 45686 46962 46963 45519 49090 46199 48240 46966 48241 45692 46967 46201 47053 46204 46376 48332 45442 46973 47058 45868 46974 47059 46975 46976 49019 45534 46131 49107 46983 45114 47665 47071 47666 46986 47668 46992 46993 46994 45804 45466 45467 45385 47000 47001 45728 47004 45814 47005 47090 46920 47006 48366 45732 47007 47008 46328 47774 47009 47094 45479 47010 45564 47013 47014 47015 48290 46930 46931 45826 47017 47102 48291 46678 47018 46591 47020 46340 45490 46681 46851 47024 46344 47026 47621 47027 46347 46942 47625
hp 68
t 5083 792 4744 21490 453 4916 21493 21494 966 329 5090 28168 21326 460 4924 44365 28172 21287 44832 847 44537 975 28175 20738 510 20658 897 20788 44843 856 20789 686 899 20790 858 20621 690 44849 863 44681 44851 4605 21265 4478 21308 20799 21309 20969 5076 44856 44857 21272 364 279
hp 277
t 41696 41390 22852 41554 42382 41332 42002 42713 22856 22453
hp 300
t 38951
hp 248
t 61462 61917 62186 42521
hp 216
t 58660 58646 58557 58844 58536
hp 65
t 280 281 21276 962 21277 282 963 283 964 455 458 459 21454 44830 801 28256 802 292 28343 804 294 295 28346 976 467 28348 810 300 980 981 301 20787 982 813 983 814 984 28270 20960 987 991 21306 4736 20971 28197 44518 321 832 322 20977 834 324 325 920 327 498 328 1008 4409 924 330 1010 501 502 672 503 1012 419 505 930 336 507 5097 508 21248 339 5100 936 852 937 8078 344 874 21274 21345 693 359 277 278 450
hp 69
t 44311 44523 42101 44524 44356 44697 44187 44528 42488 44954 44700 44530 42065 44531 42067 42110 44364 42111 44534 44366 41986 44536 44367 42242 44539 42074 42968 44500 44543 44161 42079 42080 42168 42169 44975 44509 42980 44680 44213 42089 42090 42092 44515 42008 44687 42011 44520 42098 44521
hp 229
t 72818 72829 72872 72926 72873 71619 67191 72877 67277 68755 65749 67268 72879 66950 72816
hp 80
t 50006 50007 49497 50008 50009 49330 50010 50011 73302 50013 50014 47465 30977 50020 47471 50022 30982 30985 30986 66178 49181 30992 50032 49182 30993 50034 49184 30995 73325 50036 31506 30997 50038 49192 31175 65856 31176 31517 50048 31177 31178 49538 31519 49540 31180 50561 31181 65861 65862 66202 66373 49203 50054 66372 66375 31015 31525 49206 66377 65867 65869 50909 31020 65870 66380 66381 31021 66042 50910 66382 65872 30853 66384 30854 66215 47856 30856 65877 66388 50917 65878 49557 30859 66390 50920 50921 49733 50923 49563 30864 31036 65886 31206 66398 31038 50928 66399 50930 31041 50931 31042 31043 50084 50934 50085 50086 31046 31047 50087 65727 31048 31049 50089 31050 31560 50091 31221 50092 50093 66583 50094 49923 31055 50095 31736 65906 31566 49926 31057 31226 31228 66419 31229 73224 73225 47555 31575 31577 49937 49938 30730 49940 31071 66432 49943 73234 49944 73235 49945 49946 49947 49948 49949 31589 28869 49950 73240 46551 73243 47573 31593 49957 31429 49959 66619 47579 49962 73253 65942 66454 49964 31605 49965 66456 49966 66457 73256 49967 65947 66286 47248 49968 31097 66458 31101 66461 46911 31102 47423 31103 49804 66465 73265 73266 49806 73267 31447 49977 73268 49300 65960 48114 31624 49984 49985 73276 49986 73277 66477 49987 28908 28909 30270 73282 48124 47444 48125 47446 50168 50000 50001 50002 50004
hp 264
t 70320 71235 70325 70326 71070 52160 72454 52161 52162 71414 52184 70076 52163 70332 72011 52187 70334 52166 52040 71272 52171
hp 101
t 79662 80522
hp 226
t 66944
hp 270
t 58857 58656 58858 58848 58849 60381 58876 59195 58866
hp 268
t 69916 69938 69917 69939 69770 70641 69940 69919 70643 70070 70622 70071 70623 69989 69991 69929 70610 69996 69997 69933 69955 69998 69913 69978 69977 76843
hp 78
t 73040 70916 70748 72790 66882 50776 50691 50734 70837 72794 71009 70924 70840 50865 70925 70841 70757 71012 70927 64467 70762 70763 70806 68342 49388 72806 65921 50792 49390 65924 72810 70729 65759 50714 72817 72776 70737 50721 70913
hp 265
t 50733 50797 50712 50755 50735 50873 52035 50784 50869 50785 50870 50786 50722 50787 52041 50872 50788 50724 50789 50790 50875
hp 113
t 78311 78906 78566 79246 78907 78568 78400 79080 78571 78401 79082 78403 78405 78576 78406 78577 78407 78579 78409 78580 78410 78581 79091 78411 78582 78412 78583 57417 79095 78586 78587 81817 78588 81819 79101 79102 78425 78427 81827 58963 78905 81917 78349 58980 78451 79048 78878 78545 78376 78377 79057 78888 78891 79062 79063 79065 79066 81701 78896 78897 79068 78898 78899 79070 58671 60289 78904 79245
hp 254
t 64966 22808 23148 41849 64971 64803 23154 64804 41856 22646 64977 65487 41904 64979 23159 41859 23164 23167 22659 78759 41874 41876 22666 41877 22667 41879 41880 41881 41882 22672 41883 41909 64833 41884 22674 41885 22846 65346 41887 22677 41910 59909 22680 22681 22682 65182 64844 22684 41895 64845 65017 22687 65018 41912 23028 22688 41728 65189 65020 65529 22689 65021 22690 22691 41902 65022 22692 41732 41903 41733 22693 65531 41734 22694 65023 41735 22695 41906 65193 65194 41905 41737 65028 22697 41738 65029 41908 41739 65199 65030 22700 65031 22699 23041 22701 41740 41741 65033 41742 41743 65034 22702 65203 41744 41913 41745 41914 41915 41746 41916 41917 41748 41919 41749 59429 59430 41751 41753 41755 23055 65191 41757 41248 22718 41758 41759 22719 41931 59612 41426 41257 23238 41428 23242 22562 22732 22733 23244 22734 22735 41776 41436 41096 41777 41437 22908 41438 59243 22569 41779 41778 59460 41780 59632 22574 22575 22915 22578 41448 41449 59300 65080 41790 41451 22922 22583 22585 22417 41457 22588 59311 22591 41973 22934 22936 41806 22604 23114 22607 22948 41824 23125 41825 41827 22958 23128 65122 65125 65126 65127 65128 59518 65129 41900 65130 23140 65131 64962 41901 64965
hp 304
t 76948 77811 77785 74880 77786 77792 77694
hp 324
t 69152 69067 45332 69451 45183 45333 46056 45312 45186 69540 69073 45188 69095 45211 45190 45212 45320 45363 69291 61557 69189 45369 68830 66813
hp 262
t 50889 50929
hp 261
t 67388 61651 63054 65306 63055 68835 64416 62801 63057 63058 63951 63101 63912 62638 63148 63149 62853 64427 63067 63195 63072 62988 63923 63201 61673 62866 62909 62911 61683 61513 61684 62875 62877 63008
hp 293
t 47794 47801 47553 66041 47554
hp 164
t 44435 44400 44401 44487 42958 44191 44234 27743 44447 44405 44193 44492 44238 44154 25157 28643 44198 44412 44245 26396 26485 26400 44251 26486 26401 26487 27762 26530 26488 44255 44467 26576 26491 26577 26620 44470 25899 43579 27769 27811 26622 26452 26623 26453 27854 27730 26455 27732 27775 44266
hp 231
t 63059 67432 67416 63155 67417 63020 67456
hp 168
t 1428 25143 2958 1429 25144 2959 1430 1471 25146 25148 1439 1610 1611 2 1788 1456 55 183 2945 396 56 2946 57 1417 270 186 2948 2949 188 61 1761 62 1592 63 1423 1424 1425 2957
hp 84
t 69640 71000 70492 71002 51283 71003 70919 70920 71091 70075 71013 70928 71099 70929 69655 71015 71016 69657 69658 71018 69659 71022 69918 69664 71279 70939 71024 69665 69669 71115 69670 77065 71373 69928 77118 69676 77071 69762 69934 69935 70702 69683 71129 51324 70281 70621 52181 53457 75674 77515 77347 34932 70632 77432 70295 70976 70977 69873 70979 71237 51262 77442 71408 70134 51349 70815 77615 69710 71326 71244 70989 71415 71246 71417 69632 35633 70229 71082 70998
hp 339
t 58016 57890 57933 57955 57849 57892 57871 57935 58106 57898 57856 57922 57924 57925 57862 57884 57927 57949
hp 272
t 67680 67689 67719 67761
hp 255
t 22806 41676 41336 41677 41678 41339 41679 22980 22981 22302 22983 41343 22984 22985 23156 22986 23157 41686 41687 41688 22648 42199 41689 42710 41690 22310 42712 42032 41692 42714 42034 41867 22657 42037 22830 41700 42380 22320 42381 41701 41361 22662 22321 42720 42383 42723 41703 22664 41872 22834 22665 42726 21987 41707 42727 23350 22330 42561 22331 23182 41710 23012 23183 42563 23013 22844 22673 22845 22675 41376 22676 22847 41377 23017 22678 41378 41379 22679 41380 22851 41381 41382 22683 22854 65015 65526 22858 65358 42748 42014 22009 22864 23034 22865 22696 22867 22873 22703 60614 23047 41408 41409 41410 41750 41411 41412 41413 41414 41756 20678 41419 41591 41421 41592 23232 41422 41593 41423 41424 41595 41425 23236 41596 23237 23239 41429 41430 23241 41431 41432 41433 41434 41435 41439 22910 23250 23251 22912 20876 41446 41447 21560 22920 41450 22921 41452 41453 41454 41626 41460 41633 41634 41635 41636 41637 41297 41807 41638 41298 41639 41300 65102 41303 41645 41646 41647 41309 41310 23120 41311 23123 22784 42505 22790 22792 22793 41664 22454 41665 41325 41666 41668 41328 41329 41669 22459 41330 41670 22800 22801 41672 22802 41333 41334
hp 302
t 74358 74444 74147 74445 74148 74149 74363 74321 74364 74365 74408 74323 74367 74411 74356 74353 74313 74398 74144 74357
hp 299
t 75208 77801 75124 74275 77760 77463 74318 74829 74786 74787 74830 75000 74831 76319 75129 75384 75130 75385 75470 77766 77086 75133 75134 74837 75093 77644 75051 74840 74841 74842 74843 77096 74845 74931 77778 75058 75101 75103 74935 74854 74856 74816 74902 74860 74818 74820 75586 74821 77074 74822 75504 75377
hp 271
t 60980
hp 273
t 65934
hp 228
t 67728 72403 68578 72404 72427 72492 72111 72474 72283 72412 67720 72098 71971 72482 67892 72101 72059 72102 67725 72400
hp 82
t 50942 50943 50860 49161 50861 49502 52223 49589 50781 49591 50866 50782 50867 49594 49596 49597 73568 52063 49598 52149 49344 51979 50195 50791 49177 72808 51984 49179 51390 50795 52155 51985 73575 50886 50803 73583 50804 50805 50550 52081 49195 50897 50898 50899 50731 52091 49202 50902 52095 70965 51246 50143 51505 70800 49890 49468 49214 52105 49215 50833 52129 73617 49478 50839 49567 52208 50849 50850 61732 51617 50769 51535
hp 298
t 55531 74083 74317 73896 74151 74152 74322 74154 73900 74156 73731 74157 39137 73732 73733 73904 74159 73734 74160 73820 73735 74161 73906 73907 73822 74162 73737 74163 73908 74077 74164 73824 73738 74165 73825 73909 74166 73739 73740 74167 74080 73741 74168 74081 57678 73998 74169 73829 74170 73830 38980 74171 73999 73914 74172 73832 73915 74173 73833 73919 56239 73836 74091 39160 74273 74113 81594 57627 74457 38936 73874 73876 74131 81357 74132 73879 74049 74135 74221 74477 74309 73884 73885 74140 73886 73887 74082 73742 74143 74315
hp 106
t 80520 76696 76697 76699 79761 79764 80444 80530 80446 80448 80534 80449 80535 80450 80451 80452 80453 80454 80455 80541 76716 80542 76717 80458 80461 80552 80553 80384 80555 80387 80472 80388 80473 79793 76735 80475 79795 79796 80391 80562 80477 79797 80563 80478 79799 79630 79715 79800 80565 80396 79801 80566 79802 80398 80568 79803 80399 80569 79804 79806 79807 80403 79723 80488 80404 80405 80575 80493 80409 76755 76672 80412 80413 76673 80415 76675 80500 80501 76683 81019 80429 80430 76691 80431 79752 80433 80434 80435 79330
hp 107
t 76186 76356 76188 76189 76530 76360 76531 76361 76532 76362 76533 76534 76364 76368 71268 76199 76369 76371 76542 76202 76372 76543 76373 76204 76374 76205 76375 76376 76207 76377 76378 76379 76380 72640 75701 76381 75702 75703 75706 76386 75878 71968 75708 76388 76389 75709 76560 75710 76390 75371 75711 76391 76392 72653 76394 76395 72655 76396 76397 76398 76399 72493 75554 76237 72670 71992 76412 76413 76414 76415 72681 72684 75415 72697 75589 72022 76445 76446 75264 75434 69825 75945 75946 75777 76288 71188 76289 75440 76291 75952 76292 75102 76293 75443 75614 76295 76465 75786 76297 76466 76467 76298 76300 76301 75622 76303 75626 76307 76480 76481 76312 80392 76482 76314 76484 76315 76485 76486 76487 75807 76488 76489 71221 69867 76497 76498 69869 76499 76500 76501 76502 76503 76334 76164 76506 76507 76508 76510 76171 76511 75664 77024 76175 75666 76516 76517 75668 77028 75670 76180 76520 76181 76352 76522 76353 76183 76354 76184
hp 331
t 20903 20754
hp 111
t 75379 75210 75082 75358 75212 75424 75213 75085 75425 75426 75128 75553 75555 75215 75089 75429 75132 75090 75091 75262 75135 75369 75435 74884 75204 75099 75207
hp 105
t 78948 78863 79034 78949 81839 78950 79035 79120 80994 80995 80910 80911 79126 78959 78963 79090 81005 79092 79093 78201 81219 78375 79013 78418 81224 79243 81906 78211 79701 81189 78852 78853 81828 78854 79706 78942 79282 79113 78944 78945 81155 78946 81877 79032 78947 80902 78565
hp 175
t 25100 25101 2980 25092 25199 25095 25149 25097 25098 1480
hp 263
t 49956
hp 260
t 80819 65010 80735 78270 65351 79376 80866 64249 77893 80868 65485 65105 63532 80320 63533 79387 80832 37652 65151 65323 80837 80753 63880 80754 80371 80796 79310 80798 64224 64225 63545 80759 80760 80802 63293 80803 80762 80846 64866 80763 79487 80805 79614 63551 80551 80765 63509 64870 79236 77834 78261 64236 79367 80854 80811 80857 64241
hp 177
t 1192
hp 338
t 57932 58400 57976 57934 58061 58614 58104 58105 57744 57787 58617 58107 57746 57749 57813 57728 57729 57900 57782 58263 57795 57753 58411 57987 57755 39778 57889 57970 57696 57974 58101
hp 103
t 80860 80181 80861 80182 75933 80183 80014 80184 80015 80186 80187 80867 80018 80188 80019 80274 80869 80020 80189 80870 71945 79936 71947 63534 67702 79942 71952 63537 80197 80179 71870 80030 75954 63544 75784 80716 67797 76212 75787 64227 75873 75874 80209 72699 80125 80296 72646 75792 71969 72140 80215 75881 76222 80049 63517 72660 80145 67824 72671 71822 71824 79474 71825 71827 76162 71829 71831 72002 80163 71834 75829 72685 72686 80169 80000 63680 80001 80002 63512 76178 80004 80855 80856 71847 80177 80008 80178 63519
hp 96
t 77802
hp 235
t 67029 67434 67009 67392 67435 67243 67393 67371 67437 67033 67395 67374 67014 67356 67059 67038 67060 67507 67486 67039 67364 67236 67407 67365 67408
hp 169
t 25105 25106 25107 26042 25789 2924 2925 25111 25112 2927 25198 25624 25114 26305 26050 25116 26052 26054 25120 25121 26312 25122 25123 2938 25634 25124 25635 25125 2940 25126 26317 25127 25130 26065 24621 26066 25132 26068 26408 25134 26070 26072 24968 25904 24970 26585 26075 26586 25821 25141 25738 25910 26591 25911 25997 25318 25915 25830 28551 26599 25154 2969 26600 25155 25667 26602 2975 25927 25843 2978 25334 26610 26100 25166 26101 26017 25167 26102 25678 26018 26019 26614 25679 2900 2817 26619 25089 2820 25940 25090 2989 25600 25177 25688 25691 26031 2828
hp 315
t 42100 44991 42186 44949 22849 22850 44951 23021 22809 22087 22810 44953 42064 44912 44913 42108 44999 23026 23027 22433 44916 23113 23029 22861 44962 22862 42200 22820 22437 44964 44965 23248 44904 22994 41653 41440 44926 44841 22826 22828 22829 22787 23127 44931 22831 23016 23130 23045 22663 22452 41621 23049 23347 23050 41625 42178 22033 42180 42181 42183 42184
hp 326
t 20586 20598 44985 20600 42191 44986 44859 42182 44978 20594 44958
