ap 2
90
ap 3
37
ap 5
83
ap 7
148
ap 8
36
38
43
ap 9
55
59
ap 10
95
ap 11
149
153
155
157
159
ap 12
134
350
ap 13
141
ap 14
352
ap 15
50
52
56
ap 16
89
ap 18
40
51
63
ap 19
363
ap 20
139
ap 24
42
58
65
ap 25
97
ap 26
92
ap 27
39
47
60
ap 28
79
81
85
ap 29
48
ap 30
62
64
151
ap 31
46
ap 33
158
ap 35
270 271
68
69
76
78
80
84
98
100
101
104
105
106
109
112
113
115
119
123
160
165
168
169
171
172
173
175
176
177
178
179
208
217
218
219
224
225
226
227
231
232
234
235
246
247
248
249
255
256
257
258
259
264
265
266
267
268
269
272
273
277
279
283
289
290
291
292
293
294
295
296
297
298
299
306
307
308
314
315
317
318
319
320
321
322
323
324
328
329
330
331
332
333
334
335
338
339
