ap 2
93
ap 3
36
ap 5
89
ap 7
150
ap 8
39
43
47
ap 9
55
59
ap 10
90
ap 11
155
156
161
ap 12
134
ap 13
158
163
ap 14
358
363
ap 15
61
ap 18
38
50
ap 19
139
ap 20
143
ap 24
44
ap 25
81
ap 27
46
49
62
ap 28
79
83
85
ap 29
45
48
ap 30
53
153
157
ap 33
362
ap 35
64
65
68
69
78
80
82
84
96
97
100
101
102
103
105
106
107
110
111
113
164
165
166
168
169
171
174
175
176
177
180
181
182
185
186
187
188
189
216
226
227
228
229
231
234
235
248
254
255
260
261
262
263
264
265
268
269
270
271
272
273
274
276
277
290
293
295
298
299
300
301
302
303
304
305
314
315
323
324
326
330
331
334
335
338
339
340
341
344
345
354
