367
54
57
152
154
159
133
135
136
138
140
142
149
151
372
357
371
144
147
369
137
356
51
56
63
160
40
52
373
368
145
42
58
60
75
77
92
95
141
146
360
370
375
87
91
94
148
37
41
162
359
361
374
66
67
70
71
72
73
74
76
86
88
98
99
104
108
109
112
114
115
116
117
118
119
120
121
122
123
124
125
126
127
128
129
130
131
132
167
170
172
173
178
179
183
184
190
191
192
193
194
195
196
197
198
199
200
201
202
203
204
205
206
207
208
209
210
211
212
213
214
215
217
218
219
220
221
222
223
224
225
230
232
233
236
237
238
239
240
241
242
243
244
245
246
247
249
250
251
252
253
256
257
258
259
266
267
275
278
279
280
281
282
283
284
285
286
287
288
289
291
292
294
296
297
306
307
308
309
310
311
312
313
316
317
318
319
320
321
322
325
327
328
329
332
333
336
337
342
343
346
347
348
349
350
351
352
353
355
364
365
366
