ap 0
hp 368
 61183
ap 1
hp 369
 53048
ap 2
hp 90
t 59283 59921 60559 59158 59329 59924 59966 23077 59331 59843 59334 60567 60144 59337 60570 59339 59003 59386 61426 79066 60112 58667 59773 59051 60071 59263 60711 59989 58845 58676 60123 58678 59741 59188 60591 58975 59232 59318 59149 60893 58641 59239 60345
ap 3
hp 37
t 73776 54907 75392 77776 73781 75481 77777 75228 75442 75357 54830 77568 75147 53558 76424 75369 53609 75456 35806 75460 74907 75205 75377 54849 75208 75380 75083 75168 77640 54982 75087 75214 75385 75428 75388 75431 35822
ap 4
hp 370

ap 5
hp 83
t 5060 21346
ap 6
hp 371
 20472
ap 7
hp 372
 20158
ap 8
hp 38
t 31828 49083 48574 26092 48447 47257 30386 47047 47558 30221 49602 66262 49731 47437 48289 48273 46932 50250 27598 46853 48893 48299 47876 47111 49449 48132 31982 49450 47496 47751 48263 47414 48349 48520 46990 32541 47459 48394 48437 47630 48566 48396 46569 31822 48482 47760 49758 48569 29870 30593 48869
hp 36
t 48360 46917 47428 30768 47768 48449 49128 48533 49131 47431 31366 46157 48454 48200 48458 45653 48205 46930 49481 47781 47610 48207 47612 47443 46763 47785 47786 47873 47194 47535 47790 48895 47027 46858 47453 47878 65984 32495 47796 47371 31784 47797 47032 46865 31396 48227 48397 48483 48484 47806 47212 48402 47637 47129 47045 46960 48153 47048 47559 47474 48242 46882 46968 46799 47054 46885 47565 47906 47568 47738 30993 30824 47570 47485 47146 30657 46894 47574 47744 30575 47745 47747 48344 46901 48432 47752 47753 47754 46989 49114 49545 47761 47082 48528 30763 48444
hp 43
t 48446 47086 31956 47767 46576 47770 48451 30601 46241 49812 30262 30773 31283 46754 49817 47438 47778 49818 47780 31290 47441 48290 48291 47613 46934 48295 66997 47449 46939 47621 46941 48301 27562 31812 47114 9204 47456 48307 31987 47118 47799 47119 47629 47460 47120 31821 47802 47122 46952 47463 48314 46954 46955 48316 47467 30468 47638 30638 47639 30639 48321 30812 47812 30642 47133 48323 47643 47815 48156 47646 32346 46967 31499 47139 32689 48499 48500 30312 50203 30823 47144 47654 66015 47486 46976 47147 48339 48170 31171 48341 46981 47833 48343 46983 32705 48345 47156 48516 47497 48348 48860 31864 30845 66035 48866 48526 47167 48868 48531 48192 48532 46662 30683 48874 48194 30004 47004 30514 48535 47856 47517 50577 47008 48199 47009 48369 30520 30350 48541 47011 48371 31372 30012 47012 31373 47183 48543 31374 47525 48545 31375 48375 31205 48376 31547 31207 66567 48208 46848 48378 30533 30023 47537 46857 30878 32751 47542 30373 47544 47374 47545 47714 46866 49756 30547 48567 47717 47548 30377 47378 30889 46868 48568 47040 46871 47044 46875 48575 30385 31576 46366 31238 47560 47561 47053 47905 47908 32268 47569 47571 48082 47063 31765 31766 47068 30749 46900 46560 47750 66961 48261 31940 31262 47242 47583 47755 46906 49796 46907 65947 30417 30758 31949 47759 31779 47765
ap 9
hp 55
t 28896 47852 47769 32724 47855 32470 48875 28900 47771 32215 48876 32472 32730 31116 29842 47523 31458 47014 31460 47527 47017 32484 47444 47531 32486 31467 31978 32234 32491 32492 47794 31049 47795 31985 31136 30542 30628 32756 32162 31823 49843 32418 32758 46872 32167 47043 32510 31745 32171 49681 31834 49684 30646 47562 47052 32095 31075 47736 47822 30652 47823 31758 49693 49609 31759 30658 48169 31256 32191 30748 47834 32194 32548 47835 49620 32450 32451 48517 32452 46987 48518 47498 50389 47840 31946 47161 30756 47164 48524 47845 32715 48186 47846 32206 48867 47847 49717 48188 30761 47849
hp 59
t 11726 29236 10198 11729 9689 10199 29579 11049 11050 11731 9690 32641 13432 32642 10034 29244 9355 10205 11056 11057 32647 12248 10719 9868 29929 11741 9362 11062 10216 11749 32660 10221 10052 16343 10734 9714 9715 16346 10227 52900 9720 12065 10061 9891 11934 9555 9727 10749 11090 10920 9901 11092 16364 11435 16366 11606 11266 11608 11268 10928 10760 11270 3621 11105 10767 11111 11282 13664 13325 16217 9588 11629 11289 11120 13503 9934 29145 11125 9598 11298 16232 9433 9773 11303 29324 11135 16236 8247 16238 11310 11141 11311 9952 29333 11147 11317 10128 16249 13359 11153 8436 11328 10139 11329 11500 11330 29691 10992 11503 11163 9803 11164 11166 9640 11172 11343 9647 9818 11522 11352 11354 11355 11186 9487 11528 9999 9830 11364 9837 11367 10007 10009 9515 11370 9841 10182 16132 9672 11203 9673 11374 11034 11035 9508 10190 29911 16141 9512 9852 10194 29235 11725
ap 10
hp 95
t 44707 8157 21418 42158 8158 5185 20996 4423 44293 21344 7913 21005 21347 44637 21348 44639 8005 21435 21351 8007 4437 5203 5289 5290 5208 8183 4444 8185 8102 42443 21278 4023 42105 5216 44915 4455 5307 4627 8029 7944 4459 5140 5313 5143 5229 20189 3701 4042 42972 5063 3704 4645 7624 7964 8136 5247 7460 4655 8141 7549 8145 7550 8146 3897 8148 44446 5092 4752 5095
ap 11
hp 155
t 3268 9261 9434 8798 3232 8673 8677 32392 9272 8721 25508 8681 3156 8682 8853 8684 8472 9452 8603 1934 8521 8395 8906 8524 9205 9164 9759 8485 2621 8528 8656 12185 9084 8914 9001
hp 157
t 32359 26239 26194 32378 25968 26055 26353 2851 25675 24868 26081 24687 26061 8935 8999 26211 26003 48146 1631 24878
hp 159
t 32466 1356 29916 2719 8670 1530 2721 1872 2552 1702 1873 2383 1534 3063 8504 25335 9185 8676 2896 32306 2557 2217 1707 25845 25166 1708 8679 1539 8680 1370 26021 3071 25342 2902 2732 8683 25343 2904 2394 1545 2225 1715 9026 2395 9197 2058 8689 8690 25012 25353 8523 25014 1556 197 2406 8700 9042 25023 24854 206 2926 24856 2589 1399 1740 8880 2421 213 25375 25037 32518 26059 25210 1921 2431 25212 2432 2433 25045 25726 2442 25053 25054 2104 2106 32708 3299 2449 32540 2450 2962 2964 25405 32549 25580 25751 1442 254 32722 2464 9095 32385 32387 2981 8931 1623 9613 32224 9614 9615 8767 25427 9959 2482 31893 2484 24584 1635 1636 1976 48726 2997 32409 1640 2830 3001 3002 1472 3003 24933 32244 24595 2837 1648 1649 1650 24600 24940 2331 2840 24942 124 25285 26305 3185 2336 1485 25287 2850 2852 25293 8464 11184 48924 25125 3025 26315 3026 8977 25977 25979 24620 1501 25133 2863 24965 1845 2358 8988 1679 8651 9165 1692 9002 9173 2883 2374 24984
hp 153
t 9080 32364 32573 9041 9079 9085
ap 12
hp 134
t 38123 40894 38053
ap 13
hp 373
 8127
ap 14
hp 374
 61374
ap 15
hp 56
t 30000 47851 29832 31448 32469 30005 49725 49726 30006 31965 30521 47779 30527 47782 30612 31633 50421 47022 31042 30618 29854 30620 31047 29262 30625 31138 32755 31056 31567 31058 29190 30465 32166 31829 31235 47556 32086 49683 31835 48326 47563 30478 31329 30649 30480 30565 47821 47482 31332 31248 31425 29811 31428 47580 47495 31941 29731 31942 32112 47923 32116 31947 31437 47843 11210 46911
hp 50
t 53376 54056 77347 33572 54992 34933 54398 57119 54317 54318 53978 53979 54150 54321 70556 54661 54322 70643 54663 54665 75490 32907 14462 54243 53989 54329 53395 54246 53566 53737 74904 54419 53656 53573 53403 53659 54596 53629 56467 53747 54089 32840 54175 53583 54352 56222 54778 77135 33196 54532 56488 54027 54368 54283 54113 54369 54115 53436 54717 77497 77414 33133 77335 54046 53876 54556 74957 53709 53966 53881 54053 56177 53715 54310 53969
hp 52
t 53717 69868 75648 71483 75649 34256 71061 54741 70127 72167 77353 71659 70639 72595 76335 70896 53556 70726 35026 71067 69708 76509 71580 29760 76850 54156 70732 71412 76852 54668 70564 70309 29254 77535 53312 70907 77537 71504 70825 70740 35465 55016 77541 70996 70657 72527 55018 33429 29775 35470 77376 77546 69982 71512 53407 54262 16352 71603 72453 76364 72539 72625 53843 77049 76199 54101 70932 54782 70593 72463 51470 54956 11098 71959 53259 53346 76381 70601 72471 77401 70176 71028 76298 16713 72644 75959 53265 75620 53266 71457 34143 71459 54205 76222 54039 70699 54209 72144 72655 76820 54720 77499 77162 75633 76826 70536 72151 76487 76147 70537 72493 72494 71051 70286 70626 70627 76493 34248 34589 71564 77345
ap 16
hp 89
t 44042 21354 44768 4930 26525
ap 17
hp 375
 65535
ap 18
hp 63
t 10918 52738 29576 53081 54272 53953 53954 54677 53572 55123 56483 53020 13285 53172 54151 53726 53431 55240 36416 33036 52863 33760
hp 51
t 33317 10877 29238 13429 10710 11223 10204 15136 10207 14627 15141 13441 52713 28744 29595 36226 36396 13278 36399 29260 52721 13282 11074 13114 10055 16345 10057 36237 29098 29608 52899 10060 52562 13464 29446 13127 52737 52740 36251 10751 52744 13308 13309 12460 10590 12801 12802 52753 13144 12636 34056 29468 10259 16213 11284 52935 12985 13156 52936 11287 29138 13162 16223 13163 10957 29320 10113 10963 12834 36463 36465 29499 10969 13180 11481 3661 13351 52794 14035 12846 52626 14036 12847 36309 29339 14039 15060 36311 14041 33932 10304 34104 52806 36317 52807 36658 29179 16259 29689 29690 52811 36322 52812 36493 52985 10996 52816 36667 29357 52819 14060 12361 52823 11005 12876 36676 11179 10332 52664 52667 36518 13058 10169 52839 10002 52673 12382 52674 52845 12896 36525 12898 33980 10350 12901 53022 12902 16135 13756 52516 52687 14777 16308 52858 52689 12911 29231 12401 10872 9681 11041 13422 52862 10024
hp 40
t 49636 49680 29961 47132 48492 30684 66428 46964 31750 47136 49643 49686 46966 30095 50410 50411 50287 47058 47231 30529 32485 32274 47192 48128 50169 30536 49661 30750 47113 31261 50259 30455 49793 49794 49709 49838 49626 48523 31736 47207 49757 30893
ap 19
hp 376
 57078
ap 20
hp 377
 57343
ap 21
hp 378
 28607
ap 22
hp 379
 73702
ap 23
hp 380
 60664
ap 24
hp 65
t 14020 15551 14318 14276 54015 36506 36337 12579 53082 36422 52700 13898 36508 13815 36333 14836 14075 13310 36261 13353 15351 14331 13568 13610 53179 15142 14632 36520 36351 53393 10429 53396 36312 14043 55014 14044 13875 53145 36443 52977 13749 10478 36445 13753 12648 15326 12565 36492 52558 12353 10484 52814 36325 36326 13546 12696 14311 52817 52820 16357
hp 58
t 75393 70208 74883 53293 77350 75396 53636 53383 72594 53640 70385 70898 76678 54325 75235 76510 76426 69796 54667 76851 77533 53394 71500 53651 75241 77621 71502 75243 70317 72702 70240 55026 77723 72538 77043 77044 77045 77046 77047 76877 77048 53418 76369 77050 70165 53676 53336 70166 70680 70595 70171 75697 54872 77569 77402 71031 75535 53351 53437 77408 75708 70354 70611 77411 76392 54208 77330 53530 72656 70616 77587 70448 71218 70540 72667 70119
hp 42
t 76412 76498 34169 54998 75229 70044 75400 54236 76507 75404 75405 75236 76597 76599 75410 76261 75412 76433 75668 75414 75246 75501 77712 53401 75417 76267 34278 75503 75248 75418 54170 76442 54087 76444 18219 77719 71005 76445 76530 77382 76196 75093 76457 76542 76458 76543 53423 77309 53257 76207 76463 71024 76467 76383 72643 54793 54199 76558 53951 35508 72654 77329 75375 75802 76486 75211 73851 76404 76407 74367 54224 76495
ap 25
hp 97
t 28004 27919 21248 4460 44710 4420 4634 21253 21424 43524 5104 4638 5106 4469 44887 5363 21260 44252 4430 4388 5069 5027 4602 5154 45019 4475 27213 21264 44214 4434 21393 44131 26919 5076 572 44218 4736 44304 21355 21398 45028 5164 27988 4745 45035 4619 27271 42869 4747 42107 4755
ap 26
hp 92
t 19206 61281 37056 39862 61282 61369 19209 19210 37656 61371 19211 18109 18704 60867 19218 6385 61125 18710 37071 19222 18033 58069 18119 18714 61385 19227 19228 37164 60795 60880 61051 19317 37677 37678 19233 19318 18129 18724 60715 60885 19236 19322 19237 58507 61313 60888 18728 19239 60889 59360 37005 18730 60975 60891 19242 60892 59363 60723 37772 61318 61319 60725 61407 18737 37015 60730 18570 18740 58605 60732 60902 60906 37702 18832 61332 18578 18153 37024 37707 18582 19349 61425 18588 18079 61090 37715 19440 18591 36866 37037 37886 19442 19273 58543 18000 18765 61436 19277 19363 37638 19278 19448 61269 19449 18601 19281 19282 61188 61018 57874 37985 19200 18098 39859
ap 27
hp 47
t 74476 74437 55036 77774 55802 74546 56250 54572 75461 56123 56251 54277 74447 56150 74553 53494 75509 54770 74473 54882
hp 60
t 56223 56012 55631 54738 55633 55251 74801 55637 55638 55085 55045 55641 55131 54666 55134 55772 54626 55773 57092 55647 55137 54543 56243 54592 56122 13665 54551 54637 13667 55785 56169 54895 54598 55748 74448 54601 55750 55625 14104 13595
hp 39
t 74944 56244 55564 55437 56245 53463 55567 56178 55590 74100 74993 56232 55595 74550 74805 53279 55554 56278 75488 56153 56240 54860 55966 55734
ap 28
hp 85
t 59666 78196 65276 60007 60347 41649 23290 60011 60352 22612 78712 58652 22784 57975 22615 41825 78716 22619 22620 22790 60361 78382 22962 65123 22623 60194 22794 60368 59688 60369 59689 60199 22800 59521 60372 22632 22633 22974 22634 41844 22975 59525 22806 60377 59697 60207 60378 59698 60379 59699 59529 59700 22811 41852 22812 62592 65143 78403 65148 65149 59711 60392 78753 78755 60055 59546 59547 60227 60398 60228 41868 60229 60401 60402 60403 60233 58025 78425 60235 60406 60236 59557 41877 60408 78428 60239 41879 22840 78600 22841 60412 78432 78602 78433 22673 60414 22676 22847 22679 22682 59233 60084 22684 59234 22685 64845 65016 78447 60087 41728 59408 57708 22689 41900 78620 41733 59413 22693 22694 60095 41737 41738 60268 22699 78289 22702 22709 41750 41751 58071 41752 22542 41753 22716 58417 59778 59098 22548 58079 58759 57740 59100 60122 57742 59442 65224 59784 60294 59614 58424 58426 22556 65056 58087 65057 60127 65228 59107 59789 58767 22559 59790 65230 58428 64891 22566 59286 78666 65067 59968 59969 59629 81560 59971 78332 41784 65074 78334 59975 78335 78167 78847 78337 59808 57428 22577 59639 78339 22579 59984 22415 60158 57439 57779 22589 59990 78522 78523 60163 59993 78524 65264 59995 65097 59148 59999 60000 81761 65102 60003 78194 22604
hp 81
t 62046 44196 42156 42329 44200 44880 44540 42161 41992 27881 42842 43691 44883 45054 42843 44034 44378 44208 4428 42168 44889 44210 42850 44211 44212 43872 62064 44894 42854 44045 43535 44386 43536 44047 44217 44388 42857 43537 43538 43539 43540 43881 62072 4782 43542 44224 21275 26545 44226 44397 26546 27906 43888 44059 42190 62081 27910 26550 44402 42871 44912 27230 44404 20604 61914 61746 44236 42196 44237 27237 26557 44238 44239 44920 27240 44412 61922 62263 27243 42883 43565 44926 41358 42888 62101 43742 43743 42894 42895 27086 42897 62108 61769 62110 44260 42900 43580 62451 42902 62113 42054 43584 44266 43586 44097 62118 44098 43588 42739 61779 43589 62120 62122 44102 43932 42912 43763 43764 42914 44105 44106 42916 42917 62129 43939 62131 44961 43772 44963 61963 42923 44114 44115 44285 62136 43605 62137 44117 42927 42080 43610 44122 44292 44123 27294 44125 44126 27296 44127 44129 61810 42091 42772 44472 44132 44134 27304 62156 44136 42777 42097 44137 42608 44139 44140 42781 42101 44141 42782 44992 44993 44484 44146 44487 44147 44998 42789 42958 44151 45001 44152 43982 43643 43983 44154 43984 43814 28005 42796 45006 45007 44158 42458 45008 42969 65410 45011 27842 26652 42634 42465 27166 43997 42469 42639 42470 43835 43496 43836 43839 42140 27875 21400 21402 42483 42144 26674 44015 42146 61867 44868 44019 44190 43680 44021 44872 42493 42834 42155
hp 79
t 59668 61198 42499 22779 41650 65281 77866 60360 58490 65121 22622 22793 61893 65124 22625 59345 22795 22797 22968 22798 79069 22969 22799 41159 59350 61900 42692 59353 78733 60883 42694 42014 64965 65137 60887 42698 64968 41848 58680 64970 60721 59531 42531 41851 60551 64803 58682 58684 22645 42026 22647 42368 42709 59369 22649 42711 42714 41694 61416 41016 22657 42378 59378 62608 42379 22660 42721 41021 22662 60572 42043 22663 41704 61424 60405 22666 22837 22668 41709 22669 22839 64999 60070 65000 22670 61431 42392 22842 59222 65003 59223 22844 65344 59564 22845 42736 58884 59057 59907 61439 41889 23529 65520 42570 64840 41891 65522 59402 78612 42573 23535 65187 22687 65359 60599 59410 64851 78791 65021 78622 62133 65193 60093 65533 42413 59244 78794 78626 65197 78633 78634 22705 59425 60106 65376 60616 22707 41917 22878 59430 22880 22711 22712 22713 22883 22714 64875 22885 58416 59607 58078 60118 65388 22718 59440 22891 64882 58083 22723 22724 77974 64885 59615 64886 22726 64888 59109 64890 78320 22560 64893 78323 60303 64894 22564 78155 22568 78668 22569 41440 41101 60651 22572 59633 41785 59976 59636 22408 59469 22749 41619 78679 41622 78173 39416 22587 78008 41800 59140 41632 77843 59143 41633 23273 59825 41637 64928 41638 64931 41641 41642 59662 41643 60684
ap 29
hp 48
t 46916 31192 67276 47258 66214 66766 46920 30899 49939 30517 31410 30305 47775 47393 47436 46927 69070 46886 47609 68989 47951 30485 68950 66230 43322 45322 66657 31214 66829 30534 47280 47367 66662 47368 47284 45924 47200 47285 66921 49623 47286 66113 46905 65945 47415 46948 66967 47289 46869 66801 62425 47380 47211 46657 46532
ap 30
hp 64
t 77367 54162 33720 13810 70101 13768 70275 70573 14070 14049 12689 13902 33197 14540 53577 17219 17157 12866 14800 12463 14121 13356 33097 12613 13336 53435 12295 17289 54052 34185 13786
hp 62
t 12448 12364 53079 53080 15298 12537 12324 12538 52998 14834 13941 13644 12370 13945 56490 13990 12462 10762 53136 52711 13951 14419 33460 13995 36480 36271 52718 12897 53144 53017 13365 36656 56419 12474 53061 12476 50428 50386 52809 52724 15324 36447 52810 33856 33942 52643 57063 52728 36324 13247 13892 52730 52989 36329 52861 54562 53034 13169 36332 36502 36289
hp 151
t 9035 9166 32415
ap 31
hp 46
t 47150 31701 53123 30833 47919 67002 47198 49982 49813 46456 50239 47582 53149 49367 72748 67010 47206 30844 50415 47420 30378 30145 67248 67885 65867 73241 49931 8514 66358
ap 32
hp 381
 39865
ap 33
hp 158
t 13761 13783 13743
ap 34
hp 382
 52475
ap 35
hp 270
t 66658 67041 65766 67001 67196 67155 67262 67199 67157 68368 67179 67136 67180 66989 67139 68414 68287 72919 67249 67164 67165 67102
hp 283
t 22554
hp 165
t 32720 32041 8316 32065 32735 32353 32036 32091
hp 106
t 74796 74967 74116 74117 74968 74969 74459 74970 77690 74800 74460 74290 74461 74121 74462 74802 74293 74803 77694 74294 73784 74295 74463 74465 74125 74126 74466 74807 73787 74127 74808 77698 77699 74809 74469 74299 75150 74981 74810 75491 74982 73791 74472 74812 74983 74813 74474 77705 74985 54925 74306 74307 77707 74988 74990 74480 74481 74992 74312 74482 74822 74483 74144 74995 74484 74145 74486 74318 73978 74319 74493 74495 74835 74157 74159 74468 54785 54787 74470 54791 54796 56158 77579 53280 56171 77594 77595 74366 54817 53288 54818 53458 54819 54820 53460 53468 53469 74552 56193 56194 55006 53476 53479 53481 53482 53484 53486 53491 53492 54853 55025 54855 55027 77637 55028 54858 55029 56219 55030 77639 55031 55033 53503 77647 74762 74256 74257 74259 56242 74433 74434 74775 74435 74265 74436 74945 74946 74438 73758 74269 74440 74780 74781 74441 74271 74782 74442 56252 74783 74952 74953 74443 74444 74274 74445 56255 74276 74277 74958 74450 54730 74790 74281 74792 74282 74795
hp 78
t 41647 42498 42501 41652 41653 58995 41657 58998 41319 41320 41661 41663 44553 42004 42007 41497 42688 59348 42178 42689 22629 42179 42690 40990 42691 42693 42015 42697 42188 42699 42189 44400 42700 41341 42191 42024 27914 42705 43894 41515 61915 42706 41687 42707 42708 44408 41008 41349 42710 41351 64811 42032 42712 65492 42033 42372 42373 42034 42374 42035 42375 42036 42716 42037 41357 65327 41698 42038 65328 42377 59038 64989 41700 42040 42380 42381 42041 41020 42042 42722 23512 42723 41702 42382 42724 42383 42725 41705 41366 42216 41707 42727 59218 42730 42390 22671 65001 41372 42732 42734 42394 23524 42735 65345 23526 26926 23527 42568 65351 23532 62123 42743 23533 42233 42577 58048 62128 62638 42751 44962 42414 44964 42415 44965 44966 41397 44967 41567 65368 44970 44971 44972 43952 44974 41405 44975 41575 41748 41409 41410 41412 41413 41414 41584 41415 41587 41418 41589 61820 41421 41422 42104 42615 65395 41599 62680 42620 42623 41605 41606 41609 41780 41441 41781 41611 41782 41445 41615 41786 41787 41617 41618 41620 41451 41621 59472 41623 41283 41625 41626 22077 41627 41628 41629 41630 42310 41631 41634 41635 41636 41296 44867 41639 42150 41470 41640 45042 41644 41645
hp 259
t 72078 71738 67999 72419 76160 68001 68002 68006 71750 68011 67332 68353 68014 68355 71756 67676 71757 68019 67339 71759 68360 68020 67679 71760 67342 68022 67343 71763 68024 67684 65645 63606 67347 67349 68031 68032 68372 67692 68033 68373 67693 68034 68374 67694 68035 68036 67696 68377 63617 67697 68378 68038 67698 68379 63618 67699 63620 68381 63621 67701 68382 67702 68383 68044 68045 63627 68392 68053 63633 68054 68394 68055 68056 68057 67717 68058 67718 68059 68060 71460 67720 68061 68401 68062 68402 67383 63643 67723 68404 68065 64325 67726 68407 68067 63647 68408 67727 67728 68409 68069 67729 68410 68411 67731 68072 68074 67734 68415 68076 67736 62976 68078 63658 67738 71479 63660 67740 67401 67741 67743 65706 67749 67750 68431 67752 67753 68094 67415 67755 68096 67756 64357 68098 67418 67078 68102 67762 68103 68104 68106 63006 68107 67427 67428 67429 67770 67432 67772 67773 67774 67436 67776 67439 68119 68122 67442 64384 71864 68125 63025 68126 80026 67449 67109 67791 68139 67469 68151 68836 68839 67142 63075 71920 67841 68184 71924 67844 67845 71926 67846 67847 71928 67848 71929 67849 71930 67850 71931 67851 68192 67852 67513 67853 67854 67515 68195 67855 67516 67517 68198 68200 68201 68542 68203 67865 68206 67866 68208 68211 63797 68219 68562 68564 67884 68225 67545 68226 67546 68227 67887 67208 67549 67890 67212 65852 64494 68235 67896 68238 67218 68239 67902 67904 67565 67905 68246 67906 67907 68248 67908 68249 68250 67910 67912 68253 67913 68254 67915 68256 68257 68258 68259 68599 68260 67920 68261 67921 68262 67922 68263 63503 67923 68264 68265 67925 68266 67926 67587 68267 67927 68268 67928 68269 67929 63169 67930 68271 67931 68272 67252 67932 68273 67933 63173 68276 68277 67937 68278 67938 68279 67939 68280 67940 68281 67941 68282 67942 68283 68284 67944 67945 67606 67947 67608 67609 67610 67951 67612 67615 63195 67956 67957 67958 67619 68299 67621 68302 61843 71707 67967 67629 67970 71713 71714 67634 71715 68316 71717 71718 68319 67979 71723 67985 72406 67986 67988 67989 67993 68334 67995
hp 318
t 64061 64150 64724 64130 63365 79388 63366 64748 64749 64707 64733 63246 64735 63376 63377 64741 63382 63255
hp 179
t 29874 30001 30256 30215 29876 30178 30029 30032 29843 30226 31671 30014 8403 30015 29997 30382 31169
hp 331
t 69356 69016 69018 69190 69020 69533 69195 68858 68859 45910 67503 69033 69204 61894 66145 68866 68867 69548 69551 66832 61737 61739 69050 68711 69392 68713 68884 68715 68888 66678 68889 69399 68890 69570 68892 69062 68895 68897 69068 69239 68900 66690 68901 62441 66691 61761 66692 69243 69074 66694 68905 69585 68736 68907 66697 68909 69590 68911 69591 66871 69592 62453 61775 68915 66708 66709 68923 45973 69265 45127 61787 68757 69437 69608 68758 69609 69607 68930 69610 68762 69613 68933 45302 69614 68764 69615 69616 69617 68937 68939 69619 61629 69279 69281 66732 68772 66734 45146 66737 68778 69458 68780 68781 68952 68955 69295 68957 68787 45159 69302 47885 69305 68970 68800 62342 68974 68975 62346 66937 69487 68978 68980 68981 69321 68983 62353 62355 69326 66782 69335 69338 46050 69341 68663 27021 61533 68674
hp 294
t 64171 63916 63535 62982 63962 71485 68596 80752 63838 63414 64009 80756 64012 63927 64438 63587 64227 64142 72048 67586 75873 80718 63507 63890 72006 68140 72050 62744 64104 63935 64318 64066 63600 64750 62838 64028 64070 64113 63773 72104 63903 80860 64118 63948 63907 64119 63908 64121 64207 64122 64124 64039 64170
hp 169
t 48472 49126 48266 48276 49151 49130
hp 168
t 27356 26666 26964 27629 26647
hp 277
t 44026 43994 43848 43823 43297 43811 43769 43556 43855
hp 272
t 71056 69696 35016 70037 76837 70038 76838 70039 35019 71400 35020 76840 70041 76841 35021 71062 69701 76842 70043 35022 76843 35023 35024 71065 70045 71066 76848 76849 69710 35030 71411 35032 76853 35033 77534 76854 77536 76856 35036 71077 70057 76857 35037 76858 77198 77539 35038 76859 69719 77542 35042 69722 69723 71084 77544 35044 77545 76866 77547 70747 69727 35048 69728 35049 72450 35050 35051 77552 70073 69733 69734 70075 77555 70756 35056 69736 35057 69737 77558 72458 76878 35058 35059 77560 69740 72461 77561 35061 69741 35062 77563 70083 35063 77564 69744 69745 35065 70766 35066 69746 70767 35067 70088 35068 69748 69749 35069 69751 69752 71113 69753 69754 69755 69756 51401 69762 51403 69764 69767 51409 69769 51410 69770 51413 54134 51414 69774 51415 69775 51417 71138 51420 51421 51422 51423 70464 54146 72506 54147 51428 54149 51429 51430 70470 51431 51432 69792 51433 69793 51434 69794 69795 70475 69798 51440 70481 69801 51442 70482 51443 54164 51444 51445 70485 51446 69807 71168 51448 71169 51449 71170 72530 71171 51451 70491 71172 51452 70492 71173 51453 69813 71174 72534 70493 71175 51455 70495 71176 69815 71177 69817 71178 69818 71179 69819 71180 71181 71183 36163 71184 72544 71185 72545 72546 70506 71187 72547 69827 72548 72549 71189 70509 72550 71190 69830 71191 69831 54192 71192 71193 54193 69833 71194 69834 70514 72555 71195 69835 71196 70515 69836 72557 70517 54198 71198 70518 69838 70519 71200 54200 72560 54201 71201 70520 69840 70521 69842 71203 71204 69844 71205 72565 69845 71206 54206 69846 71207 69847 72569 71210 72570 71211 71212 72573 71213 69853 71214 77333 72575 71215 69855 71217 71219 71220 77341 77343 69864 69867 77348 34508 35189 34850 71231 70552 71233 72593 71234 71235 72596 77357 69880 69881 69882 69693 34863 70563 69883 70566 72607 69694 70567 71248 72608 70568 72610 70571 69695 69894 69895 77375 72617 70917 77377 72618 69897 69899 70579 34880 69900 77381 34883 72624 34884 34885 69905 34886 69907 34888 72629 77389 34889 72630 77390 72631 77391 34891 72632 34892 70592 72633 72634 70594 72635 69915 72636 34896 70596 69916 70597 34897 70938 71278 34898 71279 70598 33198 70599 34899 34900 70600 34901 35014 70602 34902 34903 34905 70605 72646 70606 35246 70607 72648 35248 34909 72650 34910 71291 34911 71292 71294 69936 69937 72659 70619 69940 71302 70622 69942 34924 69945 70625 69948 70628 69949 69950 69951 34931 70632 36636 70638 34938 70640 71321 70641 70642 71323 34943 71327 36648 69969 69971 72692 71335 51277 70658 51278 69979 72700 70660 72701 69650 69992 71354 70675 71356 71016 34976 34986 71368 71029 71030 71371 70013 71377 71378 71039 71380 69681 69682 69684 70024 69685 70025 71046 70026 76828 71048 76829 71389 71049 76830 71390 76831 71391 76832 69692 70032 76833 35012 76834 76835
hp 112
t 75220 75055 77010 75651 77607 75398 75568 77014 77609 75230 77611 77017 75232 75573 55004 77019 75234 75065 75575 75067 75579 75580 75240 75666 75581 76262 75582 75583 76434 76435 75755 75245 77116 77796 75077 76438 79754 75249 75250 75676 76696 75251 77037 75678 77124 75086 75256 75257 75685 77301 75687 53333 75689 75690 75181 75692 75522 75693 75694 75524 75100 75525 75696 75527 75528 76464 75529 75700 75530 75701 75616 75702 76297 76468 75618 76469 76470 76471 75621 75707 75622 75623 75709 75624 75539 76476 75711 53271 75626 76477 75627 76478 75628 75629 77755 75545 75631 75037 75632 76993 75040 75635 76995 77591 53368 75130 53290
hp 171
t 47937 46577 46918 47939 46579 46919 46921 46923 47945 47607 47608 47948 46928 46589 48294 47615 47616 47960 46940 47282 46942 47283 47623 48303 47964 46943 46606 47287 46947 47968 47288 47628 47970 47971 47631 47292 47973 46953 47974 48315 48317 47980 47981 46961 47982 46962 46963 46971 46972 48334 47656 66699 46982 47672 46992 46658 47005 46666 47006 47007 46667 47010 47018 47020 47360 47021 47361 47362 48274 47023 47363 47364 47024 48046 46688 47028 48388 47369 47029 46689 47370 48389 46690 46691 47030 47372 46692 46354 47715 47375 48056 47377 48058 48398 47379 47381 46701 47384 46365 48406 48407 47391 47394 48414 47395 46715 47396 46377 47398 46378 47059 48080 45703 47406 47407 48427 47748 47749 47070 31771 47413 48096 48097 49120 48440 47421 48104 47425 47426 47427 47088 47429 46752 46753 46755 46757 46758 48120 48121 48122 47783 46765 46767 47107 47448 47108 47450 47455 46776 47457 46777 47117 47458 46778 48481 45764 47126 47128 47469 47470 47471 47131 48155 46795 46457 46458 46802 47487 48168 45788 45791 46471 46473 48514 46135 46815 46476 46478 46138 48190 47171 46832 46496 45137 48198 46501 46844 48214 47875 48215 66235 47877 47879 46861 46863 47203 46864 47204 47886 48226 47887 47547 46528 47209 47210 46870 46873 48234 46874 46534 46876 47896 47557 46537 45517 46877 46878 46539 46879 46540 46541 46543 46544 46884 48245 48248 46888 46548 46549 46889 47910 46550 46890 46551 47572 48252 47573 46895 46556 46896 46557 46897 47918 46558 46898 47579 46559 46899 46902 48262 47922 46903 46568 46910 46571 46912 46913 46914
hp 267
t 71736 72077 71737 72418 72079 72081 72421 72422 72083 72424 71745 71746 72426 71748 72428 71749 72090 71751 68352 71753 68354 71754 68356 68357 76177 68358 71758 68359 68361 68362 68363 68365 68366 71426 71766 68367 71428 67348 68370 68371 72113 68375 67355 71437 71439 72121 68384 68386 72126 68048 68049 67373 68398 72139 72481 71461 72482 72485 72486 67389 71469 72491 67391 72492 71472 68073 68413 68075 72495 68416 68079 68419 68423 68424 71484 68426 72507 71488 68432 72512 72514 67079 68442 68443 67084 67085 67086 68446 72187 68448 68449 68450 68451 71511 72191 68452 68453 71513 67093 68454 72194 68455 71515 72196 68456 68457 67778 67098 68459 72199 67780 72200 68461 72201 68462 72202 71523 68463 67103 71524 72204 71526 72210 71530 67790 72211 71531 71532 72212 71533 71534 71535 72215 68478 72218 71880 68480 72222 68482 72223 68488 71888 71889 71549 67129 71890 72231 71892 67133 71554 72234 71896 68497 68498 71559 68499 72240 71900 71560 68501 71561 72241 71562 72243 68504 71904 68505 72245 72246 68506 72247 68507 72248 72249 68510 71570 72250 72251 71911 71572 72252 72253 68514 72255 71577 75999 71919 76000 71583 68524 71925 76006 71927 68528 67170 67171 67172 71932 68532 71933 67173 68534 71935 72276 68536 67857 68538 68539 68540 68543 71604 68544 72285 71606 71607 71608 68549 71609 67869 68550 71610 72290 67871 68553 71613 68554 68555 67876 68560 68561 67204 72305 68567 72308 71968 68569 67209 72310 68571 68572 72313 72315 68240 67223 72328 67909 67911 68598 70978 72338 70980 70981 68605 68606 70989 72349 67251 72351 67253 67254 67255 67256 67257 67258 72018 67259 67260 67261 72361 72023 71685 68285 71686 71688 72028 71689 72030 67277 71698 72379 71700 72041 72042 71703 71705 71706 72390 72391 71719 71722 72062 71724 72064 71725 72065 71726 72068 72069 72409 72072 72073 72074
hp 177
t 32040 48871 32126 32212 30682 31957 30513 32553 32043 48363 32045 32131 30177 32047 32727 48879 32559 30690 32732 30013 32054 47015 30610 32482 32057 47019 32037 8346 32063 32064 29855 32405 32151 32066 29858 29860 32750 32070 30030 32752 32753 32073 32754 30714 32160 32757 30038 32080 32591 48572 32082 32084 32596 32002 32599 32089 32684 32602 31923 32350 31846 32719 32613 32528 32614 31849 32615 32020 32617 32704 32195 8396 32366 30677 30668 32114 32709 32200 32029 32030 32710 30671 32711 32628 30503 32203 32373 48864 48525 32545 32375 32546 32547 32717 32038 48189 48359 32550 32125
hp 231
t 50741 52101 49307 50689 49383 73609 49384 49363 49376 51109 52098 52109 50739
hp 339
t 36446
hp 332
t 73606 47174 47344 47345 50065 47346 50067 30942 47347 30943 50069 30944 47181 50071 65967 73448 47184 47185 73365 30950 47270 49991 47188 73284 50164 47274 50080 30955 66315 49995 73287 30958 73458 50086 30962 50002 50174 73295 50090 73466 50007 50009 73386 50096 47208 50098 50014 30974 73220 50101 30807 73222 47299 47130 73225 66000 50106 50021 47217 73483 50109 50024 73229 50026 73232 49433 73576 66353 47313 50035 66356 66357 66188 73243 66359 66190 66531 30917 66022 30918 47238 47323 66363 47239 66619 50045 47325 47326 47327 50047 47243 47244 70195 47246 47416 30927 30928 66543 47249 65949 48099 47334 73260 47336 47252 50057 73263 47254 50059
hp 80
t 77856 59156 64939 60010 59159 60353 79053 65283 78714 60016 59336 22617 78207 59678 78718 22788 78719 58829 64780 41662 78723 64953 60365 59346 59347 65128 60028 59863 59355 77885 59527 65140 59701 22641 23491 64802 59362 59194 65146 58008 59708 60558 59709 60733 59544 60395 60565 22661 23513 77913 60404 60234 22665 78084 60407 22667 63809 59559 60410 77920 60240 23521 64832 23522 60413 77923 23523 78603 59227 78608 78609 78270 78610 59230 78611 59062 78784 23534 78615 78107 65018 65358 65189 78789 78621 78112 59242 78113 78793 65363 64854 78623 78795 78796 78797 65199 78122 78632 77953 60104 59764 78124 64525 41745 41235 59255 78804 59427 78807 64869 64870 60280 78640 59431 22881 78132 78811 60113 78133 78134 77964 59435 22545 64876 22546 78647 78819 22549 64880 64544 78654 59445 22557 78657 65229 78150 59791 22561 22732 78662 22053 41604 60135 78325 77985 78836 60306 41777 41607 78667 65239 78159 41610 78161 60142 41612 59803 60143 78843 41614 78675 59806 65246 41616 78678 22920 59640 22580 59134 78175 22586 22927 59138 78180 59991 78012 59992 59823 64925 65266 64926 78188 78189 60169 78190 65270 78191 59151 65272 22774 78195
hp 247
t 65491 65474 62840 62924 62841 65476 63139 62928 65480 62930 62931 62932 62933 62637 62639 61811
hp 119
t 35717 77496 77094 54018 77074 77244 53275 69786 77097 77203 53256 53342 76803 53417 77128 53626 77192 77108 77619 77195 53269
hp 295
t 34166 17846 34167 16997 34168 34510 34171 34172 33494 33154 17174 17686 33497 17687 18200 17690 33841 34522 17692 33503 14464 14634 18375 32826 15316 15317 18378 14472 33852 34193 34533 33855 33345 18217 14647 33347 15328 34200 18221 33351 17711 18222 14483 33187 33527 34208 18398 34209 33360 34212 33532 34214 33195 33199 34221 18246 18416 15358 18421 33216 14346 33218 77079 17749 33220 33390 18261 33902 18263 34246 34249 34250 33231 33401 17421 34252 14361 34253 14364 34255 14365 15045 34257 19637 17768 34260 33240 33241 34261 33411 18283 34094 33414 34265 34434 34436 34267 14378 34269 18293 34274 33594 35464 18294 34165 14726 17446 34446 34447 35298 17448 17108 15068 35471 33432 34284 17794 34285 17114 17455 17797 17117 14398 33439 17120 5900 18312 33442 15082 16783 17125 14748 34639 19000 33451 33454 18326 33458 34139 19690 14592 18334 19694 34144 19695 14765 14766 33471 14602 14603 18344 17669 34160 18351 33482 18353 34163 18355 33485
hp 249
t 33486 33146 33487 14617 17848 14618 17849 33823 33830 17850 14620 33492 17682 33493 33824 33495 34175 35365 17005 17855 33837 33327 33498 33838 33499 33500 33840 33501 33502 33842 35372 33843 33504 33845 35375 15315 33846 18376 34187 17696 33849 33511 17702 33513 34194 33514 34195 34197 33858 33859 18391 34714 34206 17206 15336 34207 15338 6669 6840 17212 35402 14665 33366 34217 34218 33368 35408 18408 33369 35581 33881 33371 34051 34562 35412 33883 35243 35413 33373 34564 33374 35414 34225 34227 34567 35418 33889 18419 35420 33380 18420 35421 34061 33892 33382 34062 34742 35423 33383 34572 33384 34235 34744 35425 34575 34576 35426 18257 35427 33387 14348 34579 18429 34580 18260 14690 18430 18262 14692 35433 33394 17416 33396 18267 17417 33397 18268 33398 18269 33399 34080 18271 34591 34081 35442 17422 33403 17423 35443 33404 17763 17084 14705 34595 14706 17766 33407 34258 34088 33239 33410 17437 34098 34270 14720 18292 17442 14723 15063 19654 33258 35469 15070 33431 14731 17111 35472 34113 33434 34116 33436 14396 33437 5896 18987 33438 34120 33440 18311 33441 6753 33443 35483 17465 34296 33446 17806 34127 17127 33448 34129 33449 17470 34131 17131 34132 33452 19005 14756 34136 33456 33457 33459 18330 33800 35331 33801 18332 34142 14593 35333 16974 14594 34145 17145 33976 33806 17146 14598 33978 34659 35509 33809 35341 33811 33472 35343 35513 14604 34154 18345 35515 5766 18346 35516 33816 34157 33477 17668 33478 18348 33479 33480 33481 18352 33142 33483 33484 14615 33825
hp 218
t 10961 10876 11007 10944 10393 52746 10693 10736 11044 29587 29588 10740 10698 10741 10700 10615 10403 29613 10616 29530 10617 10915 10874 10704 29511
hp 265
t 35951 35913 51000 51001 35915 52620 51005 36517 52243 33927 36224 35842 35844 35847 36233 35937 35852 36192 36278 36193 36576 35939 35854 35940 36578 36281 35941 36283 36198 36199 36200 36287
hp 307
t 14600 14775 17204 14659 17018 14641
hp 98
t 75391 80831 80832 75394 75395 64093 75401 75572 80673 75406 75576 75408 75238 80679 75494 79661 80768 75671 79666 80517 80857 75247 79667 80773 75761 80352 76699 64205 75172 76703 75258 75089 75135 80785 64040 80192 80787 75432 80872 76453 80790 80878 80795 75441 75358 64053 80887 80717 75617 80803 75706 80806 80721 80812 75289 64240 80731 75462 79457 79372 79543 79373 75379 79459 79374 79545 79375 75466 80821 75382 76318 63399 79379 80400 75300 79380 79467 75387 80828 75134 80829 79384 80659 80830 80405
hp 76
t 41306 41307 61622 62138 41314 41654 42674 41229 65457 61717 41317 41321 41322 65462 41408 61808 41324 41239 62659 65379 41241 41327 61815 41331 65472 61903 41334 41419 61819 42696 41336 41251 41337 41252 41678 41339 41340 62677 41258 65313 23494 41430 62595 41601 41602 62683 65489 41435 62261 62612 41278 42045 62702 41282 62109 41285 41287 41290 64837 62117 41463 42227 42398 41293 41295 41468 41469 65524 61869 41300 65355 42576 62807 65530
hp 257
t 51634 70844 51635 51337 51552 51467 51553 51554 51469 34852 35064 51555 34895 70467 51471 51643 51388 51474 51517 34857 51389 69963 51475 51647 51350 34478 70097 70439 51614 51615 70442 70318 51621 51579 35855 36110 51241 36195 70494 36197 51243 34881 51244 70456 51632
hp 105
t 80066 80236 75987 80067 80237 79387 80238 80239 75990 80581 75992 75822 75993 64603 75994 75995 80247 80590 80252 72094 80256 80596 76176 80597 80088 64107 76178 80089 80259 80090 75840 80091 80092 76012 75842 76013 76353 76183 76014 80262 80605 80265 75847 75848 76188 75849 76189 76021 75851 76191 80271 80272 80103 80104 80105 80106 75856 80276 80107 76197 75857 80108 80278 76198 75859 76030 80620 76031 75861 80283 76204 75864 76375 80285 76205 75865 75866 75867 80628 76379 80799 80629 80291 76552 76554 76215 80637 80638 80298 80639 80131 75985 80304 80475 76225 79456 80305 76565 75886 80647 80309 80820 79462 75552 80484 76405 80315 80656 80658 80151 75734 80156 80666 80667 80328 80502 76254 63505 64014 80507 80168 80339 76259 63510 80064 80681 80512 80852 80513 80174 80344 80684 76605 80685 76606 80689 76440 80692 64204 63524 80695 79507 78831 63532 76452 80362 80533 80363 80875 80536 80876 80537 75777 80877 75778 75779 75781 80371 75782 80545 76128 63888 80548 75791 76132 75963 75454 79536 80216 80217 75968 63728 79539 76482 79542 75972 79544 76484 76144 63565 76485 63734 79546 80226 80566 79547 63567 63737 80737 79548 80229 63739 76492 75984 80235 80065
hp 333
t 66720 65956 69612 66213 66298 66129 65962 66728 66219 66729 65964 66220 66136 66731 66222 69623 66733 66564 66225 69540 66735 69541 66736 66143 66738 66739 66571 66146 66742 66828 66914 66659 69380 66660 68958 65953 66154 66665 65986 66752 65954 66754 65905 66160 66756 66162 66675 66166 68972 66082 46621 48067 66087 68893 66173 69319 69574 69322 66773 46629 45101 69071 69583 68904 69584 68928 66696 47233 66613 66953 68739 69505 66192 66703 69594 66705 66621 66791 65942 65943 66878 66793 66114 66115 66710 66201 66116 66202 66797 46652 66798 45124 66799 69605 65951 66717 66208 66123 66718 66209 66124 66210
hp 69
t 30086 29577 28728 30257 30090 30435 29586 29078 29248 30099 29249 29251 29082 28742 11234 29255 30447 29257 30108 52888 29258 30449 29259 29430 30451 30111 30452 29264 29436 29437 52727 29099 53069 30120 29100 28929 29101 30463 29273 30124 30293 29274 29112 29962 30302 28942 30136 30137 30139 29121 30143 28953 29804 29633 29635 29806 52926 29636 29295 31678 30320 29471 30321 30322 28794 29475 30325 29137 30327 29308 29989 29140 29310 30330 30331 30332 29143 30333 30335 29146 29670 29505 30018 29170 29174 29344 29177 30368 29349 30370 29351 30031 29183 30374 30375 30036 30376 29697 30379 30039 29704 30046 29538 29878 30048 30218 29879 29709 30052 30394 30054 28694 29715 30057 29208 29717 28697 29721 29382 28703 29384 29385 29387 30073 10357 29229 30080 29402 29063 30424
hp 115
t 81340 73777 80918 81004 80921 75141 80922 81178 81263 80924 74124 75145 73873 81013 73790 81867 80934 74050 80935 81616 74052 81192 80937 80939 80941 80942 81198 74058 81202 81287 74065 74746 74067 81292 74069 74070 74072 80959 80964 74081 73742 73743 74168 81904 81905 73745 80970 81906 73747 81909 73749 80915 81910 74091 81911 73753 80897 80899 81154 80984 81155 80985 80903 81329 74105 73766 74531 80908 81248 81333 74109 81249 80909 80910 81250 81335 81251 81336 81167 81252 81339
hp 173
t 31023 30197 30261 31048 31093 31074 31012 29887 30269 30270 29846 28911 31462 31143 53137 30698 29786 30700
hp 290
t 77342 54202 54197 70512 54161
hp 315
t 81383 57499 81725 81385 81726 81386 81727 81558 81350 58232 81395 81396 57472 57473 81360 57475 81701 81235 81617 57648 81619 58330 81365 81366 57483 57654 57484 81541 57656 81754 58337 58341 81717 57494 58347 57497
hp 176
t 29810 29789 29875 29790 29813 29856 29239 29814 29857 8692 29815 32726 29921 29817 32687 29819 32625 32731 29778 29821 29800 29823 29803 29889 29890 29872
hp 100
t 75139 75225 54996 53296 53297 53637 53298 53299 54999 53639 53300 73785 54831 53642 55002 53302 75574 55007 76937 53308 75237 53309 53310 53311 75072 75413 77794 75244 75075 55015 75161 75672 55017 75419 53405 75506 75169 75426 54943 75173 75091 77302 53420 75439 53254 77649 53424 75695 77650 75612 75698 75613 75699 75532 77574 53350 77577 75458 77584 75206 75463 75209 75128 77764 75470 77768 75471 75386 76406 75132 54988
hp 219
t 10960 49722 10370 52702 10968 53129 10970 10971 29504 29506 29338 29509 52714 29510 65723 52889 52719 29176 29516 29517 29518 10988 29688 10989 10742 10657 10743 10913 10744 29529 53159 10745 29531 29616 10747 10493 52909 52910 52826 52741 49853 29623 52743 29455 10415 53086 29626 10588 53174 52834 53175 29546 29035 52836 52751 29547 52837 52844 29555 28876 52847 10602 29473 29474 10945 49705 10947 52685 10695 10950 52856 10951 10952 10953 53029 10954 10955 52691 10701 10956 10702 10873 10619
hp 291
t 49380 52100 70206 49381 49296 50742 52102 49382 52103 70890 73610 52105 50746 52106 49387 52958 52108 50748 70895 52110 52111 49306 50841 30357 50672 51617 50942 70152 51625 73641 51627 50693 51630 51460 70160 70161 50696 50697 70163 51549 50699 30388 50706 52067 50707 70173 50708 70768 51560 50796 73662 49353 30149 50976 51571 49361 51572 51574 51831 51918 51834 70194 49287 70197 73172 49372 70200 70201 52096 50736 52097 70204 70205
hp 226
t 54608 55034 54906 54610 54993 54953 55039 54911 54955 54786 53301 54745 55001 54789 56109 56152 53306 54624 54625 54837 54541 53267 54627 54797 54628 54884 54799 54928 56246 56247 54633 54933 81325 54934 55020 54850 54893 54894 54852 54938 56170 54896 54726 56172 54941 56131 54942 54645 54688 54690 54902 54946
hp 314
t 81534 81618 58286 81620 81621 81453 81623 74740 81455 58272 81626 81265 81266 39087 81567 81482 81631 58278 58279 81444 81551
hp 317
t 14360 14700 14446 14363 14534 17255 14450 17170 17172 17261 32901 14457 14372 33754 14545 33418 32909 32910 14380 14381 14555 32916 33767 14728 33089 16857 33092 16859 15074 17709 17200 14735 14481 17796 14736 14738 14486 33101 33272 17207 32847 14403 33276 33701 14662 14494 14751 33791 14411 32774 32946 32947 14417 33034 32973 33120 14421 33121 14422 33548 14423 14424 14339 33635 33125 14596 14425 33127 14427 14513 14428 33043 14343 14769 56929 14515 14770 14516 40696 33726 14517 14431 14432 14772 14774 14349 14689 14520 14435 14521 14436 14522 14437 14523 14439 14694 14440 14441 14356 14527 14442 14697 14359 14445
hp 319
t 61706 68677 61456 68681 68767 68682 61542 69193 61883 61543 69194 61544 61800 69025 61545 68856 61801 61462 68774 61465 69200 68775 69030 61466 68776 61551 69202 68777 61892 61552 62403 68693 68948 68779 68610 68951 69036 68953 62408 69038 61560 68702 61563 61736 62417 61738 62418 61484 68710 68628 61743 62424 68714 68630 69312 69314 62429 68635 61750 62430 62431 68977 69318 61584 61585 68642 61588 62440 69244 61764 69330 61597 61938 61599 61770 68910 68655 69336 61857 61858 61774 62458 61524 61864 61441 61611 62463 61613 61529 61615 61616 61872 61617 61448 61789 61704 61450
hp 123
t 79471 80321 35659 75440 76672 75271 76632 75272 75273 75274 75445 75360 75446 76721 75276 75447 75362 75277 76680 75363 75278 76681 76724 75279 75450 75365 79360 75451 75366 76683 80424 79447 75280 79660 79406 76729 79449 79450 76730 76731 76689 76732 76690 76733 76691 76734 76735 76693 76694 79630 76722 79463 79378 76701 79464 80738 80399 79466 79424 79468 79639 75433
hp 235
t 54544 54459 54460 54528 54550 54553 54534 33348 54535 54537 54538 54453 14610 54539 54285 54540 54371 54455 54286 54712 54457
hp 225
t 35196 70450 70441 70293 35199 35167 70433 51468 51620 70128 70299 70906 70237
hp 248
t 68251 63746 68252 68847 67487 68508 68083 67914 68509 68255 67490 63752 50152 67408 67154 67410 67330 67333 67505 68440 67335 67507 67422 63002 67168 68274 68529 67425 67340 68105 67426 67341 67512 68109 68364 67175 68110 67431 67091 67177 61567 67518 67178 67263 67519 67433 71600 67350 63186 68116 63018 68205 67525 63020 67188 67444 64470 67190 68380 61665 67445 67447 61667 72208 68043 67535 71615 67877 68218 67453 67457 68052 64397 64398 68224 61510 67460 67886 67207 68397 68228 64403 68229 67464 68824 68230 67210 68400 67127 67468 68403 68063 68234 68064 72229 67470 68405 68236 68406 68066 67217 68237 68493 68068 67048 68833 67049 67220 67134 68070 68834 67474 68071 68835 68495 68412 68752 67475 68158 67481 67482 68077 68844 68845
hp 172
t 29256 31616 31628 30268 31663 31623 30263 53173
hp 323
t 60183 81860 81184 81185 78551 81871 79832 78897 78557 81876 79157 81878 79160 79587 78909 79166 79167 78918 79854 78921 78582 78924 79010 81051 78926 78927 79098 79099 78930 81057 78338 78424 81230 78935 79108 79023 79109 79110 79025 79111 79026 78941 79112 78601 78942 79113 79028 78943 79114 81069 79200 59565 79031 78946 79118 79119 79205 78865 79036 79037 78952 79123 79038 80992 79211 78361 79809
hp 256
t 34612 33167 35482 33529 35505 34273 34616 34106 35466 34620 34621 35473 34264 34286 34244 34435 35498 34287 34590 34204 35479 34290 35459 34694 35460 34271 18418
hp 178
t 47532 30979 50402 31469 31067 31174 30772 31643 31708 31221 31606 31053 31734 31352 31183 47844 30759 31057 31717 47528 31463 31059 30613 30762 31062
hp 279
t 41624 41565 42500 78788 41376 41773 41143 41424 41425 41426 64993 64889 41323 41260 41261 41240 41305
hp 321
t 35698 14443 32810 35700 32811 14621 32812 32813 15305 14461 17691 34352 32823 14465 34525 17695 14466 33168 14468 14469 14470 14640 16851 32832 33172 14473 33174 32834 16854 14475 34366 34537 14477 33178 14479 32839 14480 33180 14650 14482 33182 35732 14484 14654 33015 32846 14487 33017 34549 16869 14491 16871 33193 34554 14495 34556 33706 32858 16878 33030 33201 33372 33204 17904 16714 16715 17906 33716 33038 33209 33210 14340 34401 14341 14514 32874 35764 33215 17916 33386 33557 14518 14688 35768 32879 14691 14351 14524 33564 35775 14526 14528 14529 17760 33574 33576 33577 14367 14538 14539 14369 34262 14375 14716 33247 33248 14721 33592 17101 14382 33253 33593 14722 33595 14725 33596 14388 14729 33260 14389 14730 15071 33266 33267 18307 14737 33268 15077 33098 14741 14742 14402 33105 33277 14747 15087 33108 32768 57080 33281 33111 32771 33113 19004 33455 33115 33116 14418 33118 33119 14590 14420 33122 33126 35677 14768 14599 33130 33131 34323 14773 14605 33475 14606 34326 14776 32796 35688 14778 14438 18178 17159 14780 14611 32801 14783 34335
hp 246
t 64139 64873 63257 63236 63428 64959 63350 64526 64835 63411 63347 64698 65188 64954
hp 113
t 76836 76839 75650 77011 53381 77015 77016 76336 76847 53561 76345 77033 53404 76865 53406 76869 76870 76875 76876 53416 74837 75688 76879 53252 77053 53425 53427 76210 75703 53263 72134 76217 77242 77586 77077 77247 75038 77588 75039 77589 53449 77763 75555 72155 77596 77597 77258 77598 77599 75051 77604 77605 77606 77266 75058 77268 77100 75060 77101 75742 74892 75064 74894 74895 77786 77277 77278 75749 76938 77279 75750 77791 77111 76941 77792 77114 53314 77115 77629 75760 77289 77630 77291 77122 77631 75763 77633 77125 77126 77127 77297 77638 77298 53329 77299 77130 53330 77300 77131 75771 77132 77133 77303 77644 75775 77646 77307 77308 76800 75614 76805 76806 77146 76807 76808 53688 76811 53352 76812 53353 53355 75625 76816 76817 53358 76823 77165 76825 76827 69858
hp 234
t 55926 54736 56097 55758 55674 55759 56100 55676 55166 55677 55167 56102 54742 55679 55084 54575 81435 54917 55937 54747 54918 55938 81524 54919 54750 55941 55770 54921 54751 74217 54923 54924 55181 55776 55777 81533 55778 54929 56119 55950 55779 55781 56121 55782 55103 55783 56124 55786 54597 55787 55788 54768 55620 55621 55791 54602 55112 54772 55623 54773 54774 54777 55799 55120 55121 54781 55294 55634 55635 55636 55126 55806 55042 55127 55044 55129 55130 54536 55222 74178 55138 55055 55140 55057 54547 55058 55060 55061 55063 55148 55744 55149 55150 55066 55151 55749 54731 55241 55752 55669 55670
hp 68
t 49721 31021 49723 49298 28898 50404 28899 31535 53124 30260 53125 50405 31621 31026 53127 31622 31028 31624 30264 53130 31711 30266 31626 53132 31627 53133 53134 31631 31632 53141 31041 50422 49828 31043 31638 49830 31216 49831 31046 31559 49494 31644 49836 31052 31732 31648 49839 49499 31564 31054 31225 31565 31735 31226 31227 49673 49674 31614 31660 31661 31662 53168 53171 49772 30225 49690 30481 30228 31079 49779 49440 30486 30996 30997 31168 49616 31001 31002 31089 49704 31004 29220 31090 49621 31687 31605 31520 30926 31607 31522 31097 31609 49714 31611 31101 49716 31612 31698
hp 324
t 35356 34592 34082 35357 34593 51763 34594 51764 35359 34085 34680 34596 33406 34766 34173 33833 34174 51769 34176 51092 35367 34605 35370 34606 34691 51097 35972 34697 35463 34698 35378 35380 71420 33936 33426 34787 35382 35467 34788 35384 51111 34706 35388 34199 34624 35389 34115 34796 35391 34629 34799 34630 34800 34717 33357 35397 33358 33869 34634 34124 34635 34125 33531 33871 34126 34637 34297 34807 33533 34638 33363 36000 35354 34049 34560 33880 33795 34646 34135 33797 35923 35329 34224 17140 35415 34566 34055 34141 34057 34737 34058 34059 35335 34740 34571 33891 35336 35506 33977 35338 34743 33979 35339 34660 34745 35342 34067 34749 13160 33815 34581 35517 35348 33818 35349 34159 35519 35351 34076 35352 33908 34758 52439
hp 84
t 57796 65107 81597 60008 58308 22778 78711 57972 58992 57462 78713 58994 57805 57976 57636 58997 78717 57807 60188 57808 57979 22789 59850 57981 58150 22791 60362 22624 59004 57646 60196 57816 22796 60197 60707 59007 57650 59520 57652 57653 59523 57823 60204 60205 59526 61397 59357 61398 22639 60210 58510 57661 65142 58342 58683 58004 64974 65145 59365 60895 64975 57495 57665 65147 57667 60557 57668 57498 58010 59710 65150 57500 59370 57501 60731 78751 58182 57503 57675 57845 59545 78756 61417 57847 58187 58358 58019 57509 58020 59040 57510 57511 57512 57683 58364 57854 59556 57516 57518 59049 78599 81662 59566 57697 57527 57698 59399 81669 58889 57700 57530 59061 81671 81672 59063 57533 57535 59066 58386 57709 57710 59411 59072 59073 57715 81855 59075 57378 58398 59418 57379 78119 59080 59421 59422 78635 58066 57556 57387 81527 22708 58068 59088 59089 58410 59090 59091 59432 60282 78302 78813 22543 58074 59434 81364 58755 60116 59776 22886 58077 58926 58756 58757 59097 59099 57739 39889 58589 58420 22550 58590 22551 58082 78652 59443 58764 58425 59105 58765 58766 81549 81379 58090 78660 65231 78321 81381 57413 65064 78324 22565 57585 59116 57587 58098 59118 58099 59119 57420 60141 58102 59632 78163 81563 22573 57426 59126 22576 22917 59129 57430 81570 59130 22581 57601 22922 22582 58962 57602 57603 59133 59135 57606 22588 22590 60162 57612 78183 65093 60164 57613 58973 57614 57784 57615 57446 57616 60167 58977 81757 57617 22768 64929 57959 23279 65099 57621 60172 60174 81764 60175
hp 296
t 63406 78706 65106 65108 63323 64683 65195 65110 64005 65111 80754 80840 64010 64605 63416 65118 78721 80761 80763 64615 78131 80767 64958 80770 79725 78817 79327 65136 64032 65141 64036 64547 64038 65144 65059 77979 63360 63361 64552 63362 63363 64043 80534 64044 65063 64725 65065 65151 80706 64726 80792 77987 64048 80539 63368 63369 64049 64050 63370 64730 65070 64052 63372 78758 65073 63373 64054 80800 63375 65075 80802 64057 63379 64060 63380 64740 78681 78767 64062 63383 79363 63384 63385 63386 64746 63387 79540 64751 65092 65095 63396 65184 64930 65185 65186 78108 64934 79469 65190 65105
hp 308
t 81087 73778 81258 74119 81430 73780 81268 73788 73789 75489 75492 75493 81785 75495 74475 79067 57478 57479 81451 73803 81454 74146 81293 81294 73985 80955 74668 81300 81644 81647 73999 81310 74171 81311 81486 81827 74008 81320 74016 74017 74019 74529 81330 81331 74022 74704 74027 81337 80998 80999 81684 81685 81177 74719 81692 81865 73875 81697 74048 81698 81700 81872 81193 81703 81194 74054 81195 74055 81875 81196 74056 74736 81367 74738 81708 74059 81709 74060 81540 74570 74061 81370 74741 81711 74742 74062 74063 74743 81712 74064 81882 74573 74745 81372 74574 74066 81375 81036 81887 74237 74068 81718 74238 81382 74073 74583 74074 74075 81045 81730 73741 81732 74592 73744 74085 73746 81907 81908 73748 81741 81742 81913 81743 73754 74095 81406 81408 73759 81919 74101 74102 80906 81246 74107 73768 81078 74110 74111 80912 81085
hp 198
t 39903 61368 61327 58607 39866 39781 39867 39230 39868 58611 39914 39746 39877 39878 39921 39879 39922 39753 39923 39796 39883 39926 39248 58586 39717 39760 39930 39761 39208 39762 39763 39890 61312 39893 61314 61316 39727 61317 39856 39900 58007
hp 227
t 53632 53633 54696 53634 54954 53638 54701 54704 54279 55003 53303 54708 54709 53307 54327 54456 54542 54713 54715 54630 53993 54675 53998 53999 54683 54684 54642 54686 54984 54604 54903 54989 54692
hp 199
t 16593 16806 40861 16786 16639 37359 40357 37979 17069 40848 16730 40849 40850 17922 40851 37686 16798 40598 17245 16397 40560
hp 335
t 66806 66636 66212 45218 45304 65959 66810 66811 66131 45306 46073 46074 46670 45056 46671 66562 68943 45058 45144 45060 45231 45147 45232 66058 45319 66740 66741 66233 45068 61730 66066 48047 66748 66068 66749 69471 66243 66753 46608 45248 45080 46610 45250 66161 46613 66080 45935 46615 66081 66252 66167 65997 65998 66169 66254 66255 69145 46620 45261 45093 66684 65920 66941 68896 46626 65922 65923 69238 66093 65924 68899 66094 66095 65926 66096 45357 45358 45273 69414 46635 45275 65931 61767 69588 67551 66786 66788 69508 69509 69510 46646 45286 61606 46647 45287 48009 66285 66286 65946 45291 46654 45294 45125 45210 65952 69522 69269 67570 66125
hp 299
t 54058 54144 72590 53890 35787 77522 77438 77523 77354 77524 77356 54152 77527 35027 77359 77362 77532 76258 77365 54160 77366 77196 77197 54165 77540 54166 77372 54171 76868 77380 54090 76871 53582 77383 77554 77385 77386 77556 77387 77557 77388 77559 54016 54017 77392 34978 77562 54020 77565 77566 77567 54194 54196 54112 54116 54117 54118 76818 54123 77332 54043 54130 35009 53713
hp 175
t 32380 32338 32085 32554 32001 32555 32471 32175 32475 32348 32733 32354 46977 32400 32487 32489 32490 32448 32534 32494 32537 32113 48521 9082 32202 32372 32245 32457 32544 32374 48185 9043 32207 32464 48870
hp 306
t 39072
hp 224
t 53736 53720 54221 54093 53754 53666 53725
hp 297
t 63409 63919 63410 63496 64092 76588 63371 63415 76547 75231 63417 76635 64098 64013 63378 64101 63889 64187 63422 64610 80847 63891 63423 63381 80764 63934 63893 64105 63513 63514 63898 63388 64620 63389 64115 64160 64075 63906 64120 76573 63909 64123 64127
hp 269
t 66573 65680 66595 66743 66744 73566 65598 65705 65558 66517 67176 49391 70174 65673 47506 47145 49461 66824 47295 50738
hp 289
t 63344 64004 63390 64177 63412 64007 63391 68853 64096 64097 63418 63419 63355 63420 64015 63421 63485 68819 64102 63400 65058 63401 63402 64019 64063
hp 101
t 54651 53716 54695 55035 54656 77691 53680 54700 53382 53641 54662 54705 53643 54706 54281 54707 54622 53389 54284 54710 53648 54711 53606 53608 54714 53695 53653 54716 53654 53994 14512 53655 53657 77797 54635 33682 53658 32876 53701 54211 53363 53661 54681 54682 54640 32795 54641 53665 54260 54217 54897 53624 54899 54263 53753 54222 53671 54012 77727
hp 273
t 51336 70716 51338 51340 70380 51341 70721 49301 70722 51342 70381 70723 51343 70382 70724 70383 70725 70047 51347 70727 70388 70389 70390 70731 70391 71072 70052 70392 70733 71073 70393 70734 70394 70735 70395 70396 70737 70397 71078 70398 71079 70399 35039 71081 70741 71082 70742 71083 70743 70744 70745 70746 70748 70749 70750 70751 35392 70752 69735 70076 70759 70762 70423 70765 70426 70428 70429 51390 70770 70430 70771 69750 70431 70436 70437 70098 70438 70099 70440 70103 70443 70445 70108 70109 70449 70110 70112 70452 70113 70453 70114 35434 70454 70116 70457 70458 70459 70121 70122 70123 70804 70465 70126 70466 70033 70129 70130 70131 70471 70132 70812 70133 70134 70474 71495 70135 51435 70815 71498 70140 70141 71162 70142 70143 72523 70483 70484 70486 70487 70488 70489 70490 72531 69814 51456 51458 71518 51461 70501 51462 51463 70503 51464 70504 49424 51465 70845 70505 71186 51466 70847 70507 49427 70508 70169 70170 51472 70172 51473 70513 35154 70855 35155 70177 70178 49438 34818 71199 70179 51479 70180 34820 51481 70181 72561 52162 70182 51482 70183 34821 70522 72564 70524 70185 70525 70186 51486 72566 72567 70866 70526 70188 51488 70527 70189 70869 77328 50130 49448 70191 72571 34831 72572 51492 69851 51493 69852 51494 72574 69854 51495 35176 51498 51499 51500 51502 70882 50143 51504 52184 71565 70885 73605 51508 52189 70209 49469 70210 52190 49470 51511 70212 70213 34853 51514 71574 70215 51515 34855 70216 51516 70217 70897 35197 70218 51518 51519 70219 72599 70220 34860 70221 70222 51522 34862 70223 70224 70904 72605 70226 70227 70228 70230 52210 70231 52211 70912 70913 52214 51534 72614 70235 72616 70576 51538 70918 70239 52219 72619 51540 51541 70921 71601 70922 34882 69902 70923 70928 70248 70249 69909 70250 34890 34893 70934 50534 70935 70936 70256 70257 70258 72638 70939 70260 70261 51561 70262 70263 69923 70604 34904 70945 72645 70946 70266 34906 70947 51567 72647 70948 70268 34907 70269 71289 34908 70270 70271 70272 70273 51573 34913 70274 70954 34914 70276 70956 35256 70957 70277 34917 70958 70278 35257 70959 34919 34920 34922 34923 70285 34925 71306 34926 34927 35270 35271 70292 70294 70295 35275 70296 70977 70297 70298 69958 70304 51605 69965 70648 70990 69970 70991 70312 71672 70652 70313 70314 70654 70315 70316 70659 70320 70321 69981 70323 70324 70664 70325 69985 70326 51626 69990 70673 70336 70337 70338 70678 70339 70341 70681 70342 70682 70343 70683 70344 70345 71025 70346 71026 70347 70348 70688 70689 70690 70691 70352 70692 70353 70693 70014 70694 70355 34995 70357 71037 70358 70018 70359 70360 71040 70700 70361 71381 71041 70362 70020 70701 70363 70702 70703 70367 71387 72407 49288 70029 70370 49290 49291 69691 70031 51332 51333
hp 232
t 53652 53663 53684 53611 53526 53604 53681 53605 53649 53650 53662 53682
hp 264
t 36186 36420 36272 34786 35914 36213 36299 51897 51773 36304 36262 36178 36222 35925 36202 51077 36288 36203 35949 36183
hp 258
t 72416 63576 63577 67658 63578 71739 63579 63581 63582 63922 63923 67663 63583 63584 63925 63585 63586 63928 63589 63590 63930 63591 63932 63592 63933 63594 63595 63596 63597 68018 63598 63601 63602 63604 63605 64286 67687 63607 68029 63949 63609 67690 63610 63611 63613 63614 63615 68037 63619 63623 63625 63626 63634 63635 63636 63637 63638 63639 63640 63644 63645 63646 63648 63650 63652 63653 63654 63655 63657 63659 68420 68081 63662 63663 63664 63665 63667 68428 63668 68429 63669 63672 63673 63674 63675 68097 68099 63679 67759 68101 63682 63688 63690 68111 63691 68113 67434 63695 67437 67777 68118 63698 67779 63700 63701 63022 63702 63703 63708 63709 63710 63031 63711 63712 63713 63714 63715 63036 63716 63717 63718 63719 63720 67800 63721 67801 63722 67802 63723 63724 67808 63729 67809 63730 63731 67811 63732 63733 63735 67815 71895 63738 64078 67819 63740 71901 67821 63741 67822 71902 63742 63743 63744 71907 63749 64430 71910 63751 71912 71913 63754 63755 63756 63757 63758 63759 71921 76002 71922 76003 64444 63768 76009 68190 63770 67511 68193 68194 64454 67514 68196 68197 80097 80098 80099 68199 80102 68202 67864 68207 63788 80109 80110 80111 63811 64165 63826 63827 68588 63488 63489 63490 63491 63831 63492 63494 63834 63497 68597 63498 63499 63500 63840 63501 63843 63504 67585 63846 63848 68270 63851 63512 63853 67594 63854 63515 68275 67936 63856 63522 67604 67607 67611 67613 63533 63534 67614 67623 67963 67624 67625 67965 67626 67627 67628 67631 63552 67632 63553 67633 63554 63555 63556 63557 63558 63559 63900 63560 63575 63561 71721 68321 63562 63902 63563 63564 63568 63569 63910 63570 63571 63572 71732 63573 63574 63915
hp 104
t 80409 80755 80587 80248 80249 80250 80251 80592 80593 80594 80254 80257 76688 80598 80258 80260 80601 80604 76695 80607 80779 80612 80274 80617 80277 80618 75520 80281 80453 76544 80284 80455 76545 76546 80627 80287 80458 76548 76549 80460 76550 76551 80631 76723 76553 80634 76725 80465 76555 76726 76556 80636 76557 76728 76559 76560 76561 80472 76562 75202 80473 76563 76564 80815 76566 80646 80306 76227 76567 80477 80308 79458 80649 79460 75210 76230 76401 76571 80310 80651 76572 80652 76574 76575 80826 80487 75557 80488 76751 80661 80152 80153 80493 80154 80495 80497 76247 76248 75399 76419 76249 80668 80499 76250 76590 80330 76251 80670 80671 76252 76592 80672 76593 75233 80504 76594 80334 80505 76595 80335 76596 80167 80336 80678 75409 80169 75578 80170 76260 76600 75411 80172 75242 76602 80173 76603 76263 80514 76264 75415 80515 76265 76266 76437 76607 80518 76268 76608 76439 76269 76270 76610 76441 76611 80862 76443 75423 76614 80354 80525 75255 76446 79335 76447 80357 76449 80699 80360 79512 76454 76624 76455 80364 76456 80538 76628 76459 80368 75269 76460 80501 80370 76461 76633 75444 80373 76634 80544 80375 80546 80377 75448 75449 80549 80379 79361 75452 80382 76642 75453 75283 76643 80383 76644 75455 80556 80386 80557 76647 80558 76650 76652 76653 80224 76654 76655 75126 80228 80739 79550
hp 298
t 78027 79389 79391 77864 78042 79402 79405 77877 79408 79409 79410 79411 79413 80776 79417 77889 77892 79425 77904 77905 78246 77906 77907 77908 77909 78080 79610 78081 78082 77912 78083 79443 79613 78085 78086 77916 78087 79448 78094 79454 78095 78097 78099 78100 79461 79633 78105 79635 77941 77943 78114 77945 77946 79478 77948 77949 77951 80674 78126 80676 78127 77958 78809 80340 64704 64705 79328 80519 78140 79500 77971 79674 79675 79506 78656 79677 79337 64548 79338 64549 64722 79342 77983 78663 77984 80365 79345 78840 64732 64734 64055 77999 80381 77832 64742 77833 78004 64744 78005 64745 78006 79537 78007 64747 79367 79368 78179 78009 78010 80561 79371 77842 64752 64753 78013 78014 80394 80395 64756 77847 78016 80397 64759 64591 79381 77852 64762 79553 78022 64763 79554 79385
hp 322
t 81086 57456 57460 81773 78379 81780 81781 81783 81788 59691 81791 59017 78400 59021 78401 60382 81808 79092 79093 59883 79095 78937 60409 81831 81835 79116 81666 81668 80991 59064 81674 59065 78956 81676 78957 60257 81338 78959 81851 81681 79812 81682 81683 81687 78968 81690 81863 81693 78974 81186 78976 81696 81187 81868 81699 78979 78980 78982 81702 81024 81026 81027 81707 81029 78989 81200 81030 81881 78990 78991 81031 79842 79843 81373 81033 81204 81034 81205 79845 81035 81206 81207 81037 81208 81888 81038 81889 81039 81210 81890 81040 81891 81041 79001 81042 81213 79002 81214 81894 81044 81215 81724 81895 79855 79004 81046 81047 81048 79688 60308 81049 81220 81052 81392 81223 81053 81393 81054 81055 81226 81735 60316 81397 81228 81398 81399 78850 79020 81401 81061 81402 79022 81063 81403 81064 81404 81405 81237 81068 79029 81070 81752 81753 81074 81075 81077 81082 60173
hp 293
t 61791 68676 61793 68934 61794 68765 68680 61711 68766 69024 69620 61630 68685 68686 68857 61546 69027 68687 61802 69028 61548 68944 69029 62400 68860 68945 69203 61553 61724 69034 61555 68695 69035 61556 69547 69037 68697 61897 61729 68699 68785 68956 61646 61561 61732 61562 68788 45923 68789 61565 62416 68708 68709 62420 68882 61997 68712 62423 61998 61744 45341 69142 68717 68718 61749 69315 68976 69316 69317 61752 61497 68807 67448 61923 45944 61586 68982 62438 69324 68644 68984 69240 68815 68987 69327 69328 69329 61594 61765 69245 61596 61853 62448 69248 69333 69334 62364 61941 69337 69593 68913 62454 45965 61862 69597 69342 61619 61948 61609 69005 62290 61610 61696 68667 62462 61443 61531 68756 61532 61703 61874 68759 61790
hp 268
t 67167 66830 67181 67160 67096 67483 47281 66876 67419 67186
hp 334
t 69611 66724 66725 66726 69361 66727 68938 69447 66643 69363 46075 66815 66730 69621 68942 69452 61803 69538 69453 69113 66053 69625 69115 69626 69116 69627 66057 69628 69118 48039 69459 69205 66231 69631 66062 69462 66574 66915 48045 67000 45071 69041 69552 66919 69385 66158 66073 69559 45249 69560 45081 69307 69562 45252 66758 69564 66760 69057 69568 69569 69572 45262 66682 45348 61583 69234 69235 66685 61758 69069 45100 68985 68986 69241 69411 68902 69242 69072 62357 66948 61593 66184 69075 68906 66101 66187 66102 66103 66784 66106 48004 69595 66792 69343 69513 69599 69514 66965 66711 66712 66713 69604 66714 48014 61700 66716 66634 66719
hp 320
t 79216 63407 79217 78197 78537 78199 79563 79396 79568 78208 78209 77869 79570 77870 78550 79571 78212 77872 79573 78214 79574 78894 79575 78215 79234 78216 79407 79576 79577 80425 77878 79578 77879 77880 78220 78560 77881 78221 77882 79242 59524 78057 79247 78227 77888 78229 64630 78910 79591 77891 78911 78573 77894 79595 78235 79427 59707 77897 79257 79598 79599 78583 79603 78585 78587 78248 78589 60400 77910 78251 63464 79614 77915 78256 78257 78260 78261 78092 78262 78093 78263 78096 78266 78267 78269 78103 78613 77938 79470 64001 78282 78116 79477 77947 63331 64182 79653 79484 78135 78816 79326 80688 77970 78312 78824 77977 78148 65061 78152 78832 77982 79346 64727 77989 78164 78165 79865 77826 77996 77831 78001 78002 64743 78176 78177 78687 78178 77838 79369 80729 77841 78181 78011 78182 80391 77846 63397 77848 64589 77850 64590 77851 78192 63232 79382
hp 266
t 76496 75818 76499 76501 67661 76502 71743 71744 63924 76165 76168 72089 72431 76511 72091 71752 71755 76516 76179 75841 76181 71761 76182 75843 71424 75845 76185 71425 76186 75846 72106 76187 72107 71767 72105 72108 72449 71769 75850 72451 76531 71431 63612 72112 71771 71772 71434 72454 72115 76536 71436 71777 72117 71438 72118 71779 72120 76540 71781 72122 72123 71783 71784 72465 71785 72125 76206 71786 71787 72127 76208 68389 68050 71791 72472 72474 72475 68395 72135 72476 72136 72137 72478 72138 72480 72140 76221 72147 72149 72490 71470 72150 72154 68418 68080 68421 68422 68425 68085 68427 71491 72513 68433 68434 68435 68436 72524 72525 72185 72526 63692 72195 72536 72537 63699 71520 71521 71522 72203 71525 71865 71866 72551 72553 72214 72554 72556 68476 68477 72558 71878 72559 75960 71881 72221 71882 68483 68489 67810 71891 67812 67813 67814 71894 71897 71898 67820 67823 71903 72244 71905 75986 71906 75988 71908 77008 75989 71909 75991 71914 71915 75996 71916 75997 71917 71918 75998 76001 71923 76004 76005 76007 76008 76010 68530 68531 76011 71735 68533 71934 76015 70915 80096 70916 71936 68537 71937 76018 71938 71939 76020 80100 71940 80101 68541 71941 76023 71605 76026 72287 72288 68548 76028 72289 76029 71948 71950 71949 71611 68551 71951 71612 68552 72291 71958 71960 71961 68563 72304 68566 72306 72307 72309 72311 72652 71973 72314 71975 71296 71980 71981 71982 68604 67924 72352 72697 72358 71680 72020 72021 72363 71687 72029 71690 71691 72031 71692 71693 72033 71694 72035 71695 71696 72376 75776 71697 72377 72378 72040 67620 71701 71702 72043 71704 75784 75785 75786 75787 71708 72388 72049 72051 71712 75792 75793 72053 76134 72054 72055 71716 72057 75797 75798 72058 75799 76480 75800 72060 76481 75801 72061 75803 76483 72063 72066 71727 71728 76489 67650 72070 76491 67992 72075
hp 330
t 33826 18357 33489 33829 17852 34682 33835 33836 17693 16848 33508 33850 34700 33851 17023 35383 33857 34707 35387 34708 33352 6663 33353 33184 33524 33354 33865 33355 33526 33356 33530 6670 13131 33364 33875 33365 13306 34219 34050 34732 33375 34736 34738 33381 34741 35252 34063 34234 34064 34746 34066 34751 34752 33393 34753 34754 33395 17415 6706 34756 33907 6027 34077 17420 51760 18272 33402 34083 34765 33405 34086 34087 34768 17428 34259 34089 34090 12670 17090 34091 34776 18967 17098 17440 35971 18973 33424 17444 34785 33257 33428 10480 17110 34791 34792 33944 34625 33435 34797 34798 34631 15081 34632 34122 34633 34123 34805 34636 34808 34809 34640 34810 34811 34812 34814 34645 18325 34647 16967 33799 14761 34652 34653 34654 33804 34146 34147 34658 33808 33469 35340 17149 35347 14608 33820 34161 14612 34162 34673
hp 255
t 34683
hp 109
t 79558 79729 79218 79219 79559 79730 79731 79732 79734 79226 79738 79739 78549 79740 79232 79743 78893 79214 79580 79241 79248 79255 79261 79262 79263 79264 79265 79777 79268 79779 79270 79272 79104 79784 79274 79105 79275 79106 79787 79107 79280 79281 79282 79283 79284 79115 79625 79286 79117 78948 79629 79291 78953 79634 78955 79128 79129 79130 79810 79131 79132 80323 79816 79306 79818 79652 79823 79143 79145 79825 79655 79826 79146 79147 79827 81017 79148 79489 81019 79321 79662 79325 80516 79668 79329 80522 79162 79672 80523 79673 79333 80526 80696 80527 79676 78998 79169 79679 79680 80531 79341 79682 79853 79856 79176 79686 79687 79858 79180 79860 81901 79691 79355 79696 79697 81058 79699 81060 78851 79700 79702 79704 79705 79196 79706 79197 79707 79198 78860 79030 79710 79202 79203 78863 79204 79034 78866 79207 79209 79719 79210 79720 79212 79722 79213 78874 79215
hp 292
t 62981 63364 63747 64002 64173 63493 63495 63750 64047 63538 64006 63796 63329 62948 62950 63588 63632 64186 63892 64148 64149 63981 64152 63855 63939 63982 62978 64112 64155 63901 64156 62966 63860 64243 64412 63904 63819 63905 64415 64034 64163 64206 63824 63825 64253 64168 63914 63745
