ap 0
hp 376
 52991
ap 1
hp 377
 44859
ap 2
hp 93
t 29561 10623 28813 28835 28986 10456
ap 3
hp 36
t 69086 45670 26502 27141 69092 26890 42871 69267 47041 45341 26769 26812 62428 69059 26772 27051 26773 45857 27032 69362 68937 69618 43567 43440 43398 27211 46041 69586 27302 27217 69292 46130 26156 27050 27305 26965 26880
ap 4
hp 378

ap 5
hp 379
 48864
ap 6
hp 380
 20431
ap 7
hp 381
 20479
ap 8
hp 47
t 26182 27181 42396 26076 26417 26121 27397 27526 26465 45017 25659 42341 27296 26447 27405 26387 26112 43517 45664 27645 24969 26521 49132
hp 43
t 42949 42864 26374 26291 27396 44397 43548 26973 42358 42869 44995 43551 27486 45677 42787 42958 28340 42875 25790 26981 42112 44152 27240 26988 27243 45009 45010 44925 45011 45016 27251 26146 27846 25126 27082 43742 45019 26404 45020 43066 43747 24624 26071 26411 44347 26327 43838 45029 45031 27606 27353 26674 25315 26931 45547 42915 43425 42321 43767 27447 42324 42579 26089 42409 42325 44195 42326 42582 26966 27028 27283 42158 26095 69361 26183 42418 42334 42164 27204 25676 43186 43697 43529 43104 26617 27637 26023 42938 43619 44979 26026 43536 42942 26368 48978 27049 24585 45580 42946 42352 27222 26713
hp 39
t 26459 27054 43545 42100 42355 20597 42017 44993 24594 43549 22044 42107 42959 20606 44237 43558 44239 43474 26474 42880 42030 43732 27246 44161 26652 25802 45013 45014 45015 44165 43486 26402 43402 24619 42129 26149 42132 42048 44175 44346 45026 43496 27431 26157 42052 42903 42053 42904 42054 45030 24635 26505 45038 24640 27275 26086 42918 44961 42156 43348 42075 42246 42247 42078 42929 42249 41995 42252 42932 42338 42168 44976 42171 42087 42258 42343 42175 42006 42348 42943 44899 44814 42350 42010 43455 42353 42948
ap 9
hp 55
t 25609 25780 44992 25612 26037 25953 46098 27824 25702 26471 25706 24603 25198 2929 25880 26136 26476 26477 25630 26395 44163 25889 24616 44167 44169 25129 25895 26150 44171 26154 44174 24796 25647 45028 26158 25310 25905 42990 26415 26588 27523 24634 26589 44184 44185 27440 26251 24636 45037 44187 24638 25319 25660 25321 24643 20564 26174 26345 26602 42157 26433 25329 25163 26609 44886 44207 25678 26360 26275 26190 26616 25851 26191 25684 26619 28235 26114 25945 28241 42947 44902 27393 28328
hp 59
t 59163 58866 22758 78247 78502 78269 64714 37642 80739 59191 6513 18584 77872 59662 18565 79851 18694 58857 60047 78495 77837 59754 60393
ap 10
hp 382
 53247
ap 11
hp 155
t 1386 1385 1383
ap 12
hp 383
 57087
ap 13
hp 384
 29627
ap 14
hp 385
 57343
ap 15
hp 61
t 78224 60970 59185 58846 59696 59102 59868 65480 58937 60807 60382 78488 60810 79602 60988 59458 79433 79094 18151 18576 49177 81053 79183 59211 57851 61166 59892 18159 79615 78257 78259 60325 59136 19357 78603 64833 18594 59225 78265 37380 77840 59396 65177 60333 58974 18007 60082 78273 17922 58894 59149 59489 59406 17926 58642 78107 18695 18610 58988 78199 18614 22779 59161 59502 18617 37743 61119 19385 17940 19812 18709 78635 73026 18117 20072 59427 16844 18544 65040 79406 60622 14894 59182 78393
ap 16
hp 386
 16383
ap 17
hp 387
 73727
ap 18
hp 50
t 57441 58632 58717 79161 58636 19409 58509 37389 40918 59194 17206 57837 18569 57457 16403 18698 58096 37187 58650 59159 17935 58994 59249 16792 58868 57891 58656 17984 59679 18582 79782 19348 58703 6514 58406 37199 59215 18627 75280 18628 59810 37924 58069 58027 78981 18079 59177 19440 57435 34910 59137 34362 61308 59863
hp 38
t 59098 58079 57443 58676 38577 58765 78316 58469 57450 58513 81123 57580 58814 58645 59155 58051 38502 58671 81811 58098 37401 60054 58100 57974 17981 79776 58527 81010 58443 58699 58105 58445 19388 58701 58491 58534 59173 57516 59853 57432 58666 58624 59858 57436 58457 58032 58628 58459 58630
ap 19
hp 388
 40143
ap 20
hp 143
t 32447
ap 21
hp 389
 32719
ap 22
hp 390
 78846
ap 23
hp 391
 73662
ap 24
hp 44
t 44396 62417 27057 27059 44059 43720 46780 27060 62421 45421 43721 62423 42703 62424 69568 43730 43393 26733 69573 26734 43395 69575 43057 68898 43739 43060 27081 43743 62446 62447 69587 69248 69249 43749 45790 69250 43410 69251 43071 43751 69252 69253 43753 69254 46475 43416 43757 46138 69259 69263 69264 42406 43766 43768 43771 45812 69273 45813 43773 27453 43097 26778 43778 46499 68939 68941 69288 27468 45829 26789 45832 45834 45835 25096 43116 26797 26800 26120 27480 26803 26807 26129 26810 46870 26813 46873 26814 27494 26815 69321 46542 26148 27169 68990 27171 27518 43839 45880 27391 45889 42491 27538 45899 69019 26180 27200 27201 27543 27206 27546 44206 45907 27207 26188 45909 69030 27210 45570 43531 45572 41492 43192 45913 43193 27213 69034 27214 27554 27216 43537 43538 43539 43540 43541 27221 62242 43543 45583 27223 26884 27565 44225 27225 43546 26887 27228 27230 27572 26893 43553 42873 43554 26554 27233 43555 26895 43556 44236 43557 43559 43561 27241 43562 69064 43564 43565 69065 44245 27247 69068 42888 69408 45949 42889 27250 43572 69412 42893 27593 27254 27594 69415 69075 27595 42896 42897 25898 42899 42900 27600 43581 42902 43582 69082 69423 43583 27603 69084 42905 43586 62289 42910 69093 43595 69096 26256 43597 42917 43598 69098 45638 43599 69101 43601 42921 45641 45642 69103 45643 47007 69109 69110 42930 26954 69114 69115 45656 45657 69118 45659 26960 27300 26961 27301 26964 27304 26967 27307 26970 26971 24592 30372 45333 45675 43636 26636 26977 26978 45678 46019 42960 26980 26300 46022 26302 69483 26983 46024 26985 26987 27329 43309 45690 27330 26991 27331 43312 26993 45693 26994 46035 46037 46038 43659 46039 27339 46040 69502 27002 46044 27344 27005 27345 27006 27346 46047 27348 27349 27350 26672 42315 27358 46739 27359 43340 46062 43004 46065 46067 43350 26012 27372 27033 27034 42674 26695 27036 27376 27037 46077 27377 27038 27379 27380 27382 27383 27384 27385 27386 27047 43707 27048 27388 26028 47788 27390 62071 27052 27053
ap 25
hp 81
t 52044 50854 52215 50856 52217 50859 50860 52051 50861 52054 51375 52058 50702 51552 51553 51384 52064 51554 50873 51555 52066 52067 50878 51559 49184 49185 49186 51566 70266 49187 70437 49188 49189 49190 49191 50554 49195 49197 49199 49228 49229 50760 51270 50761 50934 50935 50766 50936 50767 50937 50768 50938 50769 50939 50770 50940 50771 70151 50941 49241 51458 51459 51460 70500 49591 49422 51972 50783 51973 50785 51296 51976 34976 51977 34977 51469 51979 51980 50791 51471 51532 52152 51982 51983 51984 50624 51985 51306 51987 51988 51989 51990 70351 50803 51653 51654 50805 52165 51995 50806 51997 50808 52169 50809 51999 51490 50811 69681 70362 52003 50814 50815 51327 50648 70028 50141 50824 52014 50825 52015 70375 52190 70380 50835 52029 52030 51521 52031 51522 51524 50848 52210 52212 51533 52043
ap 26
hp 392
 54076
ap 27
hp 46
t 81581 58036 57952 81414 81502 79170 81593 81596 81554 58308 81558 57673 58015 81009 79737 81097 79567 58062 57936 58618 39919 81018 57345 57728 81614 81020 81063 81574 81108 74054 81536 81368
hp 62
t 58078 81413 39254 57614 39296 39127 81415 58125 38576 39556 81420 39175 39898 39091 39134 58046 39006 57877 57922 81426 39098 81599 57758 38379 58950 81517 39528 79223 39018 58272 39104 39149 39150 81438 58276 58319 58279 58066 57812 58153 57856 58240 57943 58241 39074 81533 81151 58245 81451 58246 39036 58248
hp 49
t 59100 81456 58082 58933 79759 81545 59113 58008 58094 58265 58266 58267 57927 81390 81560 58101 78416 59121 81563 57594 58529 81819 58277 59127 73923 80978 81149 81409 81410 57356 81416 81161 57362 57958 79805 81421 61277 58048 39774 77855 39181 39096 58307 79302 81174 78880 79307 55508 79818 58738 57975 79738 81098 81523 39109 58320 78381 81017 58324 61300 39115 81870 81021 58242 79154 58247
ap 28
hp 85
t 30878 73294 50431 31221 31222 65988 31308 31225 31057 31059 31229 31145 31231 30806 30722 47212 29958 31066 66259 47985 47393 53088 53178 47908 53009 49695 31675 30825 49525 31166 49698 30828 47999 30234 48003 31598 31089 66708 31518 31605 66206 66377 66122 65952 66378 31103 31528 72924 66123 31531 31191 65874 31535 66216 50408 31199 65965 29840 66052 47947 48036 47952 65887 30784 49825 47360 66061 47531 66062 66232 47365 31216 73293 31048
hp 79
t 70021 70361 70383 70022 51556 69683 52175 69685 70026 51519 69794 52179 70264 51502 51503 69694 70438 51484 51485 76857 70122 69761 71249 51487 70378 51466 70018
hp 83
t 34958 54850 77631 70023 52216 71130 70025 53451 77803 50689 77168 77679 77637 77297 52180 51501 52181 34969 52183 77810 77173 77599 52185 77175 52186 69695 52187 52188 52189 53336 77226 53384 77100 77654 77102 77656 70304 54113 52032 77745 52034 52163 53438 51314 77792 51486 77453 51488 73035 70274
ap 29
hp 48
t 26799 27566 42952 44227 43887 26974 27231 26892 42362 62086 26557 62431 49004 45946 45951 61506 24618 43573 45868 69414 61680 69076 43576 45872 46979 68909 42307 27008 42308 42309 69424 26499 43500 45626 44012 46902 47926 43508 24639 42914 46059 27020 69095 48100 47761 45893 47679 68929 47002 68933 61625 43520 69106 26181 27542 69533 69363 26014 69366 69112 69028 43784 43105 69116 47016 46931 66227 30188 69628 69629 43025 43112 27389 61560 25692
hp 45
t 77884 60034 78225 78734 78226 78227 78057 18558 79589 59871 59872 35392 78403 79423 65143 59024 51715 60383 65144 60386 78237 65146 59707 78238 60388 78239 59539 79429 58859 79600 79430 65150 79604 60394 64985 79605 79606 59716 78248 58698 78249 78250 79270 78251 79612 79443 79444 59555 79446 78258 79448 51739 60408 79449 78260 78770 78261 79450 79451 78262 78092 60073 59734 78095 79455 80816 34748 78438 59229 79458 79459 59570 80309 59740 78271 80821 59742 80822 78613 78443 78274 34074 80825 78446 78277 80827 78278 79468 59920 79583 80830 58731 78623 79473 79474 59245 78286 57546 80837 79477 78629 80840 80671 79311 79312 64523 78295 79485 78296 78298 59258 78468 59599 79318 78469 79320 78470 79662 79323 79324 59094 57565 78475 78476 78307 59437 78309 78480 80012 79332 78482 80183 78314 57574 78484 79335 80185 78486 78317 80186 78487 63527 79339 78489 79340 78490 65230 78491 58942 34127 79177 58778 78499 78503 80714 51644 79864 51645 78506 78337 79526 79358 78508 77828 23089 79360 35330 78511 80722 77832 60323 77833 78173 80724 35334 78685 79534 79365 79366 79367 78178 78518 51829 78179 59480 80220 79371 80732 58973 59483 64243 77843 52344 80735 78355 79545 79375 59146 80737 22597 79550 79381 58982 78192 59492 78193 78364 77854 78195 78196 59496 59667 78197 80747 58816 78198 79389 78200 78711 79391 37741 78202 58993 78203 78204 60186 59677 78037 59169 79569 79573 77874 78725 77875 77876 78216 59176 77877 78387 77879 78219 59010 59860 78051 59523
ap 30
hp 53
t 21018 6910 12733 11968 5720 7378 6826 59187 24337 19496 19667 4793 18988 19328 14914 11685 18953 18954 17892 7055 19679 8165 5703 6597 18711 19817 17778 21052 5327 18121 7413 7414 6437 5293
ap 31
hp 393
 65422
ap 32
hp 394
 56590
ap 33
hp 395
 20463
ap 34
hp 396
 24575
ap 35
hp 260
t 23144 22974 23145 23146 23147 41848 23148 21618 23149 23150 22640 21620 23151 23152 65312 23153 23154 23155 22645 23156 22646 23157 22647 23159 22649 23160 22650 23161 22651 21631 22652 59204 22654 41355 23166 23167 22633 41374 59395 59907 60587 41890 23197 22689 23202 60094 59925 23206 59416 59927 22528 23208 59418 23209 59931 59252 41912 23042 59933 59253 23043 59934 41913 23044 65205 65206 23217 59937 23219 65209 41920 65041 59942 41922 41412 59263 22713 59944 22544 59604 22545 41924 23055 22376 59607 22547 21697 22548 22549 59439 22720 22552 22722 22553 22554 59614 22724 23235 22725 22726 22728 59619 22729 23240 22730 59621 22731 22732 59623 22393 59624 22733 22734 59625 41944 22735 22736 59627 59967 22737 65407 22738 21718 22739 59630 23250 21720 65071 23080 23251 59632 59633 65243 59637 23258 22748 59809 22580 22749 22750 22920 23260 59471 22751 23261 23263 65084 23264 65085 41625 65086 23266 22927 65088 23268 21738 23779 22590 59990 23099 22591 22760 22761 23271 22762 22593 22933 22763 59995 22595 23105 23276 41637 23107 22598 23108 22769 22600 23109 22770 22601 23110 23111 22602 22771 22772 22603 23282 23114 59325 22774 23115 22775 21585 23116 21586 22946 22777 21588 23287 22778 23120 22611 22781 23292 23122 22782 22783 23123 41144 24315 23124 41825 23125 60526 23127 41827 41828 23130 22451 78722 23132 22792 23133 41833 23134 23135 24326 60026 41835 78727 41836 23137 23138 78729 22459 23140 23141 78732 23142 78733 23143
hp 175
t 20678 42099 42101 42144 20639 45036 42103 44994 20683 20684 42146 20686 42149 20687 44998 44785 20688 20562 20605 44916 45044 20735 44962 45005 20696 42031 42245 45008 21463 20677 42161 20573 45012 20575 20787 44927 28228 20749 20580 28400 42085 20581 20922 20666 42342 42172 44978 44170 20584 42131 44766 44342 42173 44893 44896 42135 42137 20718 20592 44945
hp 111
t 75546 75568 75548 75251 75549 75421 75528 75550 75571 75529 75531 75597 75536 75240 75559 75241 75560 75540 75243 75541 75413 75245 75543 76415
hp 334
t 21146 20849 21104 20851 21065 24508 20896 21536 20899 21580 20942 21156 19118 18483 5648 20907 21034 20991 21164 20910 21167 21294 20913 4297 21511 22234 20918 21725 21514 20878 21221 21945 20840 6476 21011 20885 22246 20929 22247 20930 20887 785
hp 298
t 47892 69623 47606
hp 335
t 21210 22825 20723 20915 21872 20832 20579 20750 20665 20921 22068 43342 20902 28212 21901 20711 22071 44959 20627 20841 22860 20483 20802 21929 20505 21271 22079 21910
hp 299
t 46566 46365 47900 46897 46866 66402 46571
hp 84
t 35044 71085 69642 77208 51286 71263 71434 34972 71357 51297 34979 71105 77821 71276 51641 34898 71198 51308 71368 71028 71370 77065 72136 71201 77664 70016 71207 69762 77242 71037 69763 71378 51233 69850 71296 77076 71213 77674 69769 71299 69770 69686 77677 69687 70027 72153 76827 72323 71219 76829 51924 77255 71390 77086 76832 76833 70373 53459 51590 35017 76838 72505 77607 76842 53893 34853 77184 74379 71151 72172 77612 76848 53899 77189 55004 53815 77190 76851 77786 77192 35033 51268 77194 77109 51269 77110 76856 52037 77198 76859 77539 55610 69806 69807 51277 77288
hp 344
t 58334 58335 81371 58336 81417 81544 81588 81547 57663 57707 58333 58304 57751 58305 81552 58347 57626 81553 58348 81086 58349 81597 59115 58350 58309 57756 58351 81556 57757 58310 58311 58353 57759 58354 81177 58355 58314 58315 81566 81184 57640 57642 58322 81060 57770 57772 58327 80980 58328 58329 57776 58330 58332 57779 57653
hp 226
t 57479
hp 176
t 46265 46100 45761 69392 46782 45934 46109 46110 69405 46456 69407 45948 45779 45950 46460 45441 45442 46123 45444 45784 45445 46466 69417 46126 45447 45788 45789 69420 46470 45451 45791 46131 45112 46133 46134 45454 46135 69257 46817 69258 46819 69090 45800 45801 45802 46142 45803 45464 45466 45806 45808 45809 26770 45810 46831 69105 46498 46159 46500 45820 45821 46672 45822 45823 45824 45825 45827 45487 45830 69290 48041 45833 46684 45326 26796 45840 45841 45844 46017 46018 45848 45849 46529 46020 47890 46021 47891 45343 46533 46534 46027 46707 46368 46539 46540 47051 47731 46032 45692 46033 46543 46034 45870 46550 45361 46722 46042 46552 46553 46554 66106 46556 46557 46728 46054 47585 46057 45888 47759 46569 47930 46573 46744 46064 46066 47767 46750 46753 45904 46755 45905 46078 46079 45910 45911 45912 45915 46771
hp 314
t 4358 60990 41653 23527 20870 59971 6462 41613 20555 23785 23531 41638 41574 22811 42236 21815 6366 23516 23326 21883 23030 61174 22797 22863 42051 61177 24544 41608 22887 42395
hp 174
t 28265 28244 28266 28245 28246 28268 28335 28336 987 966 28252 28253 20633 28065 28342 28345 977 1020 28285 28264
hp 330
t 69215 61737 61738 61824 61739 61825 69224 61745 62425 62430 69317 46028 69063 69318 45945 69406 45861 69323 62439 61759 69325 69326 62441 61846 62442 62443 61849 62444 69333 69334 69080 46046 69081 69166 43752 69340 45371 69341 69342 46053 62459 68667 69265 69352 69353 61704 69099 61789 69269 61790 69270 69272 69360 68936 61713 61714 68940 61717 61718 69113 61719 69454 61722 61723 62404 27044 61725 61726 61727 62410
hp 168
t 26458 28414 25610 25611 25695 25697 25954 25955 25616 25617 25618 28242 25703 25620 25622 25709 25710 25966 25711 25967 25628 25883 26478 25629 25886 25122 28353 25636 28358 28273 28274 28361 25896 25897 28277 28363 26494 24967 28368 25649 25650 28286 25652 25318 25661 26085 25663 26003 26090 25667 25328 25669 25672 26610 26611 25677 27801 26618 25854 25600 25687 25602 25603 25689 25605 26455 25606 25607 25862
hp 293
t 71169 71977 69684 72490 72493 71260 71345 72452 71347 71985 71179 71264 71351 72457 71267 71353 72459 71354 72503 69656 71271 71272 71191 69703 71234 71192 72170 71193 72680 72468 71278 72470 72471 71240 76512 72476 71209 72646 71287 72690 72649 72480 71421 72482 71208 71293 71252 71168
hp 262
t 65474 65134 65135 65476 60037 65137 59698 65139 64800 59700 65481 64801 60381 64802 65482 64803 79424 78744 65145 79426 65148 65149 64809 78750 79431 65492 64812 65493 78754 65495 78755 65155 78756 65158 78760 78081 78082 60402 78084 78085 78086 78766 78087 78767 64828 65168 65169 63469 78769 78090 65172 65173 65175 65176 65178 64839 65181 65182 65183 64845 64846 78786 64847 65529 65530 65192 65532 65193 78795 78117 65198 78799 65200 65201 65203 65204 62824 65207 65214 65215 60119 78144 78485 78145 64886 65228 64888 65229 78152 78153 78155 78497 78160 78161 60141 78162 78163 78164 78165 78166 78167 65247 78168 78169 78170 59472 78172 78175 77836 78188 78189 64929 78190 78191 64931 78194 65132 78205 78206 78207 78215 78218 64962 64622 41849 64982 79603 64989 62616 59557 77922 78264 65344 65004 6525 65345 65006 78606 6527 65007 59567 65350 65354 65015 78275 65356 78276 65016 77936 62637 65358 62639 78280 65020 78620 65361 65022 65362 65363 65024 65025 65026 65366 65027 65368 65028 78288 41229 65030 78290 78291 78631 65371 78632 78292 78294 65039 78639 41921 65042 41923 65044 65045 65046 65047 65048 59608 65389 65049 65050 59610 65051 65052 65053 77973 78313 65054 22555 59616 65060 65061 77983 78324 65064 65065 65066 59626 65067 62687 65068 65069 77992 64733 77993 65074 59634 65075 65076 65077 65078 59639 78001 64742 78004 78005 78007 78687 65087 64748 64747 78689 65089 64749 78010 65091 65092 78012 78013 65097 65098 22599 78702 65102 78704 65107 78708 65109 78709 65110 65111 65112 65113 65114 65115 60355 65116 65117 65118 78719 65119 65120 65121 65122 78723 65124 78724 65125 65126 59687 65127 64787 65128 41667 65129 65130 65131 60372 65133
hp 164
t 43458 62159 61819 43379 42956 43724 43896 42707 43728 42709 43647 62157 43566 43737 43915 44257 61852 42387 43748 42561 43921 42731 43498 42566 27352 43417 42568 42569 42909 43335 42740 42571 61780 43421 42741 43677 61867 43713 43679 27137 42576 42322 42577 43427 43428 42748 42749 43685 42750 61961 42751 43689 43690 43435 43692 43437 43438 43695 61885 43526 43441 61801 42846 42762 61802 43700 61977 43533 43704 42514 43705 27045 43622 43708 43710 42775 62073
hp 270
t 70382 69692 70043 51387 70017 72473 70019 70041
hp 228
t 37895
hp 295
t 63689 63690 63605 63606 63607 63693 63608 80097 63609 63610 63525 63696 63611 64206 63612 63702 63703 67617 67618 67620 67621 67622 67625 63889 63890 63892 63894 63725 63688 64150 80217 63648 63649 63650 63651 63653 67648 63908 63654 67649 63656 63911 63657 67652 63658 63659 63490 63491 63578 63580 63497 67835 63585 63586 67668 63504 63591 63594 63509 80085 63934 63510 63599 80174 75839 63600 63515 63601 63687 80008 63603
hp 323
t 46045 68896
hp 269
t 73241 50041 66553 73218 66467
hp 165
t 62158 27224 43714 61735 69386 43716 27058 62419 62420 62422 62426 43642 61747 46023 43644 62429 44069 46026 43731 27071 26647 27328 27244 43394 27334 26655 62440 43912 69328 27168 43404 62275 69330 43745 62276 43065 45363 62448 27259 62450 62451 27347 44007 62283 45369 62284 62454 62285 62455 62286 62287 62457 43418 62458 43419 46055 62460 43420 43592 27187 43762 26763 46060 61700 43765 27021 43426 46063 42919 43429 26685 69271 45897 43432 43772 61878 61794 43434 43775 68935 61881 43436 27287 27202 68938 43439 43185 61800 61716 43443 62059 61804 27381 69374 62406 27387 43368 45409 69294
hp 169
t 28498 28587 28418 28504 28419 28505 28421 28592 28338 28593 28595 28598 27833 28599 26560 28600 27835 26561 28601 28515 28602 28516 28518 28604 28519 26566 28521 28522 28525 26571 28526 27933 26403 28443 27935 26576 26577 26578 26580 26581 25901 26582 26583 27944 26585 25820 26586 26587 25822 25738 27779 27780 27951 27952 25147 27953 28633 26593 27955 26595 25745 26597 28637 25832 28638 25833 26599 27959 28639 28640 25835 27961 27791 27962 27963 25924 25839 25925 28646 27796 26607 26096 26608 28648 28649 28309 27800 28651 28311 28481 26441 28482 28483 26103 27803 28484 28656 28486 28317 28657 28487 28658 26024 28659 28319 26620 26621 28661 26622 28662 28492 26623 28663 25944 28666 28668
hp 290
t 80114 80520 80182 80079 64101 80231 80805 67674 80616 79724 80554 80640 64044 80534 72568 80218 80197 64219
hp 69
t 20679 44905 20595 20681 20596 44907 42102 20598 20599 20600 44996 20601 20602 20603 44999 20689 44915 45001 42876 20607 21458 45003 42963 42113 44926 44929 45018 42128 42133 20546 20717 44178 42138 42140 42141 20552 42142 20553 20894 20641 41721 20642 20643 20646 20732 20563 20734 20649 42154 20565 20650 42070 42159 20656 20912 44968 44883 20658 44884 20659 20745 20576 44885 20661 20917 20662 20493 20833 20663 20748 20919 20664 20751 20583 20838 20924 20754 20585 44895 21096 44815 44986 20593
hp 110
t 79774 79796 79775 79797 79777 79756 80395 79800 79717 79761 79721 79764 79765 79793 79794 79773 79795
hp 113
t 78394 58930 81795 77886 81796 58932 79588 78228 59103 60295 78231 79591 78401 59532 79167 81804 58940 58941 58856 79596 78406 81806 81807 79087 58947 78245 59120 60395 78500 61419 57595 59125 59126 58957 58959 78340 78341 78513 77835 78346 78349 78434 78350 60331 78351 78352 78268 78354 60335 78441 78272 78357 60254 60341 78362 60345 81793 58906 58907 78543 58909 78375 58912 58913 58914 58915 58917 58918 58919 57559 58922 57562 78388 58923 77878 58924 77880 81792 58927 79073 78563
hp 177
t 27564 26119 45754 43715 45672 26122 43717 26123 43718 26124 43719 27399 24595 26125 27571 24936 26126 24597 43722 45593 43638 27488 26128 27490 43725 26641 26131 25282 26984 27579 26134 43729 27580 26135 24606 43646 27496 26117 26137 24609 26139 24610 27585 26651 26141 43056 43736 24612 27502 27588 27589 27504 26144 26145 24617 26658 27085 27596 43405 43746 27512 43407 27087 27003 43068 27599 26153 27004 26155 27007 43412 24628 26159 43754 43414 43415 24633 26333 26334 43760 24637 45632 43594 24641 43596 24642 24644 24645 45725 43770 24647 27537 27368 43603 45644 27539 27540 27541 24653 45734 24824 24655 27545 27378 24828 24999 45484 27550 26363 45658 27553 45573 45575 27556 24667 45577 27472 27557 27558 26113 27559 27560 27561 43712 27562 27477 26968
hp 96
t 77113 77223 77107
hp 103
t 63519 80010 63698 63700 63701 79936 80278 80109 80110 63706 67616 67702 63537 63708 67703 79943 79944 67704 67619 79945 63710 80115 79946 80116 63542 80117 67708 67711 67797 79952 63719 63550 80125 63722 80127 67634 67635 72650 71716 67808 63729 64239 79881 75979 71984 67651 80062 67738 67824 80067 79982 67830 67832 80073 79988 67663 67834 67666 76169 76170 80165 80082 80083 67673 72688 80084 80169 63680 80086 63683 80089 80090 63685 63686
hp 345
t 58070 58092 58071 57774 57753 58072 57733 57755 58075
hp 271
t 52076 51992 52056 52068 52079 52069 52070 52071
hp 248
t 23081 23113 22414 65404 59924 59617 22780 59926
hp 276
t 59757 59896 59174 59578 59877 59751 59890 59869 59168 58659 59179 59894 59756 59214
hp 105
t 79350 79180 79352 81902 79353 79651 79695 79185 79228 79739 79698 79847 81038 79722 79190 79701 79619 79684 57564 79175 79709 79348 79710 79816 79179
hp 255
t 61861 61862 61777 61863 61778 69343 61864 61822 61525 61866 61868 61701 61872 61703 61873 61619 61874 63022 61876 61707 61451 61877 61792 61793 61539 61879 61795 61882 61797 61840 61883 61798 61544 61842 61844 61887 61845 61803 61720 61847 61850 62148 61808 61854 61812 61855 61814 61858 61689 61860
hp 254
t 41207 41122 41165 41208 40995 41038 41081 41039 41210 41040 42656 65386 65394 65352 65440 42746 62852 61960 62853 62854 42497 42540 62812 62855 42541 61964 42499 42542 42584 65280 62860 43949 42504 42548 62863 65372 42606 42040 65375 42512 42513 65379 65294 65381 42516 63214 42517 42560 63215 42518 62663 65384 42519 63090 41074 42520 43923 43966 42521 41076 62920 41160 43925
hp 106
t 80518 80396 80605 79671 76781 80522 79676 80528 80530 80531 79767 79346 76630 80626 79716 80544 76719 80546 80549 80466 79617 80467 79618 80638 80468 80469 79620 79621 80556 80471 79624 80390 79625 80560 80391 79626 80476 79627 79712 80477 79628 80562 80478 79629 79713 79799 79630 79714 80480 79631 80394 79801 80564 79715 79802 79633 80565 79803 79634 80566 79804 80567 79718 80485 80568 79719 80486 80569 80400 80487 80570 80571 80572 80489 80490 79726 80491 80407 79727 76759 80333 80594 80425 80510 80511 80512 76608
hp 331
t 43119 62074 27055 61736 27056 27227 42273 61570 43637 61572 43552 62253 69308 69309 62255 61575 43385 26725 69310 43726 61577 69311 61578 61579 69229 45940 46025 69297 61584 61585 43735 61586 69067 61587 45353 61589 61590 62272 69413 62273 62274 61595 27001 27172 46043 27343 69079 27260 45366 69422 68657 69256 27184 27355 61440 43591 26506 61441 27186 61528 61444 61530 61445 61447 61618 26683 69268 43769 69100 62130 45896 69102 61622 61708 61623 45898 61624 45985 61540 69275 61456 43096 43098 61549 61550 43190 61467 69119 27894 26876 62151 62408 69209 26709 43454 62072 69382 42777
hp 263
t 59695 78735 78063 59023 58683 64804 64806 60046 60387 79427 65489 64811 78751 65152 78752 78753 61414 59714 79434 79436 78757 59718 59721 78761 65161 78762 65163 78763 60404 78765 59726 59727 78768 61429 59730 65170 65171 78771 59392 62792 78093 78773 59394 78774 59735 64836 78776 59397 78097 78098 59738 59398 59739 59399 78778 78100 78779 78780 78101 59403 59745 78785 65472 59747 78787 65528 78788 78789 59750 78790 78791 59753 78113 78793 59414 64514 78114 59755 64516 59556 64517 78797 59758 78118 64519 59419 59759 64520 78120 78121 59761 64522 78802 78123 78803 64524 64525 59425 78805 78806 64527 64868 59428 65208 78808 60110 64531 65211 78132 65213 65217 59438 65219 78140 78141 78142 64543 78143 64544 78826 78829 78150 78830 78151 78831 78492 78154 59456 59457 64897 64898 78158 65238 64899 64900 65240 59461 64901 65241 59462 59802 64563 64903 59463 59804 64904 59464 59465 64565 65244 64906 59466 65245 59467 64907 59468 59469 64909 59470 78510 64570 78171 64571 65250 64572 65252 22752 59473 64573 65253 59474 65254 59815 64915 59475 59476 78176 65255 59477 65256 65257 59478 65258 64579 65259 65260 65261 65263 59824 59486 65266 59487 65267 59488 64590 59490 59830 60510 59493 64595 65275 59497 59838 59499 59839 59501 64942 64943 59504 64604 59506 64608 59508 59509 64610 59510 64951 64611 59512 59172 59513 64953 64954 59515 64956 64617 59517 64958 59518 59519 59180 64621 59181 58848 78661 59870 58854 59875 59880 59881 59201 59202 58867 59889 59891 79611 59552 78592 58872 59553 78593 59554 78594 41874 6516 59216 78596 6517 59897 78597 78598 59558 60238 78599 64660 64661 59902 41882 64665 78608 64668 78614 78615 59575 59579 78619 77939 59580 78281 64681 78282 64682 41902 78283 41903 78624 78626 78627 64688 77948 78289 65029 78630 59592 78293 78633 77953 64693 78634 65036 62656 65037 77957 59598 64698 78638 64699 59600 78300 77960 64701 78301 59601 59602 77962 59603 78303 77963 59605 59606 59948 59609 62671 59611 59612 59613 59953 41934 59615 65055 41935 65056 77977 59618 65059 78320 77980 62680 59620 78660 78321 59622 65062 77982 78322 65063 64722 78323 63364 64724 78325 78663 63365 64725 59628 78668 62688 64729 77989 78669 65070 78670 78329 59631 78671 78332 65072 65073 78333 78334 78674 78335 59635 23255 64736 78676 59636 64737 78677 23257 77998 22917 77999 59641 78002 59642 22922 65083 62703 78684 59644 59645 23265 41965 59646 78686 59647 62707 41967 78688 59649 65090 78690 59651 78694 64754 78695 62715 59655 78696 65096 65095 64757 59658 78698 64758 64759 59998 65438 59660 78701 58641 65101 59663 65103 65443 64767 78707 65447 65108 78030 59672 59673 78713 59674 59335 59675 59676 78717 78718 64778 22959 59681 64781 59682 64782 65123 59684 78044 59686 78046 78047 59688 78050 78730 64791 78052
hp 264
t 65491 64912 64647 64978 65452
hp 261
t 22804 22805 22806 41336 41676 22807 22808 41678 22809 41679 22810 41339 22812 78742 22813 22815 41345 41346 22818 23329 22820 22822 22823 41353 22824 22826 23506 23336 22828 22830 22831 41701 22833 42723 41703 22834 23344 41364 22835 23005 22665 41367 22838 41368 24028 41710 41370 23521 41711 23522 41372 22843 23012 41373 22673 22844 22674 23525 22845 41375 22675 23355 41376 23017 41377 23528 41378 22677 41379 23530 22850 41380 41381 41382 41383 41384 41385 23026 41386 41387 23027 41388 23029 41390 22861 23541 41392 23032 41393 23035 65367 41397 41057 23548 41398 41059 41400 41231 41401 65373 65033 41403 41404 41066 65377 22706 41067 65378 22709 65380 41410 22710 41073 41413 65387 22717 22718 22719 65391 41591 41421 41592 41422 41593 41595 41600 23071 41432 23245 41435 41606 41607 41609 41610 41611 41612 23086 41617 59638 41619 21560 21220 41621 21563 41623 41624 41285 41626 41627 41628 41120 41632 41633 41123 41634 41463 41974 41635 41636 22596 22768 41639 41980 41644 41645 22435 22436 41647 41138 78710 41310 41140 65450 41141 41312 41652 40974 41145 41316 22786 41146 41317 41147 23128 22788 41829 22789 22450 22790 41661 22791 41151 41321 65292 65293 22794 22625 65295 22795 41328 65299 22799 22800 41331 22801 22802 22803
hp 64
t 28404 45033 44831 44981 28343 42166 44901 44345 26591 44898 42189 44997 28284 26435 44839
hp 97
t 31576
hp 65
t 832 980 981 89 324 983 263 4918 850 4580 1010 821 1012 991 1013 313 803 465 28473 976 849 21122 4653 852
hp 80
t 50174 49155 50175 47286 30796 49156 73467 50006 49668 31478 66500 31142 73473 29954 30805 49336 31146 43046 30807 49167 31148 30979 30809 30980 30810 47470 47471 49682 50194 49687 50197 30988 49858 30819 50199 72980 49521 49692 30822 50204 49524 47824 50035 31506 30826 31677 30827 50207 31678 31508 47997 30319 50040 72821 50042 49874 50045 50216 31176 31517 50218 49198 49538 31519 49539 31520 50221 66202 49714 31694 66376 31186 50397 66548 66549 31189 66381 31193 66554 29835 47175 31536 73527 50237 66558 31538 31198 47178 47179 47180 31542 30013 50073 47353 47354 31374 49904 47355 49566 50418 31548 31208 31549 31550 49910 50081 47362 31043 50083 47364 31554 31045 47534 47194 31046 50765 49408 31219 47200 31051 66240 31220 49412 31052 47201 49413 31053 49414 31224 49415 31228 73220 31060 49420 47210 66421 49251 31063 66253 31064 29874 30897 73228 31068 49428 73229 66257 30219 73230 30729 31580 49431 66260 30901 66429 31412 48073 49434 30734 49435 30905 49436 50119 31589 50120 50121 50122 28873 50124 28875 47406 47407 49448 31088 73248 49449 50129 31090 49450 73250 49451 50130 50131 31092 50132 31093 31094 49627 62209 31100 30250 49631 49971 28893 47428 30258 65962 31624 65964 28905 47439 31120 50160 49481 50161 53051 30271 50162 50163 49993 50164 49994 50165 30786 49656 30790 50170 30791 31301 50172 50173
hp 268
t 49230 49402
hp 235
t 72853 72848 67301 72855
hp 78
t 70977 72870 72892 72788 52155 52156 72875 70899 52073 49482 65993 72900 49398 72816 72903 52035 72818 49359 72905 50720 50699 49403 65957 50700 73033 70994 73504 52149
hp 326
t 69104
hp 107
t 76524 76354 76525 76358 76529 76360 76361 76192 76193 76363 76194 76534 76195 76535 76196 76538 76368 76369 76540 76370 76541 76371 76542 76372 76543 76373 76374 76375 75526 75527 76377 75697 76378 76379 75530 76380 76381 76382 75533 76383 76384 75537 75538 75539 76389 76390 72481 76391 75542 76392 79792 76393 76394 76395 76396 76397 72492 76403 76404 72665 76408 76243 76413 76414 76078 76591 76435 76436 72696 76270 76102 76105 76446 76113 76114 76115 76456 76290 75780 75783 76464 76465 76466 76127 76467 76468 76469 75620 76470 76471 76473 76475 76476 76477 76478 76479 76480 76481 76486 76487 71218 76488 76148 76149 76489 76150 76321 76151 76491 76152 76323 76153 76494 76154 76155 76496 76156 76497 76157 76498 76158 76499 76159 76500 76162 76502 76166 76507 76168 76509 76511 72611 76352
hp 82
t 70277 73510 52005 50900 52007 52182 50568 52057 70078 49636 54779 49509 49255 49553 50703 55166 49685 72849 49261 49219 51388 49902 49691 49223 49440 52033 52077 52078 49657 49317 70398 50764 50723 50810
hp 304
t 73889 79754 73890 79755 73891 73892 73807 80947 74489 73895 75510 73896 73812 79763 73814 73984 75515 73815 73900 73901 73902 81127 73818 73819 81130 73821 74161 75351 74162 75352 73992 80965 75355 74676 80967 73912 81137 75275 55640 81140 73920 80975 81145 75281 81146 74092 74178 75453 81148 73841 75371 73928 73843 80898 80899 73760 75291 73931 73761 74187 81327 73762 81498 75294 80907 73854 73856 80912 75472 80913 74368 73859 73861 73862 75309 73864 80919 75316 75317 73872 75318 73873 80929 73875 80930 75321 73877 73792 75323 73878 74133 73879 80934 73794 73880 80935 81106 73881 75326 80936 73882 74136 76686 73883 80937 79748 73884 79749 80939 73885 73800 79751 73886 73887 80942 74143
hp 277
t 58679
hp 68
t 364 21272 322 28290 836 837 1008 1009 288 375 801 28341 333 1014 292 335 293 294 848 21249 21292 21251 978 21293 511 299 982 21314 20836 351 310 652 653 21269 359 360 27943 786 5716 28114 21273
hp 166
t 20892 20882 20914 20843 20875 20891 831 20889 20901 20923
hp 185
t 47019
hp 100
t 68850 65018 68824 64694
hp 301
t 74686
hp 274
t 51457
hp 186
t 47018 46967 47053 47013 46971 46962 46964 46975
hp 216
t 81198 81369 81542 58337 81375 58090 81041 55542 81044 81561 81562 81054 81055 81056 81057 57767 81058 81738 81059 81061 80976 81062 81064 81914 81065 81915 80981 81067 81408 80983 80987 81074 81244 81075 81160 81076 81077 80994 80996 80997 81252 81507 79808 80999 81084 81085 55500 81255 79810 81171 81087 79812 81004 57459 81005 81346 57462 79817 81008 81178 81180 79821 81012 57467 79823 81014 81355 81016 81019 81023 81194 81365
hp 102
t 79329 80860 80095 76782 72702 80523 79675 80101 79337 80529 79935 76282 80533 80537 80625 75781 80456 75784 75785 63717 75787 72474 71964 80465 80639 75794 75795 75796 75797 80557 75799 79882 72660 75807 80574 72671 80748 80324 76165 72681 80247 75828 72683 75829 75831 76172 72687 80678 75833 75834 72689 76175 76515 75836 72691 80596 75837 76518 72693 79664 75838 72525 80006 76523
hp 305
t 75418 74911 75422 75593 75423 75509 75595 75765 75596 75256 75257 75598 73813 75258 75259 75769 80444 75008 75520 75012 73823 73908 75013 80964 75014 74930 75015 74933 73743 75019 76297 81142 74943 76474 75117 75032 75118 75033 75034 75035 76398 80991 75041 75552 75467 75043 75554 75045 75557 75558 75050 75561 75563 75053 75224 75054 75394 75225 75395 75226 74715 74461 75228 75229 75569 75230 80931 75237 75747 75239 74900 75242 74902 73797 74903 73798 75244 74905 75246 75416
hp 234
t 67726 72358 67896 72317 72169 72403 72275 72319 72363 72364 72304 72305 67759 72306 72413 72392 72160 72308 72164
hp 187
t 3018 25177 2928
hp 324
t 65304 41079 41082 42614 61994 41086 42705 42706 42708 62004 42710 43988 43904 42376 41016 42717 43908 62014 42719 43315 41700 41702 41024 42556 42726 42557 42558 42644 43919 41029 42050 42730 42562 41032 42563 41033 41034 41037 42653 42570 42486 41041 42572 42743 41043 42574 42744 41129 42489 42745 41045 41131 42664 41474 42496 65448 61963 23458 42329 42502 61968 43950 42505 62056 42676 42677 61973 42423 42515 41156 42431 41157 41072 43709 42604 42523
