ap 0
hp 368
 61183
ap 1
hp 369
 53048
ap 2
hp 90
t 61408 59241 59391 58500 57780 60563 61416 59376 60715 57401 58805 59230 59125 59911 59338 59346 58683 60022 61254 59916 60151 57389 59133 59303 59218
ap 3
hp 37
t 74459 74122 74123 74124 75484 74125 73785 73786 76592 75487 75488 53474 75151 75748 74134 76260 76432 76347 74138 75499 75501 77627 53402 74569 77800 74485 75506 74317 74487 75508 74148 75000 74490 76616 74491 74492 77725 75686 75179 75097 53427 74341 76471 76472 75708 74434 56074 81150 75200 74266 75032 74778 74439 75120 74356 75293 74444 76568 74188 74189 74528 74785 74190 74106 75804 32967 74112 74453
ap 4
hp 370

ap 5
hp 371
 28671
ap 6
hp 372
 20472
ap 7
hp 373
 20158
ap 8
hp 38
t 49977 47768 46917 47090 8501 31792 48367 49982 46585 30607 32566 47356 47187 47189 46849 30614 48210 32060 47022 46857 29860 48307 30883 69473 46864 47718 47804 46871 47044 49766 32512 47047 48323 49600 47475 31326 31243 47733 49773 46885 47056 48331 48162 48332 30568 49098 47485 49951 30741 48336 47742 9153 30743 24709 30575 47745 30746 46981 47748 46559 46985 49961 46901 46732 47924 49964 46225 45715 30586 47926 47078 49969 47504 9084 48354 47505 46909 49973 32718
hp 43
t 46916 47597 46577 31788 47598 46918 46578 47599 31791 31793 46414 31794 46925 30605 47778 46419 47780 47100 47101 46931 48291 46932 31803 31973 46933 47784 46935 31976 48297 47789 47790 47791 46941 47112 31812 46942 47621 31134 31984 32155 47624 47796 47627 31988 47629 46270 47630 47121 31990 31822 47122 47632 47123 31823 31993 48313 47803 47806 47638 31829 48319 46960 48320 48321 47472 47473 46963 47814 48154 48324 47135 46967 48327 48158 46968 48160 47821 48161 47822 46972 48163 46973 46464 48333 48166 48337 48168 48338 32018 46129 46979 48171 48341 48342 46984 48344 48345 30497 48347 48179 48350 48351 46993 47164 47673 46994 47506 48526 47508 47509 46999 47510 47511 30513 30173 47514 47004 31875 47005 47516 47007 48368 48369 47009 31369 48370 47011 48542 48372 47523 32053 47524 48375 32735 48206 47527 47017 48377 47018 48378 47529 48379 47530 48380 47531 48211 47021 47532 48382 47533 46853 48213 46854 46855 47535 30536 48216 47706 47537 47027 30538 46859 46860 47030 47881 47712 47543 47713 48224 47714 46865 47715 46866 47716 30717 47717 48229 47549 30719 47719 47720 47211 47043 47554 46364 47555 46365 46877 46878 46368 47559 47560 47050 46882 31412 46884 31244 31925 47565 47567 48248 48250 46892 30573 48253 46385 47576 30576 47746 46897 47577 46728 47579 46389 46900 46390 47751 46903 46905 46906 47756 48096 47757 47588 47759 31779 48439 46911 31781 48102 47933
hp 36
t 50233 47855 47771 47517 45056 47182 8508 47525 32140 47015 46336 31802 47443 47019 46934 27639 30872 46852 46512 47788 48383 30789 46344 46939 47622 30623 47114 30796 47203 30884 48311 47802 30807 47553 47637 46876 47556 46366 46962 49938 46879 31329 46970 48586 49692 31418 48249 48164 47062 48169 47064 47744 46896 46388 49449 30835 46730 30836 46902 30922 66625 48268 46908 30931
ap 9
hp 59
t 29237 11897 9688 10028 10029 9689 11899 12238 9692 11563 10034 32644 9695 11564 10205 12076 32645 11735 10207 3919 10720 10890 16161 11743 11064 32655 29428 9878 10730 9710 10050 9541 9542 9714 10054 10224 12095 11755 9545 10225 11246 9377 10058 8358 9719 10059 9889 9550 9891 9722 10231 9554 11765 9726 9386 10236 9592 11768 9558 10238 11430 10921 5993 32683 12285 12116 9906 9397 16198 11948 9740 11783 8384 11785 10088 8390 9920 16381 20461 8392 10095 8225 9418 9928 11119 9249 9590 9591 8403 9593 8404 9424 8745 8746 9596 11638 8749 8409 9939 12150 9940 11300 8411 9941 8582 11983 9263 3315 11136 9946 12157 9947 9438 7738 12160 8422 32732 32054 12168 8261 9622 9794 9454 9285 9798 8268 9799 9969 9290 9802 11502 9632 16263 8273 8444 9293 9294 8445 9635 11166 16266 8277 9637 9809 8279 9979 32592 9812 8282 12192 12193 16273 9854 29025 12196 8287 9308 9820 11860 11862 9823 11523 9313 8296 12207 11358 30059 10001 11022 9833 10004 9836 8307 10687 9669 16300 10010 9671 12222 10182 28711 11712 9673 9674 9505 9846 16306 8316 9676 9506 11377 9337 11888 30418 8318 8319 9679 9680 16141 16312 11894 12064
hp 55
t 48276 8370 8456 30769 46961 47812 47344 49768 32046 30730 31795 46544 32477 32138 47353 8467 48374 49012 30610 30825 47528 32100 31166 47020 48170 32488 47491 47023 31426 47747 32490 30748 8351 46983 47749 47794 47752 32199 31817 32243 31818 31989 31820 32117 30970 31821 32033 30971 32034 31778 46910 32036 9214 31825 47721 49975 47722 30893
ap 10
hp 95
t 5180 4501 44367 4502 5268 8158 4845 5101 4847 43523 44459 4339 21340 44715 19983 15907 42259 8005 7920 7495 8175 7751 4267 5202 44217 44473 4522 5204 7499 7670 4101 4358 8013 4359 44394 44904 7675 8015 7505 4362 5297 4107 7507 4533 4449 4195 5130 4535 7086 5131 44402 44999 5219 44150 4200 19928 44667 42970 3534 42978 15950 16120 5666 42137 42138 7798 7968 8139 20124 4401 4487 4403 44864 8147 7977 5172 44357 5173 44359 4154 5771 4836 4497 7644
ap 11
hp 159
t 8963 9006 3014 8283 2717 1912 8542 3145 3188 2980 2003 8930 48714 32395 8935 8255 2691 32441 2436 3074 12170 9962 8603 48129 9923 25564 2742 2659 8694 8269 8780 2320 8483 2108 2788 2449 2450 8274 9168 8276 12187 9170 2073 9130 32378 1949 2459 9005
hp 153
t 1802 25194
hp 155
t 9060 2983 1606 1510 1712 32354 3318 1661 1808 1384
hp 157
t 48951 45678 25452 48922 9004 24708 25346
hp 149
t 1617
ap 12
hp 350
t 40517
hp 134
t 16529 40456 17357 16678 16657 40693 16532 40544 17382 40821 16570 40610 40400 16538 57021 33647 40702 40808 40747 40493 40260 33715 16569 33718
ap 13
hp 374
 8127
ap 14
hp 375
 61374
ap 15
hp 52
t 54204 71354 70590 69868 76923 70613 71187 76841 75885 77460 76823 70597 70598 70599 77358 69942 77339 76831 71221 76853
hp 56
t 31786 31446 31193 31195 31451 31452 46752 30603 31456 47779 31119 31205 31461 48376 31462 30188 47783 31464 48294 31211 31466 30022 31468 30535 31896 31471 30026 31813 30029 31475 47710 31816 31391 30203 47798 31139 30205 30547 31911 31316 47807 48232 31997 31998 47561 31839 31331 30144 47739 31334 30146 31168 30149 31189 47831 31427 47833 31174 47834 29985 31176 47836 47496 31431 31178 47838 31180 46990 30165 47845 47675 47760 31441 31356 46996 31443 31358 31869
hp 50
t 54651 56181 54056 53717 74968 74288 54397 54059 74290 54230 36719 53890 75736 53977 54323 54070 74981 54326 53903 77449 53650 54330 77706 54161 53396 54332 53992 54162 54674 55949 53656 53996 76946 53401 54083 54254 16854 54679 56125 54936 56126 77802 23572 55788 54684 53494 53581 54601 54177 33692 53753 53841 74328 53758 54609 77134 54697 77819 53935 33621 54021 33113 56064 54704 14585 54620 56065 54705 56066 53942 53432 33032 53858 53434 53861 53947 33038 54715 54716 53951 77326 54037 32957 53527 55993 75715 54127 75718 54638 54043 77676 75643 32800 74875 54646 54051 54136 53627 77767 53712 54052 53882 53969 57115 53885
ap 16
hp 89
t 26579 28214 5033 44600 44495 44602 44709 21419 44603 26607 44607 44142 44588 44122 44653 26507 21386 44548 44570 28209 44592 21389 28189 44551 4920 44572 28212 28063 44554 44597 44555
ap 17
hp 376
 65535
ap 18
hp 51
t 30087 9690 9691 9862 29753 53044 16155 29245 10378 12418 9868 11228 10719 52709 53049 30440 32648 29761 53051 29931 12591 29084 16164 53054 30445 52715 52886 12935 9536 9709 29599 52891 52893 10905 29436 12436 10566 9887 10567 11078 9888 52899 10399 10061 52225 10915 12955 10916 10919 9563 10924 10925 11946 9908 13481 29291 13823 13483 9916 29297 10769 12982 10263 11116 11120 29141 10951 12822 28803 28973 36285 10955 36287 29658 53118 53122 13347 28818 11139 16239 11480 8421 52962 28823 28824 10975 7235 28827 11152 36313 28834 11155 11495 53145 52806 8440 28841 12861 10991 11162 9803 52983 29184 13204 12864 11165 52815 10997 29697 29188 9978 11169 12698 11339 28678 29190 29191 28851 11174 11175 10835 52825 29195 52826 52997 13046 17127 11007 52827 10328 29198 29709 53000 28860 11012 17132 10843 10333 9824 13084 29205 29375 11015 36516 29207 52837 53008 53009 53011 9831 52841 9832 29211 52842 29212 29043 9835 29725 10345 12896 36526 10688 15280 52850 9670 10690 9841 53021 9844 12905 29395 52347 10527 8317 29908 10871 36541 10022 10873 11214 52864 29745
hp 40
t 49551 49891 49893 30768 49553 49638 31109 47769 49639 49896 49641 50238 49899 49645 31881 49646 66478 8338 48373 31799 30693 30526 49482 32059 47616 49997 49659 31470 30366 49662 49841 46357 46952 49929 46954 30551 49846 49932 31827 49762 47213 31149 50019 49935 49936 30557 47813 49940 49942 32604 49947 46377 49948 31164 49950 31080 47829 30747 31682 31173 46898 49959 49619 47835 30581 49962 29817 30923 49538 29991 29907 29823 49970 46571 48272 31102 46913
hp 63
t 29110 54057 55120 52998 55253 53936 54065 53727 56490 77613 54068 54707 54711 77619 52674 54717 54718 53698 29644 54593 29348 54551 54594 53957 54680 29095 53747 54047 54600 52603 55068 53878 54388 55075 28933 28765 53883 53799 11173
ap 19
hp 377
 57078
ap 20
hp 139
t 2168 1620
ap 21
hp 378
 28607
ap 22
hp 379
 73702
ap 23
hp 380
 60664
ap 24
hp 42
t 76496 76412 76497 76413 76498 76329 76414 76415 76500 76840 76416 76417 75652 76502 76418 76419 76505 76507 76341 75662 76344 76345 72607 76348 76349 75669 76859 77029 72609 71845 77033 76268 76183 77034 72614 76184 76439 76269 76271 76186 72617 76526 76442 71853 77039 76191 76532 76363 76533 71179 76535 76536 76454 76369 76455 76370 76540 76371 76200 76541 75691 69826 76542 76457 76460 76377 76207 77567 76383 76298 72560 75706 72562 69844 76390 75710 72565 75711 76391 72566 76392 72653 72654 75884 72655 72570 69851 69856 76488 76489 76404 76830 76405 76490 76491 76406 76407 71222 76322 71224 76495
hp 65
t 52994 16362 33577 13984 16195 51343 29924 30308 53428 16880 15223 53090 14166 33293 13531 77026 16294 10388 53103 53019 53148 16343 12989 10994 28846 36326 36327 12654 52821 13040 16229 12362
hp 58
t 54140 74966 74416 54102 69828 71231 76332 53680 53978 53553 72596 75744 70179 77022 77277 76852 76856 74307 74476 77028 74478 53952 53655 53571 75714 54081 72571 54042 76399 77464 74872 76320 76493 54264 76365 74878 69864
ap 25
hp 97
t 4292 43307 4505 42290 4509 21255 43015 4850 21256 4383 44464 45016 43487 44125 42469 43659 42639 44212 8132 5030 42855 21351 42474 44302 43453 42306 21355 44475 21313 701 5291 4356 42989 4824 43415 44138 21401 4402 44097 43758 43376 43291 42866 43675 44866 21321 43294 44188 5215 4578 4281 43424 43510 44870 44106 4539 44277 4498 42792 44493
ap 26
hp 92
t 19208 18698 58480 61201 61034 18704 61036 61206 60869 60871 18711 19223 60876 60877 18721 58674 37765 18725 18726 60886 18557 37767 6487 19238 18048 18730 18731 58684 61404 61236 60729 60730 61411 61412 19424 18065 6505 61245 61246 18066 37447 61247 61420 61421 19432 17733 17904 58538 19269 61091 60751 6181 61092 61432 39844 61435 6184 61095 18936 61437 18937 61097 61098 6528 57872 60763 39853 6533 37474 39856 18608 37818 61278 60939 6539 39860 58562 58563 61283 58394 58566 61287 58399 58400 6551 18111 61292 61293 58064 61295 6556 58407 6557 61299 58411 37161 18632 58412 37162 36994 58584 57904 60965 57906 58587 60970 57910 58592 18132 60974 16775 37180 58601 16441 58432 58433 18483 58435 58605 58436 58606 58438 58440 7105 61339 58454 37544 17828 57950 61352 19363 18853 61184 61185 61186 57446 61356 61189 61190 61360 61191 61361 61021 61193 6963 60514
ap 27
hp 39
t 55036 74331 55717 74332 55759 55676 54911 53976 55339 55806 55849 56020 55722 54662 55640 55767 54833 54962 55769 55854 39493 55984 56070 74345 56028 56155 55858 56284 55307 74411 55902 74350 54928 54291 54334 54972 39502 54973 39503 74269 39675 54682 56169 55746 55620 55706 74322 55708 74451 56007 55625 74495 55669
hp 47
t 54630 54970 74244 53993 74310 56141 74396 54995 55038 74333 55760 55805 54702 54873 56150 74489 56067 74406 54708 56029 55771 74471 53287 54881 74920 55859 56157 74391
hp 60
t 55756 55927 55076 55077 54908 55928 56012 74969 55929 56013 56014 56015 54912 55847 55000 56530 54661 15731 55937 54663 54493 55768 55939 54324 54325 15480 55940 54666 54667 54327 56537 55946 54333 53994 54929 54335 54675 55101 53997 54681 15497 55713 54863 14149 54869 54701 54787 55724 54619 54960 54280 55131 55049 39497 15614 54969 54289 55058 55908 54890 55910 54976 55912 54892 55148 54979 54894 55065 54895 54641 53281 55067 56002 54643 54644 55920 56006 55921 54732 74281 55925
ap 28
hp 79
t 42497 61197 42499 22780 61371 58481 43863 42503 22784 22616 59166 42508 22620 42510 22621 22790 42682 22622 42003 23133 60024 23134 42005 22965 40987 58497 58498 60710 22800 64791 40991 59353 59354 22804 22805 22976 60037 22977 22978 22979 60720 58510 22641 59361 22811 22981 42022 22812 22982 43893 42024 59364 43894 79594 58345 22815 42706 22987 41858 60558 42710 59370 41860 42372 42032 43902 22993 57673 42375 64985 57846 42037 22997 41018 61418 61419 22660 41700 42380 23000 42381 23171 77912 22663 23003 22833 22664 59383 22834 61423 42045 39326 22666 22837 22838 22669 59219 22839 61431 41541 22841 60922 65173 61433 22674 22675 41717 22847 22678 42740 23021 23191 22682 23022 42572 59573 42404 65014 41554 41725 41555 42746 23196 59918 58391 59752 58392 58393 23204 60095 23205 61286 59417 23207 41567 57718 23208 23210 59081 23211 23212 23213 22534 42594 58405 42595 23215 22535 59255 22537 23218 65210 22540 42601 43963 42603 43964 58415 58756 22717 22718 57738 42608 41588 58758 42609 59780 22551 57402 41593 42615 78826 60126 41595 58596 59788 57750 57760 22570 41442 58102 41612 60143 22573 41784 22574 22575 78846 59808 22748 22918 59811 22581 65082 23262 64913 22583 59815 41626 41628 22928 58799 23269 59820 23272 23273 22593 22764 59994 23274 59313 23275 59146 22597 59997 22768 22769 59829 22770 59490 78700 41640 22601 59832 23283 22774 39775
hp 81
t 42836 43516 62216 44197 44028 43349 42839 43519 44200 44031 42672 40973 43693 44203 42844 62225 43696 44036 43016 42847 61888 43019 44888 27889 44209 44040 62228 44891 62231 42852 44044 44385 42515 42516 44218 44389 43029 43710 42860 43880 44391 44731 44224 42524 40995 62245 42526 43717 62246 61907 41506 43377 42017 43719 42529 62080 42870 42531 43892 62083 62252 42533 62084 61913 61914 43384 62086 43386 44916 43727 43387 44408 43388 62090 62091 44241 62092 42883 62094 62095 62265 62097 43058 62098 62268 62099 61929 42890 62101 62102 42723 43743 44253 62104 61764 62105 43405 41026 62106 43581 42394 43586 41207 44268 44270 43591 44102 42912 43083 62125 43765 62126 43936 43767 43937 41048 43938 41050 43941 43772 62132 43942 61964 42924 42755 43945 44116 43435 43946 43267 26439 43949 41400 62140 43270 44801 62141 43271 43275 44127 42767 43957 44128 62318 43279 43280 44131 26621 42602 44133 43282 43287 43288 43289 44820 43460 43970 43290 43971 43804 44147 43808 44148 44149 44193 43299 43469 42450 43643 43644 43984 44155 43136 43816 44157 43817 43478 43819 43480 45010 43310 43651 44842 43312 43823 43484 43145 43485 43315 42128 42298 43318 42470 44004 44005 43496 44007 44008 42308 42309 43329 43670 43513 44011 43842 42311 43332 43843 43502 42483 43674 42485 43505 44015 42486 44016 42316 42148 43338 44189 44019 43512 43682 40962 42834 41984
hp 85
t 22776 78368 57458 22779 78879 78200 59500 59502 59509 59000 57811 78723 78724 59854 60365 60366 78727 60367 58159 78732 60373 78735 78395 79077 78227 79079 78402 79083 81807 78410 41861 57672 57674 57675 78245 60398 78424 57854 58025 78425 59902 41883 59400 59743 58893 59064 59744 60254 60256 60257 59408 78449 60262 60264 59415 60265 65029 58910 59765 60277 60278 64529 58919 60281 60283 65043 58924 65044 58925 59436 65045 58926 78481 58931 78822 57742 78482 59614 59446 78486 59616 59618 60173 59620 78491 64551 59794 59455 58945 59456 58096 59626 59796 58947 59627 78498 59459 57762 78502 59632 60313 59804 65073 59633 60314 78504 59635 59807 57938 59809 59469 59638 22750 78340 58961 78513 65083 22755 60326 65086 59647 22758 59478 39927 22761 59821 64582 22763 59483 78353 60335 58976 22767 78187 58977 59828 60337 60338 57789 58979 59830 60339 22771 59833 60343 60174 60344
ap 29
hp 48
t 50231 61578 47172 30767 66679 47173 48065 49596 30938 47175 47133 47178 49900 66477 65627 31075 47184 66564 66565 47186 49949 68904 47144 46039 66610 66652 47188 69118 47190 30785 30828 66570 46957 73244 68867 47195 47196 49960 68662 66622 47413 49411 30798 50093 30968 66584 49542 30926 30800 46907 73257 66799 69519 46868 47124 49547 69267 47168 47126 47169 47170 69057
ap 30
hp 62
t 15296 28813 12323 36471 36475 52711 17183 52713 28829 52714 28830 5966 36314 13705 19486 52978 13623 52809 52898 52813 12865 13716 12697 14146 52822 53163 36334 13895 29790 14065 28940 28857 53168 52828 13049 16875 53170 53001 56910 52917 52919 29800 53092 28784 29126 14677 30318 53099 52675 54460 34060 28876 52677 28792 33471 36531 29392 33558 52854 10952 35858 55069 36288 11978 36289 52950
hp 151
t 49074
hp 64
t 34166 12321 15785 34424 54080 33151 13900 12370 70106 35683 14666 14030 35046 13479 70578 32797 34370 12441 76362 34160 36795 33374 34226 12319 12554
ap 31
hp 46
t 50103 49680 28898 49852 50065 50066 47177 50577 50579 30731 47776 66649 30824 49653 53182 49444 30745 67297 49408 49834 66963 49665 50091 65562 30797 49922 49967 65948 50010 49161 30844 31227 49971 30805 49761 31062
ap 32
hp 381
 39865
ap 33
hp 158
t 14241
ap 34
hp 382
 52475
ap 35
hp 193
t 40755 19294 40884 57035 40886 37912 16704 38082 16409 17387 40805 40891 40806 40637 16582 40594 17391 40597 40428 16629 17989 40430 17352 16503 38008 16418 40600 16419 38051 18035 16506 38011 40604 14852 38015 16510 40906 17361 40611 40910 40316 40656 40402 40275 16730 37259 16391 16689 40362 40788 16650 16653 16652 16397 40411 16782 16825
hp 173
t 48847 48509
hp 317
t 14382 14513 14524 33596 14481 14460 14590 14484 14431 33185 15324 14422
hp 318
t 39702 57807 39703 57804 39709 39898 39708 39880 57813 39901 39764 39902 58029
hp 308
t 27344 43771 27367 27346 43752 62346 27369 27371 27352 27331 27353 27376 43760 27334 27378 27357 27039 27379 27358 27339 27382 43766 43026
hp 332
t 51080 52440 35866 51081 35869 52445 50660 51085 52021 52449 51090 50496 50838 49393 51774 50754 51010 50502 52457 52458 52459 36228 50508 50509 52464 36061 51192 36062 50769 36577 52303 50860 51120 50698 35909 52145 51720 51040 51126 36081 36082 35913 51722 35914 52574 36084 36340 50790 51725 51131 52577 51132 52152 51133 51134 13225 35920 50625 52581 51731 50627 36092 51052 36093 51053 36094 36095 50716 50802 52333 50721 35932 50893 50726 36027 50732 50648 50649 50653 52437 35863
hp 119
t 77011 53461 76889 77097 74972 77630 77690
hp 298
t 62959 63278 64173 63409 62985 63943 64262 63285 80646 64009 64138 63777 63968 63652 63291 64206 64037 63826 63869 63678 67632 64084
hp 259
t 61440 63035 61547 61464 61486 61487 61466 61477 61880 61649 69598 61693
hp 256
t 63240 63920 63241 63921 63242 63922 63243 63923 63924 63925 63926 63927 63248 61548 63249 63929 63250 63251 63931 63252 63253 63254 63255 63936 63257 63937 63938 63939 63260 64280 63261 63263 63944 63946 63947 63948 63950 63951 63953 63955 64296 63956 64297 64299 63280 62940 63620 63281 63961 63282 63962 63283 63963 63284 63624 62944 63964 62945 63286 63288 63289 64310 63290 62950 63971 63631 63292 62952 63293 64313 62953 64314 63294 63973 66695 63295 63974 62955 63975 62956 66698 63978 63299 63979 63642 63983 63990 63991 63992 64335 63997 63998 64339 62979 63999 68760 67404 65365 62987 63669 68770 63671 61634 62996 63676 61638 61643 63007 68109 68114 63014 68117 63017 63018 68119 63019 68801 68121 68124 61664 68125 64385 68805 64386 68126 63025 68127 63026 64388 64389 63029 64390 63030 64391 64392 61672 63033 63034 64395 63036 67459 64399 61681 63041 67464 68145 68147 68148 67470 68155 61695 68838 63064 63747 64430 67490 63751 68852 67493 63085 63086 63087 63767 63770 63772 68196 63097 68199 63780 67521 63788 63789 64130 63791 64132 64133 67533 64134 67535 64135 63116 64137 64139 64141 67542 64142 64143 64144 63804 64145 64146 64147 63808 64149 64150 63810 64151 63812 64153 63814 64154 63134 66876 63816 63817 63818 61441 68921 63821 63823 63824 64164 63825 64165 67908 63829 67570 63830 63492 64172 67574 64175 63835 63843 64188 64190 63854 68275 63858 61482 63864 63865 63866 63867 63868 63870 67964 61504 61505 67966 61506 61507 61511 63892 61514 67638 68318 63900 63901 63902 63903 63904 63225 63905 61528 61529 63910 61531 63231 63913 63235
hp 101
t 53460 53632 53293 53463 53634 53637 54997 53638 53893 54998 54999 77099 53980 54660 55002 53643 74978 53304 53985 74980 53646 53987 53647 53648 53988 54328 53649 55008 75494 54670 55010 55011 54671 53991 55012 55013 77708 76860 74991 55016 53317 53998 53659 55020 53490 53321 55021 55022 53322 53324 53495 54856 53498 53500 53501 53503 77303 54866 77817 53258 53430 53350 53693 53953 77670 54977 76993 54128 76995 77592 54900 53456
hp 172
t 62341 45884
hp 179
t 32509 32339 31831 8330 9182 32388 32134 32135 8505 8465 8466 32521 8381 8339 32522 32564 47014 8468 32396 8470 31760 9152 8474 31850 8476 32531 32574 8477 31895 32150 8478 8479 9201 32492 32024 9202 48387 9076 32068 32239 9077 32069 9160 9078 32070 32368 31859 32329 9169 32076 9085 9171 9086 47081 32548 9215 32506
hp 168
t 48315
hp 255
t 33486 33488 33489 33490 34170 33491 33832 33492 33493 33494 18364 18365 33325 33498 17689 33160 33500 32820 33841 33161 32821 33842 33501 17692 33503 33847 33853 33854 33855 18215 14645 34195 33516 34537 34198 17709 17200 33180 17710 33349 17031 6662 33351 33522 33524 33356 33527 33528 34208 17210 33532 33533 34214 34725 17728 34048 15350 17731 6682 6684 18245 6685 6686 34057 17738 18249 14680 35421 14682 34573 18254 6695 14685 6696 14686 34237 14687 33388 34580 34581 33392 33903 34583 18263 33224 14693 35433 18265 35434 34586 18266 34587 14697 34588 34248 33398 34759 33399 14700 33400 14701 18952 33402 18953 34082 14363 33234 34083 14364 18955 33404 14365 33405 34256 17086 14366 17087 33407 17770 33410 18282 18283 18964 14376 33416 33417 34608 14378 33420 18974 14385 34786 33426 14726 17107 34787 14388 14729 17110 34281 15071 33431 14394 17115 33436 14397 34117 14398 17458 34289 14739 33440 34291 14741 33444 34125 18996 33445 35486 34807 18998 33447 14747 33450 17470 34130 14751 34302 33452 34645 33795 33800 14760 14762 34143 14595 14596 14597 35510 34151 35343 17664 17667 33137 33817 18178 33818 33478 33479 14611 33821 18352 35352 33481 18353 33483 34164
hp 246
t 39892 56563 38768 55811 40175 38816 38817 40157
hp 328
t 81766 60346 79047 81771 58992 58993 81774 81775 81265 81266 60357 57466 81267 57467 81268 81269 81270 81781 81782 81783 81786 81276 81787 81277 81278 81279 57480 57481 81792 57482 79076 81797 78397 81799 81800 81801 81802 81803 81808 57498 81809 79089 81810 81811 81812 57505 60056 57507 57510 79101 57511 81822 81823 81824 81825 81829 81830 58880 81832 81322 81833 81664 81665 81666 81157 81328 81840 81670 81841 81331 81842 81843 81844 81845 81165 81675 81846 58895 81847 60258 60259 81850 57710 81680 81851 81852 81684 81855 81685 81856 81686 81687 81688 81689 81520 81690 81861 57550 81691 81862 57551 81692 81863 81693 81694 81695 81866 81526 81867 58917 81868 81188 81699 81361 81363 81874 81364 57564 81876 81706 81367 81878 81538 81539 81880 81881 81372 81883 81373 81713 81374 81715 81375 81716 81380 57582 81553 81723 81384 81385 57586 57587 81218 81220 81560 81730 81732 81223 57424 81735 81396 78507 81397 81228 81398 81229 81739 81230 81740 81231 81402 81742 81913 81234 81235 81405 81916 58968 81579 81750 81582 81752 78525 81755 60336 57616 58978 79041 81764 60175 81765
hp 319
t 39689 39889
hp 329
t 79132 81342 79133 79134 79135 78370 78455 78880 81857 60267 78885 81776 78886 79057 81778 79058 78889 78549 79060 81865 79146 78551 79147 78892 79063 78553 79064 81190 78385 78980 78555 79066 58920 78981 79067 81872 60282 81788 79153 79238 79069 78983 79154 81705 78560 81791 79156 81793 78988 81794 79244 81795 78564 81796 78991 78567 79078 81798 78485 78910 79167 79085 79086 78916 79087 78918 79090 78920 78497 79092 78582 81813 78583 81814 78414 81815 79095 78585 81816 81901 81902 78927 81818 79098 81903 81819 78589 81820 79269 81821 78933 79104 81909 79105 78512 81831 81834 79200 81835 81836 81837 81838 81669 79206 81671 79122 81502 81758 81333 79124 79043 79126 79127 81082 79128 81083 79129
hp 299
t 68975 68891 61618 61709 61624 68765 61796 68894 68633 61756 61715 68984 61760 68730 61705 68648 61891 68862 61808 68608 68651 68693 68864 61897 68868 68613 66913 68657 61602 68658 61816 68701 68617 62371 61862 68973 61820 68960 68620 62500 61906 68963 69047 66966 61611 68668 26848 62081 68628 61615 61573 68885 68631 68886 68717
hp 323
t 14360 17251 14361 14617 33581 33666 14461 14631 33077 14633 14634 33591 33166 14466 14381 14552 33592 14468 35718 14638 33000 34531 15322 32833 33598 14474 14475 33262 33092 15327 14393 14479 14480 33520 15336 33144 14403 33698 14489 18315 14406 14493 34468 32770 15347 33028 33824 18326 14416 32947 14588 34223 14419 35670 14420 14591 14506 14421 33804 33039 14425 14340 14427 33638 14514 33129 14518 33218 33813 14435 33646 14776 14522 14437 33563 14355 40196 14527 14442 14444 32805
hp 266
t 73096 72247 72756 72248 68509 72249 50149 72931 65794 50144 72765 72766 72767 72769 72940 72771 68352 72943 68356 68359 67170 68361 68532 68533 68534 49324 70916 68536 72786 68537 68539 68540 49335 65657 49338 72798 65659 73143 72805 65665 72806 70937 72807 73148 67880 70941 67201 67031 67202 67881 72812 70943 72813 73664 67204 72814 67034 73665 72819 67039 65850 72820 73672 71632 65853 73674 70784 70955 70785 73676 49198 73680 72830 70961 70791 72831 70962 67222 68413 66544 70794 67055 70795 65696 70796 70797 73689 70800 68421 70972 65701 70975 71656 70806 65707 66899 66559 70809 70811 67072 71665 66905 67078 71674 70828 49239 70829 68449 49409 72869 67090 65900 67091 67262 68452 65734 68456 68459 66932 72712 67102 72713 67103 66935 49425 65581 66941 72891 66943 72723 49437 65757 68481 67121 71542 72733 71543 65764 72906 72737 67128 72739 67129 67133 71553 71554 73085 67135 73598 72749 68499 72751 72923 68504 73095 71565
hp 279
t 49296 49297 51340 51341 70721 70722 51342 49303 70384 71405 70385 71406 51347 49308 70388 70050 70391 51352 70733 51355 70395 70397 70398 70738 70399 49320 49321 70744 70065 70745 52045 70066 70406 70407 51707 52047 70408 71394 70409 51709 70410 70750 49331 70411 70412 52052 51374 71094 52054 72455 70415 52055 70416 71096 70417 71097 70418 71098 70079 70419 69739 70420 52060 70081 70082 70422 70762 70083 52063 70764 52064 51384 70086 70431 71112 70433 70095 70104 52084 70105 52085 52086 70107 52087 70448 52088 70449 73170 70450 70112 70452 52092 52093 70453 70454 70456 35436 70117 52097 70118 70119 70459 70461 70462 70123 70463 70124 70125 70465 70126 70127 70034 51432 71495 70143 52125 52129 52131 51451 73213 70833 73553 69813 51456 70837 71177 51457 70158 51458 51459 51460 70501 51461 70502 51462 51463 72544 70844 70845 51465 72546 51466 70847 51467 70169 51469 72550 51470 72552 72553 51474 72555 51475 51478 72563 51483 71545 52165 70189 73590 52172 52173 52174 52175 73602 70884 51506 51509 72252 51512 70892 72932 51513 52195 70216 51517 35538 70226 70907 70913 70914 70574 70915 70237 51537 70239 69899 70579 51541 70242 51543 70244 72624 72625 70585 51546 70927 51208 51548 70249 72629 70250 72630 70930 70251 35570 72631 70252 51212 51550 72633 72634 70255 51555 72635 70256 70936 72636 70257 51556 51557 70258 51558 70259 69919 70939 70260 51559 51560 70261 51561 70262 70263 35583 51563 70264 70944 51564 70265 70266 51566 70267 51567 70268 70948 70269 70949 70270 34910 70271 51571 70272 70273 70274 72314 71634 70275 51574 51575 70276 70277 70957 70278 70959 51920 70284 70285 51925 70286 51926 70287 71310 34932 70294 70296 70297 70977 70298 70978 70299 70979 70301 70303 51603 70304 69964 71664 70305 70985 70306 70987 70308 69968 71328 70309 71329 70310 71670 70311 70312 69972 70313 51613 70314 51954 71334 70315 51615 70316 70656 51616 70317 70318 70658 70998 70319 70659 71000 70660 70321 70661 69981 70322 51621 51622 70323 70663 70324 51624 70325 70326 51626 70327 70328 71008 70668 70329 70669 70330 71010 70331 71011 51631 70332 71012 71352 70333 71013 71014 70335 71015 70336 70337 51638 51639 70340 71020 51640 70341 70681 51641 70342 34982 71021 70343 51642 71022 70344 71023 49264 70345 51644 71365 70346 71366 70347 51647 71367 70348 70349 71369 70350 49270 70690 70352 70692 71372 70353 70354 70694 70355 70356 70357 70358 70698 70699 70020 52001 70363 52003 70703 71384 72065 70367 51328 51329 51330 51331 69691 72072 51333 51334
hp 232
t 74977 74488 74287 54790 53325 77720 74415 74990 77712 77723 54858 54668 53468 53374 56168
hp 292
t 74329 77721 74348 74986 74349
hp 258
t 64744 64183 64087 64169 63335 63422 64156 64181 63380 64189 64562 80829 64148 63373
hp 176
t 50400 31628 31639 53123 49724 31620 31621 49847
hp 109
t 81256 73948 80918 73949 79733 81263 78374 79734 79735 80928 76679 81780 79740 79741 76681 79742 76682 75323 76683 79744 81785 75325 79235 80935 76687 73967 81789 57479 79750 81790 79751 76691 76692 81623 79756 79757 79588 81628 81629 80440 73811 80443 79765 79767 78917 79258 79770 79771 80961 79772 75353 80963 75355 79265 81137 81138 80968 81308 80969 81141 75362 80973 81145 79785 75365 81146 80976 79107 79787 80977 80978 81149 81151 79281 81152 80981 79282 80987 81158 80988 79120 81330 79214 81176 81177 79817 81178 79819 81859 79649 81179 74719 79824 81864 79145 74725 79825 79826 81186 81187 79827 79828 78978 79829 79149 81019 79830 79152 81873 79833 81875 81196 79836 79837 79157 81877 79158 81197 81879 81199 78989 79160 79840 78990 79161 79841 79159 79162 79842 81882 79163 79843 81033 79845 79846 81037 79848 81038 79849 78999 81890 81039 79680 79851 81891 81892 81893 81895 81047 79858 81900 79690 81733 81737 79870 75280 79871 81401 81745 80896 81746 80897 75286 81747 79198 81068 79199 80899 73928 81749 80900 73930 80902 81245 81078 80399 79213 73943 79554 81084
hp 322
t 57796 57456 81853 57798 57714 57799 57715 57801 57461 57802 57462 57548 57463 57464 57721 57722 81777 57638 81779 57640 57810 81696 57727 57472 58153 57473 58155 57816 57478 57819 57820 58160 81536 57821 57822 79073 57483 57484 57485 57656 57486 39806 57488 58339 57659 57829 39897 57494 57834 57495 58771 81382 57668 39904 57499 57500 81726 57502 57842 57847 58018 81479 79099 58021 39916 57682 57852 57512 39918 57513 58024 57685 57515 57516 57687 57603 58794 81490 57436 57351 58031 57521 81917 57522 57693 57353 81748 57694 57354 57440 39930 57356 57697 57612 81667 57358 57443 57613 57784 57614 57701 57531 81757 57788 57703 57448 81760 57451 58046 57706 57793 81848 58134
hp 225
t 49720 53120 29320 50401 31616 49722 31617 50403 31618 53124 31619 29324 50404 10455 28816 29666 28817 53126 31622 30264 28820 29670 31625 28821 30266 30437 31626 28822 53132 10973 53133 53134 31629 50414 28825 31630 53135 28742 10637 10552 10978 31633 53138 53140 31635 53055 28831 29341 29512 53141 29342 53142 52801 30450 31640 29686 31641 50514 53151 29097 10483 29693 28676 10402 28848 28849 28850 29360 29361 28852 10493 28854 49851 52231 29281 31662 49682 29282 29368 29540 49685 29285 29286 53172 29372 53173 28694 53174 29290 28696 53007 53179 36435 29893 52248 53183 10432 29642 10435 28965 29561 29646 10352 29563 29648 28970 66541 49713 10275 28806 29401 49716 29316 52268 28979
hp 171
t 31447 31107 31448 31449 31450 31453 47777 31968 31463 31465 31467 31469 31301 31476 31138 31140 31313 47808 47810 47811 47815 31838 47820 47480 30482 30483 47823 30485 31845 31849 30659 48340 30151 47832 31172 29984 31857 29987 30499 47840 30160 30161 31181 31183 48523 47846 30167 47847 31187 30678 30169 47849 29999 30170 47850 47851 30171 30512 47852 30172 47853 47854 30514 30516 30517 30518 31368 30519 30690 31370 30691 30182 30522 30523 30183 30524 30694 30525 30185 48205 30186 30016 30187 30527 31377 31378 31379 30700 31380 30021 31382 30023 47534 30194 30704 30024 30703 30025 30537 30027 30028 30199 30539 31389 30709 30200 30030 30541 30201 30710 30202 30542 30032 30712 30713 30204 30545 30546 30038 31909 31910 30554 31914 31236 31917 47558 31921 47564 31245 47566 47736 30567 31420 31421 31423 31424 31429 31430 30540 31432 31435 31096 31098 31440 31442 31444 30595 31445
hp 307
t 26856 44196 44201 43181 44207 27888 43528 44211 43192 43536 43537 43538 42858 43539 43540 43541 43542 43543 43544 44225 43545 43546 44227 43547 43208 43889 42869 44230 43211 43553 44233 43554 44235 43216 43556 43557 42877 42879 43559 43219 42880 44240 62261 42881 61922 43562 62263 44244 43564 42884 42885 43565 62264 42886 43566 62267 44247 42888 42889 44250 42891 61932 42892 43572 61933 42893 43233 45954 44255 42896 44256 42897 43578 42899 44259 44260 43240 43582 43583 42904 43925 42907 43588 44269 43930 43592 43595 42915 43596 43597 44278 43598 43599 43940 43603 44284 43264 44285 43605 43606 42926 43266 44287 43948 43268 43269 43276 43277 43292 43973 42954 43975 43304 43645 43305 43646 43986 43647 43308 43988 43989 43991 43992 43996 43657 44003 44006 44012 44021 43683 43008 27368 43009 43010 43011 43012 43013 43356 43020 43360 43021 43361 43022 43362 43023 43363 43364 43365 43025 43366 43367 43369 43370 43371 43712 43036 43718 43720 43721 62085 43385 62087 43729 43730 43731 43734 43395 43397 62100 43742 43402 43406 43749 43069 43070 43750 43753 43755 43080 43761 43421 43763 43764 44104 44105 44107 43768 43088 43769 43089 43770 43090 62130 43092 43093 43094 43774 43095 62135 43097 42758 43098 62138 43099 43440 43100 43101 43441 43442 43443 43104 43444 43105 43445 43106 43446 44126 43107 43447 43108 43448 43109 43449 43110 43450 43451 43111 43114 43794 43455 43116 43117 43118 43119 43461 44144 43805 44490 43471 44152 43133 43134 43135 42796 43476 42461 42462 43149 43151 43500 43841 42482 26845 42825 43506 43507 43509 42489 43850 43852 62213
hp 169
t 8488 31837
hp 331
t 50826 50827 50657 50828 50658 50829 50830 51680 50831 50661 50832 51681 52022 50833 50663 52023 51683 50664 52024 50665 52025 51686 52026 50666 50667 50498 50668 52028 52029 50840 50670 52030 50671 52031 50843 50675 52037 52038 36060 51020 51022 52048 52051 52053 50695 51035 50696 50527 50869 50702 50705 50876 50706 50707 50878 35918 50708 50879 52068 52070 52072 52077 50718 52081 50725 49365 50728 49545 50736 49376 50739 70292 52442 51087 50751 49392 51263 35965 50756 49398 49234 49405 50765 52126 50435 50777 51629 51971 51972 51974 51125 51976 52149 52153 51984 51985 51986 52156 51987 50967 52157 51989 51141 50972 50973 50974 50976 50981 50984 50985 50986 50987 50647 50817 50988 50818 50989 50650 50990 50820 50821 50652 50992 50822 50823 50654 50824 50995 50825
hp 192
t 38587 38588 38589 38504 38505 38251 38256 38512 38343 38258 38260 38558 38261 38262 38305 38348 38263 38560 38349 38264 38561 38562 38605 38265 38351 38266 38307 38520 38267 38563 38566 38355 38439 38270 38568 38571 38360 38576 38577 38492 38578 38579 38494 38240 38580 38496 38582 38583 38286
hp 80
t 44027 41647 64940 59160 22782 64943 22783 60015 78546 23297 60017 60187 60019 43870 23302 22792 22793 59004 22967 59007 60028 65129 61390 22801 22972 22802 22803 64623 62755 63436 22806 78398 65140 62082 41342 65144 60726 62598 78242 59373 65323 64983 23168 41868 60064 65504 61934 22836 60067 65170 22840 41542 59053 58885 59906 65179 41549 65181 60081 41721 65183 78443 57705 64933 41557 41728 23198 58390 65191 41562 59073 59074 41734 58395 41565 78625 78627 22699 57889 23209 59760 60100 64521 59250 23384 60275 41575 41576 78807 41408 41748 59088 60109 22709 60279 23219 60280 41751 41752 57733 58753 58754 41584 65215 59946 41757 60117 41759 58759 58762 57743 59443 64544 57744 41425 23405 22555 23406 58425 58765 58767 41768 57749 59619 78493 78494 41776 60136 60306 78157 41607 41778 78328 64559 57759 22740 60140 60310 57761 58952 22743 59293 43994 58615 78166 57766 65076 60316 60319 41450 59640 22751 57431 41621 65081 41620 58960 64573 78172 22923 22756 22757 22759 64920 41630 78350 22762 22592 22595 22596 22598 59319 22600 41471 60000 58981 60172 22772 78702 22602 60002 22775 22605
hp 295
t 63246 64182 64101 64187 64177 64093 64031 64010
hp 76
t 62728 62729 64939 62730 40970 62731 62561 41144 62904 62905 62906 62567 62570 42342 41323 62743 62233 41667 41328 62748 41330 41670 62240 41671 65475 64796 64800 62760 64970 65141 64801 61911 64802 61912 65143 62763 41684 62594 61915 41686 65147 41687 64808 64809 62769 43899 65490 64810 65489 64811 65492 64813 41353 65493 41694 65494 62775 64816 65497 41358 42379 64819 62781 65502 42382 62612 65503 62783 62613 62784 65505 41706 61767 65508 41708 65509 41031 65511 41373 41374 42734 65516 62286 63308 65520 65521 65522 65523 65524 41384 41385 62805 62466 65016 65017 65528 62808 65358 65529 62469 65019 62471 41392 65535 62477 41397 41057 41058 41398 41399 62479 41059 41402 62142 64863 62654 63165 41405 62826 41069 62830 41410 62833 64877 43968 41250 41591 61822 62672 62673 43974 42274 41597 43981 41433 41436 41437 43995 62533 41285 41456 62537 62541 41296 41637 62888 62718 62720 64931 62551 40961 40960 42662 62725
hp 226
t 14531 33741 53887 53888 54484 33659 54486 14538 12498 33069 54664 54665 53732 14548 53733 53904 33759 53905 33675 53906 14551 54673 53909 33084 33680 33086 53741 33682 54678 56803 53743 32919 53915 32925 56980 53835 53921 57151 12528 53923 54009 35734 53840 33780 53937 54279 33115 54281 53941 54027 54282 54283 54624 32952 33122 33719 54119 32955 33125 54036 33636 53699 54464 54635 33727 33047 33643 54384 33560 54470 54387 33562 53879 33650 54730 53880 54391 53966 33737 33655
hp 267
t 49466 66466 73266 66467 49467 50147 49468 66468 73098 49469 30937 72759 50150 49470 73100 65792 50152 49302 50153 50154 72764 50155 65626 65966 65629 65630 65804 65639 72781 65641 49322 49329 49463 72792 66503 65653 65654 49505 65655 66506 72966 65656 65826 49507 65828 65658 66339 49510 49341 73490 72811 72984 65845 65848 66529 73669 65849 66531 65851 65852 65854 73675 50045 65856 65697 65698 65869 65699 65871 70801 65704 73185 70808 73188 73360 70810 67073 66465 73537 65892 65722 70823 73034 65899 65560 70830 70831 73552 65732 73214 50094 73555 72715 49426 66426 73566 49427 73567 66427 73568 72886 49428 66429 72720 49429 49433 73233 73234 73574 67288 49439 49442 72736 72738 49448 72740 49450 49451 49452 49283 73254 49286 49456 65947 49457 49458 73258 49289 49459 49460 50140 49291 49461 49292 50141 49462 49293 50142 50143 49294 49464 49465
hp 231
t 70460 52089 52080 51646 49267 70114 49342 70455 52096 51353 51377
hp 248
t 65015
hp 98
t 76644 80151 74477 79365 80216 80558 73758 73779 74715 76713 80326 74142 74143 63391 79372 73975 79330 76632 76611 73850 80484 80166 75342 80422 78977 75301 80211 74452 81613 73942 80128
hp 257
t 64258 64260 64261 68343 61544 68686 64268 61549 61553 61557 61558 61561 67342 68712 63619 68723 64304 64305 67365 63626 63966 64307 68728 64309 63632 66693 63638 66701 64321 66702 64322 66703 63984 63987 64328 68751 63993 67394 63995 64336 64337 62977 64340 64341 63661 61621 64342 64343 64345 68766 64346 64347 64350 62991 64352 68773 61633 68774 62994 61635 61636 68097 61637 62998 68779 68100 67420 68101 68102 68103 67423 63003 61644 64365 61645 61646 67426 61647 64367 68108 63008 63009 63010 61650 68111 63011 64371 68112 63012 61652 63013 68113 61654 63015 68116 64377 68118 67439 68120 61661 68122 64382 67442 68803 68123 67443 64384 61663 61665 61666 64387 61667 63028 61668 63031 63032 64394 68814 67455 68135 64396 68136 61676 63037 64397 64398 68138 61678 63039 61680 68141 67462 68823 63044 68144 68824 63045 61684 61685 68825 68146 61686 68826 63047 67467 61688 64408 61687 63048 61689 68150 63050 61690 61691 68151 67471 68832 63052 61692 63053 68833 63054 67474 68834 63055 68836 68837 68158 68159 68839 68840 67481 68841 68843 67483 68844 67484 68845 68846 67486 68847 68848 68169 64429 67491 63073 68854 63074 63075 67496 68857 68858 68859 64440 68860 67502 67503 64448 68194 67514 68195 63775 64456 64457 63778 64459 63781 63783 64464 68205 68206 63786 64469 64470 63790 64473 64475 63796 63117 67538 63801 63802 63122 66866 66871 64492 66872 64493 66873 64494 69601 69602 61442 61443 68243 69604 61446 69609 67572 62472 67573 61455 61461 62482 61463 61465 62487 61469 62491 61472 61473 67933 61474 61475 61478 61479 61481 61483 61484 61485 63186 63187 61488 62848 62849 62850 63190 62852 67613 62514 62515 62857 63198 62524 63204 62526 63207 63208 62873 63213 63215 63216 63217 61517 61518 63219 63220 63222 63224 68325 63227 68327 61527 63228 63229 63230 61530 68330 67651 61535
hp 112
t 76456 76797 76458 76420 76378 76421 76465 76466 75616 76382 76468 76469 75704 76427 76470 75705 76385 76257 76386 76387 75622 74985 76388 76431 76473 76261 76433 76436 76479 76394 76437 76395 76438 76565 76440 76227 76100 74825 74826 76401 76444 76445 76446 76447 76617 76618 76067 76577 76281
hp 290
t 35592 54165 70572 70487 54104 77375 54192 34451 54171 54193 77548 54196 54175 35009 35010 35012 54116 54118
hp 208
t 39796 39807 39767 39896 39770 39848 39793 39794 39784 39785
hp 100
t 77771 75732 77773 77688 77689 74121 75473 74974 77780 75485 74976 77016 77781 77697 77782 75743 77783 74128 74979 73789 77700 75746 74982 74132 74133 74304 77789 77790 74305 54840 74135 74306 77791 74136 74308 74989 74904 74905 74140 74906 74992 74993 73803 74824 74995 74997 75507 74318 74998 74999 74319 75001 75002 75003 74918 74493 74919 75005 75685 74835 77812 77728 74923 77729 77730 75013 75693 77656 53440 77666 74353 53444 74864 77756 77671 74866 76906 74272 53447 74867 74358 74868 53448 76992 74869 74273 76313 74870 53450 74274 53451 74276 74787 74277 74278 77678 75298 74279 74450 74365 74280 77680 75642 74877 74283 74879 77770
hp 273
t 65617 72080 65620 65621 72084 71748 72088 71749 72089 72090 72091 71752 72432 72092 71753 71754 72095 71755 72097 72098 72438 65638 67339 72100 72101 71762 72443 72444 72449 67350 67690 72790 68371 72112 72113 72114 71435 68376 72116 72117 71777 71778 68380 65661 68382 67364 71444 72125 72127 67707 67368 71790 71791 68394 68397 68398 76218 72139 67380 67382 68403 72144 68065 67046 72147 67388 68409 68412 65694 68075 72155 68418 68419 67059 68420 67741 68422 68427 71487 68432 68437 68438 68440 71500 67080 71161 68443 67763 68444 68445 67085 72865 68446 68447 68453 68455 67776 71516 68457 71517 68458 72199 68460 68461 68462 72203 68464 68465 72205 68467 72208 72209 72210 68470 72211 68471 72212 72213 68473 68474 72215 68476 71538 68478 72218 72898 72899 71574 72220 72221 71541 71881 72222 71882 72223 72224 72225 72228 67809 72229 72909 72230 71550 71576 72231 67131 72232 67812 71892 72233 71893 72234 71894 71895 72235 72236 71896 71897 71898 72918 71560 71900 72241 71901 71561 72242 72243 71563 71903 72244 68506 71906 65786 71568 68508 50148 75989 71569 71909 71910 72928 75991 71911 68511 68512 72253 71573 68513 75994 68514 72254 71915 71914 72255 68516 71575 75996 68517 72257 68515 68518 75998 72258 75999 68519 71919 68521 72261 71922 68522 72262 68523 72263 71583 68524 71582 68525 71925 68526 72266 76006 76007 71927 72267 68528 68527 72268 76009 68529 71587 76010 76008 71591 76011 71931 71592 72271 71933 71593 71934 71597 72283 71603 68545 71605 67866 67868 67869 68551 68554 71615 68556 68557 68558 68559 70945 70947 68572 68573 67895 68584 66827 68264 72351 71672 71676 71678 71679 71680 72020 71681 71682 71683 71685 72026 72028 71689 71690 66930 72372 65575 72040 72041 65583 71704 71706 71707 71713 72056 72059 71719 72062 72063 71725 72405 71726 72408
hp 268
t 49300 49271 72817 49309 49299
hp 291
t 34252 34422 34508 33150 34425 33152 33154 33240 33495 34515 33241 34516 33157 14372 33158 32818 34180 34266 33247 34522 32824 34610 33505 33846 14553 33508 33509 34529 14470 32830 34530 34532 71254 34449 14730 34621 33177 33517 33687 34452 35473 35644 33179 33519 34454 16860 34455 16861 33143 34457 15332 17207 34548 34209 33189 33359 16870 33276 33193 33196 34473 33029 33710 35156 34476 34310 33205 32780 32786 34317 33126 34319 32966 33221 32798 34413 32799 14780 33227 14782 34502 14443 33314 33229 14359 33230 34165
hp 104
t 76667 76668 76669 76670 80240 76671 80412 80413 80585 80587 80419 80599 80433 79754 80267 76700 79930 80441 76701 76702 76703 80613 76704 80614 76705 76706 80278 80279 76711 76712 80282 76714 79774 80284 76715 76544 76375 76716 76546 76547 76719 76549 76550 76721 75361 80462 76212 75363 80633 80294 80296 80297 80468 76728 76558 80469 76729 75539 76050 76559 76560 76733 76566 80477 76567 80479 76060 76570 76061 76571 76572 76063 76573 76574 76745 80485 80487 80488 76579 76750 76580 76581 76582 76753 76583 76074 76075 76557 76585 76756 76587 80498 76248 80499 76589 76760 76249 76590 76251 76762 76082 76252 76593 76084 76764 76765 76085 76595 76766 76087 76598 80509 75918 76262 76263 76264 76265 76097 76780 76610 76612 76103 76613 76784 76785 76615 76106 76786 76276 76787 63528 76108 76109 63529 76619 76282 76453 76623 76624 76284 76626 80537 76628 76629 75270 76630 76631 76462 63882 76463 76633 76634 76635 76636 76637 80548 63548 76638 75449 80209 76639 75450 76640 76642 75453 76647 76649 80560 76650 80221 80561 76652 80563 76653 76654 76657 79548 76658 76659 76660 76661 76662 76663 76664 76665
hp 78
t 42500 43860 43871 62232 43875 43877 42179 41160 43883 42185 42186 41507 62249 42532 41513 42534 42537 43898 43900 42542 42204 64986 64988 44930 61931 42212 41534 62274 42221 23522 62283 23523 41543 42564 42224 41544 41545 42223 41546 41547 41548 42569 42229 41210 41551 41211 44951 41212 44952 41552 42232 41553 62294 42235 41556 44958 44965 41566 44974 44975 43958 42598 41579 44979 43960 22881 41244 41585 41586 41589 42611 41592 41594 41935 41596 41599 41600 41601 41602 41603 41605 41606 41608 41609 41610 41611 43993 41613 41614 41615 41622 41623 41624 42644 41627 41629 41290 41631 41632 58973 41633 44014 42654 41634 41635 41636 41297 42659 41639 41642 65444 41646 40967 40968 40972 42673 42675 42676 42002 40983 42006 42007 42012 41672 41673 42013 41674 42015 42016 42018 42019 41680 42020 42360 42021 41681 42023 41343 41683 42025 41685 41346 42026 42027 41348 42028 42029 41689 41010 41350 41011 41352 41692 42033 41693 41013 42034 41695 42035 41015 42036 41355 41016 41357 22658 41359 42039 41020 41362 42042 42383 42044 41704 41025 41365 41705 61766 42047 41707 42728 41029 42049 22670 63130 41711 42732 42052 41712 41713 42054 65174 41714 41715 41036 41716 65177 42737 42739 41719 42399 41722 42062 41723 42063 41724 62806 41386 41387 41727 41049 42750 42413 59076 41737 64859 58059 63159 41407 41409 41749 41750 41411 59091 41758 42098 42103 41424 41426 41427 41430 41432 41435 41777 41439 42799 41779 41440 41441 41782 41443 41783 41444 41445 41785 41446 41447 41787 41789 41451 41452 41453 41454 41455 62881 41462 41463 42145
hp 234
t 79046 79216 79556 79557 79728 57457 78539 79560 78371 79222 78882 79562 79563 60355 76676 76677 78887 79227 78888 78209 78891 78552 78213 77873 57474 79065 78895 78556 78557 79068 78558 79749 78559 79071 79072 79752 79582 79583 80436 79247 78568 78569 78230 79590 79761 79082 78572 79592 78573 78233 79593 78574 79254 78914 79255 78915 79766 78576 79257 79088 78237 78578 79598 79259 78919 79260 78240 78581 78413 79263 79094 78924 78925 78586 81817 81477 78587 78247 81649 78929 78250 78932 78253 79275 79106 78255 79278 79110 79283 78943 81668 60253 78953 79293 79125 59576 81677 81849 79130 79131 79473 78454 78967 79139 78970 81181 60272 60273 79314 79317 81698 78979 79150 81022 79662 79155 81198 79335 79166 79337 57577 79169 79850 79171 79684 78155 79345 81224 79695 79188 79189 79191 79192 81573 78173 81403 79194 58964 79704 79705 79196 79197 78518 79708 60329 78521 77843 79204 60334 79208 79209 78529 78870 78530 79211 59491 79212 77855
hp 113
t 77006 71227 75648 75649 75692 69827 75650 72590 75651 75653 75654 76292 76931 76974 77017 75700 75658 75659 75661 76343 75663 72603 75664 75750 75665 76346 75709 75667 71970 74903 75670 77030 76308 75672 75673 75674 75632 75675 76058 75676 76316 74788 75724 76319 72622 75725 69859 77043 75004 75684 75687
hp 227
t 33060 14446 32807 33657 33574 32894 33575 32896 34341 33238 34513 34343 32814 32899 33155 33070 34345 33071 32817 32819 33075 33246 33076 53731 32908 33758 14550 34355 33507 34357 34358 34189 56970 35721 14472 33001 35722 32832 33088 32835 33091 33093 33009 33010 32844 34544 33270 14400 33016 32847 14574 34549 14404 33275 32850 34380 34382 34383 32854 32769 33109 34555 14580 34556 33026 32772 33027 32944 53940 32946 32861 33116 33543 14418 14589 57090 32865 33120 33206 32781 33036 33207 32867 33121 34313 32870 33210 32871 14426 32872 14512 33723 32874 34403 53869 32875 32789 33130 57016 32790 32877 33473 33048 32879 33134 32795 33730 32796 35772 14352 34329 57110 32885 35691 34331 32801 32802 14528 33058 33570
hp 333
t 51123 35907 35910 35868 35911 51127 52318 36083 35873 35874 52579 52325 52453 51051 52965 52455 34095 52456 52330 35926 34655 35931 34105 50680 35934 51064 36063 51109 52257 52384 52300 51111 52471 52262 52434 51117 36072 51075 35904 51119 52436 35905 36074 34758 51079
hp 339
t 66551 47257 65874 66554 66555 66470 66045 65960 66556 65876 47261 66557 66387 47262 65793 66558 47263 66047 47179 65880 47180 65881 47181 47354 65885 47185 47272 47191 65893 65897 47197 65727 65898 47198 47199 47208 65824 66504 66505 66421 65916 66001 47217 66002 66513 65918 66003 47219 66004 66515 47220 66005 66430 66431 66006 66177 66007 66178 65839 66179 66009 66180 66010 66181 66182 66183 66353 47230 66018 66189 66020 66191 47243 66028 66029 65860 47245 66030 66031 65862 47248 65949 47249 47250 66376 47253 47254 66549 47255 66550
hp 321
t 58306 58349 58307 58350 58351 58354 57643 57645 58328 57520 58329 57607 57608 57609 57652 57610 57653 57654 58336 57699 58337 57658 58338 58340 57532 57618 58341 57661 57619 57662 58342 58131 57835 58305
hp 289
t 22552 22539 22564
hp 283
t 43972 43983 43665 43826 43809 43980 44013 43844
hp 306
t 44026 42496 42837 42471 42498 42838 42840 42160 42501 42841 44881 42161 42472 43695 42166 41997 42507 62227 42473 42509 42680 42169 40981 42511 42512 42853 42517 43708 42518 43709 42519 42180 42521 40992 42861 42522 43881 42862 42523 42863 40993 40994 43488 40998 43888 42528 43489 43891 42191 43320 28085 43490 43895 61916 42876 62088 42538 62089 42878 43491 42540 42541 43903 44924 43492 62266 62269 62271 43912 42726 62111 42391 43923 43924 41206 43927 41038 62287 41208 41209 43422 43932 43933 42744 43934 42574 43935 44109 42752 43432 44962 42753 42583 43943 42754 44964 43944 42415 42756 44966 42757 44967 43947 42078 42759 42760 42590 43951 42082 43952 62143 43953 42764 43954 42765 43955 42596 43956 42597 42768 42088 44978 42769 42089 42599 42770 41070 42771 42772 43962 42773 42774 42604 42775 42605 43965 42777 43457 42607 43967 42778 42779 43799 43969 42780 42781 42101 42782 42783 42784 42104 42105 43806 42106 44023 42107 43977 43468 43978 43979 43810 43470 43811 45001 43812 43813 42623 43814 43303 42795 43137 42798 43818 43140 43820 42800 42801 43141 42802 43822 43652 42632 42803 43653 43824 42804 42464 42805 43825 43655 42806 43486 42636 42807 43827 43997 42637 42808 43658 43998 43148 43999 42809 42810 44000 43660 43830 43661 42811 43832 43662 42812 42813 43323 43663 43833 42814 42815 43835 42466 43493 43494 43666 43837 42475 43667 43495 42467 43668 42819 43497 43669 44009 42820 44010 43498 43499 43503 44018 43339 44020 43340 43511 43681 44022 43853 40963 43854 44024 43855 44025
hp 106
t 56180 54820 74456 54994 56269 56184 56270 54996 54827 56189 53470 54835 54837 54839 56200 53480 56201 53481 53482 56202 74988 54842 53483 74394 54844 54845 54846 74141 74397 54847 74398 74484 74400 74316 53491 74402 74403 74149 74405 54855 74321 74408 74409 56134 74325 74410 74156 74327 74412 74242 74330 74334 56314 56144 74335 54872 74339 56149 74680 74340 74255 56151 54792 74343 74344 55560 74346 74686 56156 74178 74435 54800 74351 74180 54801 74437 81408 54803 54804 74355 56166 74104 74359 53449 74360 74275 56170 56171 54813 54814 54816 74367
hp 293
t 77020 77031 77013
hp 69
t 30129 29704 30130 30131 29791 29961 30090 30092 28902 31623 30434 29415 30095 29713 29756 32646 29801 29420 31632 30084 29936 30109 30407 30409 30452 30413 29946 29777 29225 29778 30330 29906 29779 30036 30419 30463 29064 49719 29702 29405
hp 115
t 74200 55500 74201 74627 55502 74203 81429 58224 81430 55591 81431 81435 81436 81437 39107 81438 55513 81439 74640 74641 55516 74642 55432 74644 74645 74220 55606 74646 74392 74647 74222 74648 74649 81449 74650 74651 55441 74652 55442 55613 74654 56294 55614 74655 55529 55533 81459 55534 39130 74661 74407 74662 74577 74664 74580 74581 74667 74668 74583 74414 74670 58266 74672 39142 74674 74589 58269 58270 74590 74676 74677 55552 39147 74678 74593 74681 58276 55557 74683 74598 58279 55474 58280 74600 58281 55476 74687 55561 74601 58282 55733 55562 55563 58283 74179 74603 58284 74604 58285 55398 55568 74608 74609 55569 74610 55570 55571 55486 55572 74187 55487 55403 74612 55573 74613 81413 55574 74614 55575 81416 74191 81417 74363 74619 74197 74625
hp 294
t 80789 80855 64078 64005 80809 65261 80168 80774 80158 80679 80755 80745
hp 217
t 29106 29364
hp 272
t 71737 66978 71740 76160 75820 75822 71746 76168 76169 67670 76171 72096 76177 76178 75838 72439 72441 76182 72442 72104 75845 72105 67686 76187 65647 65649 71429 67689 75850 71774 72115 67696 67697 72118 71779 72120 72121 67701 72122 67702 72123 71784 71785 71786 71787 71788 71789 71792 67372 67713 71793 72134 67714 71795 72137 72138 68400 67722 68066 72149 72150 68410 72151 67733 72153 72154 67734 72494 72495 72160 72162 67742 72166 71826 72167 71488 67748 72172 71493 67754 72514 67755 71496 71837 71498 71504 71505 71507 71508 71509 71510 72194 71514 71515 72875 71856 67777 72197 65737 71518 71519 67779 72200 71861 72202 67782 71182 67783 71864 71865 71525 71866 71867 67787 71868 71528 67788 71871 63713 63714 63715 71536 63716 68477 71537 67798 71539 71540 71888 71548 67811 71891 67814 67815 71556 69858 72921 71902 67822 71904 71905 75986 72074 71907 71908 71570 71571 71572 71912 71913 71918 71578 71580 76000 76001 71581 76002 71923 76003 76004 71584 76005 67846 76012 72952 76013 71594 76015 71596 80097 71937 76018 71938 80099 71939 71940 71600 71941 71601 80102 71942 72282 71943 71602 72284 71604 71946 80107 76028 71948 71949 71609 71950 76030 76031 71951 71612 71953 72293 71613 71614 71957 71958 71963 68564 71972 71974 72315 71980 71981 71982 71983 72339 72001 72002 72003 72004 72688 72015 72696 71677 71684 71687 71688 72029 72030 72370 72031 72032 71693 72033 72373 71694 72034 72035 75776 72036 72038 71699 71701 71702 72042 72043 71703 71705 72046 75787 72047 72048 71708 72050 72052 75792 75793 72055 75795 72057 75798 71718 75799 65600 72060 75801 71722 72742 75803 71723 71724 72064 71728 72069 65609 72070 75811 72071 71734
hp 338
t 47340 66425 73268 73226 73269 50064 30939 73270 73227 47176 73271 50069 30944 30945 73277 30947 73278 50073 73279 66479 66437 73237 50075 30950 47313 66013 73239 47315 47358 50078 50036 49656 73245 49447 66363 47324 50087 73041 50048 47328 30925 73256 50051 66416 73264
hp 330
t 35356 34679 33831 33321 33833 36046 35370 35372 36052 35373 33844 34185 34187 34697 34193 33513 35558 34199 35390 6676 34217 51047 35238 34049 34564 35414 34567 35417 34569 35419 34059 34574 34239 34579 34069 35431 34582 34072 34752 17752 34073 34584 34755 34075 51076 34756 34757 34077 35438 34081 34592 51082 35443 34084 34595 34086 34767 34089 34260 34090 34601 52452 34092 34603 34093 34604 34777 51097 34609 33930 34100 10471 52460 10474 35464 33936 34619 34109 34112 35983 34113 34114 34115 34796 34628 34118 34798 34629 35479 34630 33099 34120 34631 34799 51121 34122 34633 34123 34634 35485 34636 33446 34126 34127 34638 34808 34129 34809 34640 34811 33792 34134 34135 34139 34141 35333 33976 34659 35509 35340 33810 35511 33812 33814 34156 35349 33819 35350 29570 34671 35353 33823 35354 33315
hp 277
t 66380 70887 70973 70803 49298 70804 71577 70814 49310 71497 73538 71673 72866 70912 72867 71598 73044 70920 72960 49415 71009 70846 70932 70934 70935 70938 49265 70940 72896 70942 72897 68480 73580 72986 72901 72902 65763 71629 71630 72905 72396 70951 70952 72907 70953 70954 70956 71552 70787 72403 73679 70789 70960 70790 67390 73681 73171 73086 49288 70963 70793 70964 73599 70965 70967 71562 70970
hp 324
t 64171 63342 64002 80791 63239 64136 63414 64158 64180 64160 63331 64161 63247 63907 64162 64736 64120 64163 80846 64166 64104 63319 64191 64170
hp 178
t 8285 8371 9306 12198 32556 9437 32515 32601 32602 32603 32518 12161 12162 32052 9657 32523 9956 9447 9574 8256 9958 12169 8769 8259 9450 12171 8771 32061 9410 32062 9453 9963 9457 8437 8736 9459 32622 8737 8739 32539 9589 9462 8782 9464 9251 9465 8360 8275 8278 9256 9427 8367
hp 235
t 53886 53716 53547 53718 53889 54058 53719 53636 53891 53721 53892 54061 53722 53723 53894 54063 53724 33579 53725 54236 54066 54067 53558 33583 53728 53899 53559 13867 70563 53734 53735 53566 53737 53908 53738 53739 53910 54250 53740 15319 53657 53658 53661 53832 54173 53748 53665 53580 53666 53667 53922 53582 54092 53752 53668 53669 53670 54267 53844 54100 53676 54016 53677 54017 54867 53678 54019 54020 53682 54107 54195 53770 53771 54197 54198 53518 54031 54032 53948 53696 53697 54207 54038 54123 53700 53701 53703 54215 54054 77421 53707 53877 53708 53709 53624 53710 53625 53965 53711 53626 53881 54055 53967 53542 54053 53628 54138 33059
hp 296
t 51399 36610 36633 34934 51360 35019 51362 54169 35045 34940 35069 34921 35048 35049 35031 51373 34928 51375 77534 77535 34930
hp 175
t 47171 49126 46661 46576 48023 48026 46921 48027 47519 48029 47098 66226 48121 46676 48123 47104 47105 47106 46681 47192 47107 47193 47448 47194 47109 47110 47280 47111 66236 47281 47282 47538 47283 47284 47115 47456 47286 47457 47288 47119 47544 47205 47460 47545 46610 47546 47206 47207 47462 47292 47548 66078 47293 47209 47379 47294 47210 47550 47295 47466 47551 47212 47467 45257 47128 47214 47129 47131 47471 47386 66087 47391 47393 46799 47990 47396 47484 47994 47150 47406 47407 47240 47412 47415 69517 47589 47419 47251 47421 47507 47422 48017 47423
hp 264
t 63746 63576 80067 63577 68168 63748 63578 63749 63750 68000 63583 63585 63756 63586 63757 63587 63758 63928 67668 63589 63760 63930 64441 63932 67672 63933 63593 63934 63594 63765 63935 67336 63596 80088 68018 63769 63598 63599 63940 63601 63942 63602 63603 63604 80096 63606 67687 80098 68198 63607 63608 63609 80100 80101 80103 68203 63954 68207 80108 80109 80110 80111 63625 68386 68389 68052 63635 63636 67717 63637 67719 63811 68061 68062 63813 63645 63647 63648 63819 63649 67729 63650 63653 68244 68074 63654 63655 63827 68417 63488 68248 63657 63489 63658 68079 63490 63659 63660 63831 63491 68081 63832 63493 63833 68083 63494 63663 64174 63495 68255 63496 63836 68086 63497 67746 63667 63498 63837 63668 63499 63838 68769 63500 64349 63839 63501 63841 68771 63502 63840 63672 63503 63842 63673 63674 63845 63675 63846 68096 68098 68099 63679 68780 63851 68271 68441 68272 63512 63513 68273 63853 68274 63515 68105 68277 63859 68280 63860 68281 63861 68282 68287 63699 67610 67781 63533 63534 63535 67618 63708 63709 63710 67621 67622 63712 68133 67796 80037 67628 63717 63718 67629 63719 63890 63720 67800 63721 63552 67801 63722 63553 67802 63723 63554 67803 63555 63556 67466 63557 63558 63728 63559 67808 63729 64410 63561 67810 63731 63562 63730 63732 63563 63733 63564 67813 63734 63735 63738 63569 67649 63740 67820 67821 63912 63741 67823 63915 63745
hp 265
t 71738 67999 71739 65622 71744 71745 72086 71747 67328 67669 71750 67330 71751 67331 67671 67332 68012 67333 67673 68014 67674 67335 71756 68016 67676 71757 68017 68357 71758 67677 67678 71759 67679 67340 68020 67341 68021 68022 72102 68362 72103 68023 67343 67344 68024 67993 68025 63605 68026 67346 67347 68027 72108 68028 71768 68369 71769 68029 67008 68031 65651 63612 67995 67353 67694 71434 68375 75855 71776 63616 63617 68378 63618 67698 68039 72119 67699 68381 71781 63621 71782 63622 65662 71783 63623 65663 67704 68045 63627 79948 63628 63629 67370 63630 68392 68053 67373 67374 68055 67375 67715 67716 68057 68058 71798 67718 66700 67720 68401 63641 68402 67042 68063 67383 67723 71804 68064 68404 68405 67385 61603 71465 67727 68408 67728 67048 68069 68070 66710 67731 63651 67392 68072 67732 67393 68755 68416 67736 68077 67398 67740 67401 67402 68082 63662 67403 67743 67744 67405 72165 75906 67747 71828 67408 67749 62989 67410 67750 62990 68091 65712 67752 67413 67753 67416 67417 66738 67759 68442 67422 67762 64363 75922 67424 68104 63684 67425 63004 63685 67766 63686 67427 67428 63690 67431 67432 67772 67433 67773 67774 67775 67436 67437 67438 71859 71860 67441 63021 68466 67447 67450 64393 72214 68475 67797 67458 67799 67465 63046 67468 68149 71889 71890 68152 67472 68153 71555 67476 67478 67479 67480 67482 68842 63743 63744 68505 67487 67488 64431 64433 63754 67495 71916 67497 71917 64439 67499 71920 67840 63080 67501 71921 67841 67842 68184 71924 67844 67505 67845 67506 71926 68186 67847 67508 67848 63768 67849 67510 71930 67850 67851 67512 68192 71932 68193 67513 67852 64454 67853 67854 67515 71935 67855 67517 68197 67859 68201 63782 67862 67864 67525 67865 67867 67528 68208 67530 67531 64472 68213 63794 63798 68219 63799 64482 67882 68224 68225 67205 67885 68226 63807 68228 66868 67549 68231 67551 67212 68234 64495 68235 68236 67216 68238 68239 68240 67900 68241 67901 69603 68245 67565 68246 68247 64509 68250 68253 68254 67575 68257 71733 68258 67580 68260 68262 68265 71735 67928 71671 67936 67937 68278 67598 67938 67940 67941 67942 68283 67943 68284 65564 72024 67944 67945 67946 67947 67948 67949 68290 67950 71691 67951 67612 71696 67623 67624 67625 67626 67627 67968 72049 67969 67630 67970 67635 71715 71716 71717 71721 67643 68324 67984 67985 68326 67986 71727 68328 67988 68329 67989 71729 67990 68331 67991 71731 67992 68333 67994 68335
hp 314
t 81511 55501 81512 81428 58309 81473 74631 81475 38976 58229 74635 58273 58274 57637 58232 58317 58318 55542 58275 58319 74089 39154 57601 81445 81574 81447 57606 58286 58287 81451 39163 81581 55443 57611 81497 81414 81415 74659 81587 55577 39129 39088 81418 55536 81419 81420 74663 58343 56133 39091 81422 81508 81424 58262 74413
hp 68
t 31637 49840 31660 49904 30886 49246 49810 31642 31590 31643 49483 31655 30998
hp 224
t 29321 29937 29322 29365 29280 29196 29366 28941 29197 29919 29323 29939 29283 29199 29370 29371 29224 28863 29351 29373 29204 29331 29189 29213 29128 28853
hp 105
t 76071 80066 80236 80152 76073 76754 76584 71824 80070 75990 80241 76757 76758 76588 75823 76759 80839 79989 79991 80077 76763 80078 80079 76767 80593 72094 80085 76090 80087 80089 76095 80090 75840 80091 76266 75841 80092 63517 75842 76267 76098 75843 76014 63519 75844 76270 76101 75846 76783 79758 75848 77974 75849 76105 76614 75851 80612 76788 80528 75429 80104 80105 80106 75856 76709 80619 75859 76199 75777 76627 75862 76202 75778 76459 75779 75524 75864 75780 76545 75865 76461 75526 75781 75782 75867 80373 76124 76379 75786 64226 80631 76723 80295 76641 64232 75707 80298 80129 71714 80044 80215 76645 76220 80131 80217 76648 76223 80219 75800 76651 75886 80222 80223 76484 76569 76655 76486 63737 80144 63739 76575 80571 76578 76069 80064 76070 80065
hp 315
t 74711 81298 74712 81724 81682 74713 81725 81683 81386 81387 81349 81350 81648 59208 81607 79143 81651 81609 81440 81525 81610 81441 81356 81611 57514 79274 81612 58237 81357 81358 81487 81489 59389 59347 81617 57477 74691 73799 81365 81620 81366 81495 81622 81498 74656 74657 81714 74617 81673 57576 81631 81674 81761 79084 81762 81763 81679
hp 84
t 78451 59836 22607 59837 57797 57713 57716 22611 59501 58143 58994 59079 57719 57549 57720 78799 60356 58996 65030 59082 58998 57468 22619 58999 39875 58151 59002 58152 59003 59005 64531 58156 58752 58922 57734 59435 57739 57909 57400 39805 57741 58764 65054 57405 57490 58426 57747 57492 57493 58005 57753 59624 39227 57503 78160 57845 59461 59462 65074 58020 59810 60320 58962 57433 59643 59049 57435 57776 57691 57352 58967 59818 58798 57523 57524 57695 58970 57525 59396 57696 57526 57781 57782 78522 59398 39762 57528 57783 59484 57529 78440 22594 57530 59401 57361 58975 59402 57362 57786 59403 57363 57787 59404 57704 57449 59405 64589 57790 59406 57450 59831 59407 57794
hp 249
t 61855 61866 61792 62484 62512 62114 61901 62911 61875 61903 62117 61864 61811
hp 247
t 40605
hp 297
t 50740 50741 50656 73607 49382 50743 73609 49384 52104 49385 73611 49386 49387 50662 73613 70893 49388 49389 73615 70895 50750 51941 49391 51602 73617 52113 49224 51605 51606 52032 70818 52033 52118 51610 70820 52121 52124 52127 52128 52043 51790 70154 73640 52135 52050 52221 52136 52137 49332 51628 52138 51630 50866 73648 35568 52059 73651 50871 52061 51977 50787 73653 70848 51214 51982 70172 73658 49348 51219 49349 49350 73576 49351 70885 51904 51905 49355 73666 52075 49356 52076 49357 73668 73584 49359 51910 73670 49360 73671 73585 73586 52167 52082 36102 73587 52083 73588 73589 73591 70871 73677 73593 73594 52090 52091 73683 49373 49374 52095 70881 49377 73604 73605
hp 160
t 36600
hp 123
t 76708 76710 80620 76672 76673 76674 76717 76675 76718 80416 73956 81011 80417 80420 80423 80424 80425 80426 80428 75330 80432 76564 76693 76694 76695 80435 79755 76696 76697 80437 80480 76698 80438 76656 76699 80482 80566 80397 80570 76707
hp 320
t 39032 39116 39075 39117 39033 39076 39118 55716 39119 39035 58292 58295 39106 39108 58300 39072 58303 39073 39074
hp 270
t 36207 52867 51765 36040 36168 36170 34682 51045 36171 51046 34644 51049 52409 36304 36049 35923 35966 36050 52584 36051 36306 36309 34779 34611 36141 36184 36185 52888 36187 52892 35935 34789 36193 35853 36194 36109 35854 36195 36110 51073 34797 35947 52651 36205
hp 177
t 31212 30894 31638 30896 49915 49979 31003 31514 49939 49981 50216 31177 31433 49796 31627 31077 47844 31056 49632 49844 49633
hp 269
t 65882 66968 66378 66608 67246 65887 67026 65964
