ap 0
hp 376
 52991
ap 1
hp 377
 44859
ap 2
hp 93
t 29677 52797 52920 28813 29633 28815 50417 52755
ap 3
hp 36
t 26118 27330 26313 69472 27355 26824 69070 45718 26976 26806 27052 46743 46573 27578 69484 69250 45196 46811 45579 45369 27604 46899 26925
ap 4
hp 378

ap 5
hp 379
 48864
ap 6
hp 380
 20431
ap 7
hp 381
 20479
ap 8
hp 43
t 43630 26462 26208 26378 27569 26209 26125 42956 26211 27147 26722 26213 26893 26979 27234 27236 26814 26985 26220 27495 26390 43561 26136 26647 27137 26052 26393 26053 26734 26310 25121 26056 27587 43398 27164 25975 25976 26231 43742 28528 27339 25979 27255 26237 27513 27004 43579 42900 45539 27436 43588 24974 27269 43419 27440 43591 27271 27102 44103 43763 27105 27276 27446 43426 27108 26430 27111 27198 27538 26179 27031 26181 27116 43522 26098 27374 24655 27292 25847 43527 26191 25937 27298 26364 43620 26203 27218 27304 26199 27136 27647 26457 43543
hp 47
t 26586 27012 26460 44055 27313 27398 27441 27612 27315 27273 26679 27274 26127 27403 43555 24601 43768 27873 28643 27157 26394 26498 26482 27333 43525 26910 26405 43576 26193 25983 25813 26582 26115 43626
hp 39
t 26843 43337 28420 27317 27232 26467 27318 26383 26470 26344 43472 26473 43474 27325 27240 27878 43476 27199 27114 26308 27158 41992 43608 27544 27120 41998 26317 26912 42000 24618 43573 25639 45615 25343 42003 42046 42429 26450 26325 26452 28578 43541 45031
ap 9
hp 55
t 27312 25188 26465 26466 25021 26382 24599 27320 26215 45595 27235 27576 27575 26557 27324 27155 27496 26137 25968 24609 26309 25630 27245 26311 24614 26399 26315 26060 24616 44507 25978 27167 26148 25724 26320 24625 26326 26156 26157 26158 24970 25155 26176 26178 26349 25670 26520 25844 27545 25676 26017 44207 26358 26188 25849 26360 26361 26117 26362 26363 26278 26110 26196 45577 26197 27477
hp 59
t 19414 81199 79425 80180 58101 80733 79575 58847 59528 58391 77878 79389 77871 78987 59597
ap 10
hp 382
 53247
ap 11
hp 156
t 48315 25270 24654 24633 24623 25165 25176 24687 25166 25198 25167 25094 25095 25320 24608
ap 12
hp 383
 57087
ap 13
hp 163
t 2106 8694 8440 8250 2109 2758 2111 8300 8552 8999 8946 2773 2105 8724
hp 158
t 19702 19697
ap 14
hp 384
 57343
ap 15
hp 61
t 78478 59144 60037 78737 78399 19412 78233 79381 78446 79424 41218 59538 79004 37779 79769 61197 78412 19423 41226 59798 78200 64730 59842 79012 57762 81182 59848 19388 79612 79570 41873 18625 17945 78466 79319 81826 79405 60620 37670 60198 57522 59774 78517 81196 78011
ap 16
hp 385
 16383
ap 17
hp 386
 73727
ap 18
hp 50
t 57612 59865 74060 57571 81202 81842 78232 59023 57663 20179 59663 19246 17974 18569 57755 16998 81770 81175 57715 79009 60182 58230 14837 81477 58103 81903 58869 78547 35156 19303 34434 38941 35456 59173 81529 81659 57605 57775 19313 51316 74650 58457 58372 14430
hp 38
t 59184 58845 59187 59188 59189 60209 60039 59871 59192 59873 59195 59876 58856 51206 58857 58517 57924 59115 60050 60221 79007 59882 58097 59712 60052 58098 60053 59204 79010 58441 58527 58867 58102 57933 58019 79015 60060 59381 58872 58702 6853 81313 58874 58450 59727 58624 58369 58370 58626 58371 57607 57948 58374 58545 59226 37636 81582 57357 59740 58720 58380 57532 57872 58722 34838 58808 58639 57534 34839 58385 57962 39772 58559 58389 58645 58392 57883 58478 58393 57713 58733 58054 58395 58311 58396 81347 59333 60354 59164 59165 59678 57893 59169 58660 78975 78477 58066 59172 58409 59855 58410 57901 58071 78472 57903 57735 59861 39036 58417
ap 19
hp 387
 40143
ap 20
hp 143
t 8575 9028
ap 21
hp 388
 32719
ap 22
hp 389
 78846
ap 23
hp 390
 73662
ap 24
hp 44
t 69298 69384 45332 45927 69133 69135 45930 43210 69220 45931 62335 62337 46783 46020 45341 43216 69397 69399 69316 46876 46878 69407 47904 46119 46035 69241 46039 26830 45191 46552 26747 46808 26748 45194 45450 46471 26751 62283 46558 62369 69339 45542 45373 46902 46138 69430 47926 46738 69093 46568 45463 45548 46570 46572 69353 46064 46067 69272 69103 45475 46752 43097 46498 45906 45908 45230 46845 46761 47101 46765 26707 46937 69380
ap 25
hp 81
t 51704 52044 52214 51534 52215 51535 52046 50856 52216 51706 50857 52048 52217 52218 52049 50858 52219 51369 52220 51371 52221 52222 70242 52223 70244 50865 51376 52056 70245 66337 51377 51207 51547 50867 50868 51379 52057 50869 50700 50870 51381 50871 51382 50872 51552 51212 51553 50873 51213 50874 70254 51214 51555 50876 51387 52068 50878 51389 51225 52077 52078 70099 50891 70272 49193 49195 50897 50898 50899 52092 70456 51246 70461 70971 50928 50929 50760 50930 50761 50933 50934 51447 70147 70148 50940 50772 50773 50943 50774 50775 51285 50778 70328 51289 50780 51970 50781 49250 50782 51972 50783 70332 50784 51465 51975 51976 51977 51978 50789 51809 51469 50790 51470 51640 50791 51980 51641 50792 51979 51642 50793 51643 51304 50795 51475 51305 70684 50796 51306 50626 51984 51307 51987 51988 70519 52160 51990 51992 50803 51993 52164 52165 52166 52167 51488 51489 51490 52000 51491 52001 51492 52172 52002 51493 52173 51494 52004 52043 52005 52006 52177 52213 50818 52178 35008 50648 52179 51499 52009 50820 52008 50650 51501 52010 51671 34842 50651 51843 51503 52013 52180 52014 35014 70035 52015 51507 75648 51338 52191 50831 50832 52022 50833 52023 50837 50839 51520 51522 52032 49337 52033 50844 70905 51526 50846 52036 50847 50866 52037 52208 52038 52039 51530 52041 52212 52042 51533 51500
ap 26
hp 391
 54076
ap 27
hp 62
t 39038 81327 57697 81416 39342 57832 81887 57876 39262 57706 39137 39181 81468 39139 81808 58265 39140 79853 58264 58266 39142 39271 81261 39272 39273 74633 39274 81520 39276 81436 58317 39149 81181 39277 39748 39240 78554 57729 39200 57687 81319 81234 81787 57817 57946 39927 39034 81195 39249 81536 58247
hp 49
t 39083 58251 81795 81075 57531 81203 59146 81886 39260 79253 78574 58812 81464 81000 60388 81596 55334 57503 81898 73909 81219 79817 57889 81349 58315 78971 81861 81904 81012 39150 58233 58276 58106 58234 74172 81567 81907 58279 81059 57344 57770 78213 80976 58239 39326 81062 57772 74092 81190 39116 79407 58244 58287 39121 57653 81240 79455
hp 46
t 58250 81243 81415 81543 81248 57491 81419 81589 39132 81505 57705 81422 39092 74113 39136 57708 74625 57667 39138 57627 81470 58309 39143 74375 58312 73825 58272 39104 81222 58273 58316 81266 58275 39151 58319 39152 58235 81227 58320 58321 58322 39155 81656 58324 81274 58240 81232 58241 81233 57689 58285 58243 58286 39161 58245 39332 58246 81324 57482 58333 81580
ap 28
hp 79
t 73616 51303 69685 71237 70026 71239 69752 52052 51287 76852 70117 70011 69714 51359 69847 70125 51383 71423
hp 85
t 66410 31135 47286 31136 65648 65988 66415 66246 47121 47546 47467 47383 65913 47384 73267 66382 31065 47259 47132 53168 66258 47516 66473 66389 48115 47183 47226 66395 31091 49693 31588 30782 66355 66398 31165 66484 31126 47405 66020 50252 66403 66022 31130 30238 31217 50597 30751
hp 83
t 52129 52130 52131 52047 53748 53749 54259 70156 53751 34881 53752 70157 71007 52054 69736 53417 49255 51466 71016 70167 51468 70083 70169 54869 51554 70171 51471 73657 51388 54873 34984 51390 69836 69751 71026 53857 49182 53773 77234 70094 73495 53777 34908 77664 77670 52086 77756 53534 52089 52090 53537 70112 70878 53538 70028 53539 51502 70457 70287 51335 69784 77605 51340 71060 51512 54827 51343 51514 35789 74549 53724 53470 53725 51516 54236 77442 71070 70901 34948 70904 34949 77195 51270 51271 73627 70907 77198 53738 69804 51531 70146 77713 52128 76863
ap 29
hp 45
t 78186 78144 79590 78231 78443 77892 79382 59578 80786 79513 77858 79473 59669 79432 79603 79476 77862 78542 78246 78417 78208 78167 59767 80084 78385 79447 78046 79364 78217 77879 78305 59732 78307 80348 59735
hp 48
t 45541 42652 43587 68664 45758 69389 45546 69433 26720 45591 69561 26808 69308 46560 46955 45596 43088 43599 69524 45724 46066 43389 27581 45304 26222 69317 69404 43054 62435 45352 61544 43737 69068 69069 45524 26655 68857 42848 26954 26826 26147 62360 26958 26745 26151 61640 62406 46553 45364 46129 61643 25815 45751 26710 48471 45370 43585 45880
ap 30
hp 157
t 8184 6825 8186 8189 5469 8190 6491 7341 18222 7342 7004 6835 7005 5476 6838 4289 6840 6331 7351 6842 6843 38123 6844 5485 6845 18067 5317 16878 18409 5998 5319 4472 19262 5323 7364 6006 4650 7374 6865 6866 6867 18938 6021 18948 17928 5689 7390 19121 7052 18953 18275 18957 7568 18109 7574 17946 6728 6049 6900 21009 18969 21011 5202 5371 18972 6903 6734 6736 6907 6910 5212 5722 6233 21024 5895 5556 5219 6069 6070 6071 5392 6244 5566 7267 5908 5398 5229 7610 7612 6592 6082 5233 5743 6594 5915 5235 7615 5237 19009 6940 19010 5241 5242 19863 6094 19185 14085 5414 5246 6095 5247 19187 21737 19188 6778 21739 6610 7119 6951 6952 6782 6953 19023 5254 5594 5255 6955 6105 8145 19196 7298 6960 5261 14951 5262 8152 19032 5263 5433 5944 6623 6114 7306 6821 8156 5268 7309 7480 20911 5440 18361 5273 7484 5277 4262 18882 18543 6814 5285 5288 7330 24330 5801 7332
hp 153
t 25100
hp 53
t 7334 17938 5892 59825 21087 5278 7022 61401 7874 8172 16461 18713 17991 4753 20905 21032 21076 5373 7180 6906 19699 6823
ap 31
hp 392
 65422
ap 32
hp 393
 56590
ap 33
hp 394
 20463
ap 34
hp 395
 24575
ap 35
hp 100
t 63091
hp 330
t 23229 42184 23145 22296 23148 42104 22299 23150 23064 22044 22131 42105 42107 23153 23239 23154 24174 24175 23241 24091 23242 23157 23243 23158 23159 45006 45007 23162 60988 23163 42203 23249 23164 23167 24102 22293 24191 23086 22322 21814 23176 24537 21817 23177 21819 22330 21990 23186 42144 23107 18524 23199 44960 42072 37823 18528 24309 22185 23122 23124 23039 23040 22276 22277 22278 23128 22279 44974 23129 22280 23215 23130 22281 44976 22110 23217 22112 23047 60958 23218 23132 44553 22285 23135 22370 22286 23136 22287 18632 22288 23225 42181 23227 22037
hp 176
t 47659 47802 31273
hp 80
t 31134 47114 49155 49156 30796 49157 49159 47120 31141 49161 47122 31143 47123 49164 31145 49166 73306 49167 31147 49507 31152 47133 49174 47134 49175 31155 47135 49176 31496 49177 31157 49178 31158 49179 47140 47141 47142 31504 31166 31167 31507 31508 47148 31509 50210 49191 31512 31513 47153 49194 47154 47155 49196 47156 31177 49197 49198 49199 31524 31185 31525 49546 31527 31530 31531 31532 47172 47173 31533 66214 49215 31197 50237 31538 47179 31541 47182 47191 50254 31554 47194 50255 49915 31555 31218 47198 47200 47201 31223 47204 31226 31227 31228 49592 47213 30214 47214 47215 47217 47222 47564 30224 47224 30225 47225 73406 31589 47233 47248 28892 28894 30257 49299 47261 66306 66307 49309 47270 47274 47275 47276 47280 47285 65986 47289 31650 47292 30973 49152 49336 66338 66339 65999 31660 31663 66350 66352 49692 31675 50036 49696 66017 50037 50038 31001 50041 49701 31004 50044 66025 49705 50045 66027 66368 66369 66370 50050 66372 72833 66374 66037 31358 66041 66381 66383 50063 66384 66390 66393 50073 50076 66397 66399 72860 50425 50085 50426 50086 31048 66408 31049 50091 49412 47372 50092 49413 50093 49414 50094 49415 50095 31735 31056 49416 31057 66417 31058 49418 49419 31060 30720 49420 30721 31740 31741 49422 31743 49426 73226 49427 73227 49428 49429 30729 49430 31071 49431 31072 73234 30396 30736 31077 30738 73239 30740 50120 30742 50122 73245 31087 73247 31089 30749 66450 50130 50131 31093 66453 31094 50135 66457 49457 49458 50138 49459 47419 66461 30761 31102 73262 66463 50144 49465 50146 73266 49467 49469 50149 30770 49470 50150 49471 31111 66472 30772 30773 31113 66474 31114 30774 66475 66476 50157 73277 73278 30780 66480 73280 66481 30781 31121 31122 73281 66483 31123 31124 30784 66485 66486 66487 30787 30788 66491 30792 49153
hp 305
t 71934 64114 71767 72448 79249 71772 71942 71943 72454 63614 80784 72455 71774 80785 67696 72456 71946 72457 67697 71947 67698 72458 71948 67699 80093 72460 67701 72461 67702 72462 67703 72464 67704 67705 71785 67706 67707 71787 67708 71958 67709 72469 71960 67711 72471 71961 72131 71962 72474 72475 71795 71965 80128 71968 71969 72480 80809 71970 72481 71971 71972 72483 72484 72485 80135 72486 72487 80138 72490 71980 79971 72492 72662 72664 67735 67737 72498 67738 80148 67739 67740 80150 71822 79983 67746 67751 67753 67754 67755 63846 72178 80848 72180 75922 75924 72184 80854 72014 80856 71848 75929 63520 72191 71856 71857 67778 80698 63528 71859 67781 71352 67783 75946 67786 80877 67788 67789 75950 67790 80200 71871 80882 67793 63884 75960 80890 80041 80220 80056 80057 79887 80567 79378 80233 79895 79900 80242 80245 71749 71920 71751 79912 80252 71753 79913 76515 71926 71756 71927 80768 71929 71930 71931 71761 71932 71933 71763
hp 64
t 27882 26502 27884 27716 26506 27888 27846 27868 27678 20583 27681 27192 20647 27682 27725 27895 44110 27898 42773 27879 44966
hp 110
t 79796 79775 79797 80393 79710 80395 80970 81099 79720 80931 79805 79784 79764 79807 79765 79767 79789 80407 81088 79794
hp 344
t 47878 47879 46774 47794 47882 46693 46777 47883 46778 45929 46694 46780 26723 46700 47891 46702 47896 46707 47899 46625 47561 47392 47562 46628 47394 47906 47398 45189 46550 46551 47403 47573 47744 46554 47745 46556 46557 47919 47750 47755 69431 47760 69521 46657 47764 46574 47765 46660 47766 47597 46773 47938 46579 47877 47940 47771 47523 48119 47949 46760 48121 48122 46770 45921 47793 46688
hp 270
t 63094 65305 65390 63185 41086 62848 63189 63191 63192 63193 64979 41094 63194 63195 65324 41100 63201 61502 61758 41104 62864 62866 41107 41108 62869 41280 62870 41365 41196 65505 62871 41111 62872 41112 42558 62874 41114 61600 62875 62877 41372 63217 61688 63218 62879 64665 63220 61691 63221 62882 63222 62884 62800 62886 62887 41299 62889 62890 62891 64846 41217 62466 61447 62807 62892 62894 62896 62897 41138 62898 62899 41394 42499 62815 62901 41397 62053 65283 62478 62905 65285 40976 41146 62907 64438 41403 62909 41149 41151 41406 61467 63168 41325 63171 41327 65297 65299 42520 61475 63008 64963
hp 274
t 65134 65474 65475 62756 62758 65478 78059 65139 63440 64120 62760 65481 65482 63102 64123 64803 78064 62764 65485 62765 78066 65488 62768 65489 65490 62770 65493 62773 63454 78074 65494 62774 62775 65495 78076 65496 78077 65157 65497 78078 62777 64817 80798 63460 78760 62780 65501 62781 62782 62783 65504 64826 63467 65168 63471 65514 65177 80817 65518 62799 80820 80822 64163 65524 64844 65525 65527 63488 80828 63149 65529 65190 65530 80831 65531 65532 65193 78793 65533 62813 62814 78795 65535 65196 80836 62816 64856 62818 63838 64519 62821 64521 65202 80842 64523 65204 62825 62826 62827 63169 64529 63849 78810 63170 62830 63851 63173 64533 63174 64194 65215 63175 63176 63856 63177 63858 63178 63179 63859 64539 64540 63861 63181 65222 63862 64882 63183 65224 63184 64544 65225 64206 63866 65227 63187 63867 64547 64548 41088 41089 63190 65231 41091 62851 65233 41093 64896 64557 41097 63881 62521 22743 64904 65473 41105 64905 41106 22747 65247 41110 63890 77831 65252 41113 64573 65255 64235 64915 41115 62878 64238 64919 65260 64920 65261 41121 77842 63902 64922 64243 63223 63904 62544 62885 63905 22766 63226 63906 63907 62888 63228 63908 63229 63909 63230 64590 63231 63912 63092 62893 63913 77854 64934 62895 63915 77856 77857 77860 65280 63920 41821 65281 62561 65282 64941 77863 41143 62904 65286 63926 64947 65288 65289 63929 64949 65291 62571 64611 63252 63933 63253 64953 62914 65296 62577 65298 62578 62919 64959 41840 65300 63260 65301 64960 63261 65302 79582 62922 65304 64964 62925 65306 62926 65307 62587 77889 41169 63610 77890 63950 62592 63272 62593 77894 62934 65315 62595 77896 65316 64976 64977 77898 64978 77899 62599 64980 62601 62602 64982 77903 62603 64644 65325 64985 65326 64987 41868 62608 64988 62609 62610 62951 64651 62612 62613 62614 65335 62616 62618 64658 62958 62619 64999 62620 65341 62961 65342 62622 62962 65343 65002 62963 65344 64663 65004 65345 78265 64664 62968 41890 65350 63310 65010 65011 65352 62632 65012 65353 65013 65014 62634 65356 65016 65357 62637 65017 65358 62977 62638 65019 65360 62640 65020 41901 62982 65363 62643 65023 62645 62646 64686 65367 62647 62649 65370 62650 65371 62652 62992 78293 62653 62654 62655 62999 64701 63002 64702 63004 65385 63006 63007 65389 63009 63690 63010 65391 63011 63012 63013 63014 63018 63020 59620 63021 63023 59623 63026 63027 63031 64392 63033 41956 41276 63036 63040 63042 63044 63045 61686 63046 79367 41287 63047 63048 79368 63049 79369 62030 63050 63051 63052 63053 63054 80734 63055 79376 68156 78017 63058 65098 63059 65440 62721 80744 62724 65105 62725 63065 65446 62727 78028 79388 62728 62729 62730 62732 62733 64774 78714 62735 80756 41317 79400 63082 63424 64444 62745 63086 65127 62747 62749 63090 65130 65472 78053
hp 304
t 76524 76525 76531 72624 72459 80112 80114 72466 72467 72468 80120 80121 72643 72645 72476 72477 72478 72479 79959 75883 72146 79967 72488 72489 72491 71981 71983 79975 72495 72496 72497 72158 72499 72500 67744 79985 72168 80159 72002 72005 72176 79996 72177 72007 72179 72181 63511 72182 72012 72183 72013 72185 63515 72015 72186 72696 72187 72188 80858 72190 80012 63522 63523 71175 71176 71177 71348 71354 80025 71185 80026 71356 71187 71357 71358 80029 63542 63883 75956 80037 63548 63891 63557 64237 76480 76481 63733 64073 63565 63736 63738 63568 63569 64080 75980 80064 63574 64086 80067 76497 79898 80069 80071 76501 76502 76503 76164 76505 80076 76506 76507 75827 76508 76509 79909 76510 76511 71754 80085 71925 72607 71928 79918 76518 80091 76521 76522 75843
hp 298
t 59898 59672 59881 58668
hp 324
t 55445 56295 74337 74253 74423 74254 55320 74424 74255 56257 56258 74426 56300 56259 56280 74427 56260 74428 56302 56303 55606 55329 55607 55544 39160 55374 55332 56269 74247 56293
hp 107
t 75546 71169 76396 75251 76398 76402 76489 76404 76363 76492 72625 76368 76369 76370 76413 76371 76414 76372 76415 76332 76374 75525 76375 75526 76378 75529 76464 75530 76465 76380 75531 76381 75532 76467 76382 75533 76468 76383 76469 76300 75535 76470 75536 76471 79106 76387 76388 76474 76390 76391 76392 75543 76478 76393 76395
hp 113
t 81878 78480 78311 78991 57572 79079 78316 78486 79081 79082 78402 78318 79083 79594 78319 79084 79085 79086 57582 81894 79089 81895 79091 78243 78584 78924 78414 78415 78926 78586 81816 81901 81735 81736 78336 78337 81738 78253 78342 78937 79022 78512 81828 78344 81829 81916 81831 78432 81748 81918 81833 81834 81750 81835 78436 78437 81838 78354 78439 81839 78356 78357 78272 78358 78273 78359 78274 78444 78275 78360 78276 78362 78277 78192 78447 78278 79043 78363 79553 78364 60344 78365 78536 78367 78197 81768 78368 78537 79560 78287 78202 79053 78203 81776 59676 81777 81862 78462 81778 81863 78888 81779 78209 81780 78380 81781 81782 79572 81868 78299 78384 81785 78640 81870 78386 81788 79068 81789 78389 78391 78390 81790 81875 79072 81877
hp 111
t 75249 75228 75250 75229 75230 75231 74806 75552 75556 75557 75089 75559 75560 75220 75561 75093 75562 75541 75244 75563 75564
hp 268
t 41760 40996 41422 41424 41085 41002 41344 41771 41178 62853 65404 41011 41353 61755 41272 42717 41446 41277 62443 41109 61849 62191 41367 43919 41369 42730 41456 62282 41373 62539 41290 42738 41295 61442 65015 42745 41301 41302 62552 41387 42748 62555 62900 41141 62476 41396 41312 62477 41228 41313 62903 41229 41314 41399 41230 62479 41400 41144 62906 41401 41232 41402 41318 64268 41319 41234 62908 41404 62911 41407 41238 41323 40983 61979 41414 41415 41161 41332 40993
hp 187
t 2986
hp 276
t 41844 22974 22634 22720 22635 41761 22552 22553 41934 41851 22726 23237 22642 22728 22560 41855 41841 41775 22653 22654 22655 22834 41281 59812 41792 59304 60070 22930 59480 59991 41800 22931 59396 22932 60503 59315 41465 59145 41467 59403 41810 22941 41812 22603 22943 41814 59495 41902 58817 41817 59585 22717 22951 22612 41822 60013 22528 41823 22954 59419 59421 22533 22973 22959 22704 22790 65121 22536 22621 22706 22537 22791 59427 41832 22623 22792 65039 22793 22709 60534 22965 22710 22632 22711 59431 22629 22544 22630 22800 22631 22801 22716 22547 22633 22803
hp 181
t 43719 26636 43423 26637 26980 26811 43429 43727 26770 26643 26728 27027 43432 26730 43434 43010 43011 43012 43013 43015 43442 43018 43444 43445 43106 43446 43111 43027 43409 43410 43453 26709 43412 26711 26712
hp 103
t 80859 76185 76526 71936 76527 76187 80182 80866 71941 63527 63530 80871 63873 80024 67700 80875 71866 63536 80027 71869 71784 63540 71786 75781 64225 63886 63546 71793 71963 80040 72564 72565 80046 72651 76222 75797 76223 76485 71982 63740 72665 76491 72673 72674 76160 76162 76163 76165 75825 76166 76167 67838 80078 76168 76169 75829 75830 75831 72686 76171 76172 72687 76513 76173 76514 76174 76175 75836 76516 76176 76517 76177 76178 75838 76179 76519 75839 76520 80855 71760 76182 76523
hp 69
t 44905 20595 44908 44909 44995 44867 42147 44996 44911 20643 45039 20644 44998 42150 44828 44531 44489 44872 45001 20649 20650 44962 44368 44496 44880 20655 44881 45010 44542 20700 45011 44884 44842 44886 45015 45019 44806 44891 44807 44341 44981 44345 44897 44898 44813 44984 20631 44900 44053
hp 189
t 26204 194 3000 195 3002 197 25273 25103 198 199 116 25191 117 202 118 203 119 25109 204 120 26386 122 25112 207 26218 26304 28599 124 25114 25116 28431 25796 26392 26478 28605 25120 25206 25972 25632 25122 25973 25802 26314 25124 26485 26316 26572 25638 25298 27423 26234 25129 26149 25809 25130 25981 25640 25810 25982 24622 25132 26067 25812 25133 192 25135 25817 25819 26414 26331 238 239 24635 26335 28551 28552 163 28553 24644 25154 165 82 25157 25329 25159 27454 26435 25672 25928 25334 25336 26016 25338 25339 26019 26022 25853 26108 25939 26109 25090 25091 2991 26112 26114 26456 24587 193
hp 169
t 27054 27055 43035 43546 27056 26376 27397 27228 26717 26718 27229 27059 26890 27060 27231 27571 26721 27401 27062 27063 27064 43384 26724 27405 27065 27066 27237 27406 27067 26726 27068 43048 26729 27070 27071 44242 26731 26732 42883 26733 42885 27415 26735 27416 27247 43567 27417 43568 27248 27418 26737 26736 27419 43570 27250 27420 27251 26738 26739 43572 27252 27422 42891 27084 27425 27426 27427 27428 43408 27259 27429 27430 27431 27432 43583 27434 27435 43075 44266 27437 43418 27438 43589 27439 26249 43420 44100 43761 44272 43762 44273 27443 43594 27104 44275 44276 27106 43767 44278 44108 27110 44281 27112 43772 43773 27113 26945 27115 26775 43436 44287 26778 43439 27459 26780 27121 27462 27124 26955 27129 27470 26790 27644 26624 26964 26626 26796 26797 26628 26969 27480 26631 26972 43633 26633 26973 26974 26635 26638 43638 26639 27489 26809 27490 26810 26981 27491 26982 27152 26812 26983 27493 43645 42889 26986 26987 26650 27500 27332 27502 27334 26994 26995 27340 27341 26663 45704 27009 27010 27011 26503 26674 27184 27185 27186 27187 26508 27188 26509 27189 27190 26681 27191 26511 27193 26684 27874 27194 27195 27026 27196 27876 27877 27028 43008 27029 43689 27030 27881 27032 27033 27034 42844 27035 27038 27552 27044 27046 26706 27216 43537 26708 43539 43032 27053 27223
hp 84
t 77247 53705 53540 71136 53754 71137 76835 76878 71310 69868 71143 72165 69828 69830 76843 51301 54024 71238 77613 71409 69838 76850 69796 70009 76853 69756 69844 77708 77157 76860 71420 76818 69807 77202 71253 77203
hp 188
t 1384 1450 112 113 156 114 157 115 1456 1436 1458 166 168 169 148 170 171
hp 175
t 62868 69347
hp 335
t 22956 23211 22946 23244 23212 22607 23350 22948 23161 42073 23226 42064 22940
hp 345
t 47798 46865 46866 45761 46867 46868 46274 46869 46785 46871 45682 45597 45684 45601 46791 45771 47812 46708 46879 47815 45692 45354 45694 46799 45950 46715 45440 47822 47824 47741 46298 45449 47746 45451 45111 46132 46814 46730 46900 45115 45626 27521 45796 46901 27523 45458 47754 47925 46737 46482 47588 46909 46740 47589 46910 46741 47761 47590 45466 27530 46911 26172 49038 45468 46319 45471 46748 27539 46497 49048 47775 45909 27551 46933 46764 46849 45405 46850 46936 47871 46852 47706 45920 46771 46686
hp 101
t 79338
hp 255
t 64241 80753 64242 80839 64222 63693 80841 64203 80757 63613 64208 63934 67831 80808 80767 67888 71758 67829 80834 64196 80835 64219
hp 185
t 28329 27776 26375 28331 27822 27865 28502 27782 27910 28337 28380 28338 26553 27785 28339 26384 28383 26428 27960 27197 27920 27921 28602 27923 25332 26565 27797 28137 27926 26481 26524 26483 27801 28524 26570 27802 27890 26573 28317 26489 28318 26490 28150 27726 28451 27942 28413 28328
hp 105
t 81883 81888 79255 79851 79257 79343 81044 79344 79175 79347 79178 79774 79777 79014 79355 79357 81058 81060 81824 79785 81742 81063 79787 81913 81914 81065 79738 81066 81746 81068 80983 81239 80986 81072 79714 79716 80992 80993 79803 79719 81080 80996 81083 80998 79723 79810 79727 79302 79728 79812 79729 79305 79732 79733 79563 79734 79735 79736 79737 79822 81013 81098 79823 79314 79739 80929 81015 79655 79569 79317 80932 79318 81107 79322 79327
hp 261
t 68882 68713 68714 68884 68715 68885 68886 68717 68887 68888 68719 68889 68720 66680 68890 68891 68892 68893 66684 68894 68895 69066 69237 66690 68900 69580 68901 68903 68904 68905 68906 68908 68909 66700 68910 68911 68912 66703 68913 68914 66874 68915 68916 66707 68918 68919 68921 68923 69604 69606 68927 68928 68929 68930 69611 68931 68932 68933 66724 68934 68767 69280 68941 69282 68944 68945 68946 68777 68947 68778 68948 68779 68608 68949 68609 68950 68610 68951 68952 68953 68784 68954 68785 68614 68955 68956 64367 68957 68959 68965 63017 68628 63019 66759 68630 68972 68973 66764 66593 68974 69314 64385 68635 68976 68977 68978 68979 68980 66771 68981 68982 68983 68644 68645 68816 68646 63037 69327 68987 68647 68988 69498 61680 68990 64401 68651 68653 68655 62371 63224 66800 68671 66291 68672 66632 68673 68674 69016 66636 66297 66808 66637 66639 66302 66813 69024 63076 69026 69027 69198 65967 68688 69029 69030 68693 68864 68694 68867 69038
hp 82
t 50769 50939 52045 73040 52050 50605 52051 50607 52053 49333 49248 49334 49249 49335 49165 50596 49254 49340 49342 49259 49260 49261 70937 51473 31498 50029 52155 49180 50882 50204 50885 52076 50886 50802 51994 51996 49192 70188 51998 52084 51999 50894 52085 50811 52087 49916 51495 50221 72832 52093 52094 52095 51702 52011 52012 49891 49892 51339 50834 52030 73536 52031 52034 52035 31636 50931 50762 51696 52209 52040 70996 76862 50937 50088
hp 299
t 23144 42228 22275 23125 41357 22935 23191 22555 22896 22284 22539 23198 23219 60154 23203 23142
hp 271
t 68661 62372 69002 61608 61949 61568 62377 62250 62422 62424 61575 61744 69352 62383 61620 61578 61621 61581 61582 62432 61583 68638 61753 62433 69064 62434 69319 69360 69361 69362 69193 61756 62436 69363 61545 62438 69071 69326 62441 62400 69242 61933 69201 69372 69330 62361 69373 69331 62447 61598 69375 69164 69334 62370 61605 69000
hp 340
t 40994 40997 41168 42698 41678 40998 43890 41000 62080 23321 43892 41001 62081 42533 43893 41003 23493 42703 62084 43895 41004 43896 62086 41346 41006 41687 41007 62087 41008 42708 41009 43900 41172 41010 42370 41350 42371 41351 42541 42372 41012 41352 41013 43901 42542 41354 41014 43903 41355 41015 42375 41016 41695 41696 41697 42718 41018 42038 41019 41359 42378 41020 42720 41360 42721 41021 41361 42722 41362 41022 41023 41363 42383 42384 42724 41364 42725 43915 41024 42726 42557 41026 42727 42387 62106 41028 62107 42728 42729 41709 62108 41368 62110 42731 41371 43924 41374 43925 41375 43926 42566 42735 42567 41376 42736 43928 43929 41209 42739 43930 42740 43931 41381 42572 42573 42743 42574 41214 42744 41386 42747 62128 61959 62129 61960 41389 41390 41221 42750 42582 41392 42753 62133 62134 61965 62135 43946 61966 43776 41227 62137 62138 62139 62140 62141 41699 62143 42595 41700 43961 43791 41243 43964 43972 43974 43977 43978 43979 43984 42624 42719 43985 43986 41189 42627 43988 42628 43989 43990 43991 23423 43994 43995 41191 43999 42640 42644 42723 43839 41633 42656 41297 41331 43848 44020 43851 42662 43856 42039 42667 43857 44028 43858 44029 62050 44031 43861 42040 43862 41316 42041 41657 40978 62058 43868 62059 40980 41320 62061 43871 42512 42513 41324 40986 41666 42687 43877 40988 40989 41329 40990 40991 40992
hp 166
t 5360
hp 264
t 23165 59428 22605 23147 23201 59401 22598 23247 22981 23152 23185 22952 23143
hp 302
t 63880 67667
hp 171
t 1469 1463
hp 165
t 24761
hp 301
t 69575 69474 69581 69391 66289 65801 68627 69245 66292 66782 69377 66296 66809 47960 69487 69402 66257 69572 66811 66791
hp 277
t 22718 41418 41419 65220 41335 22298 41764 41425 41340 23151 42020 41341 23236 41426 41342 42352 23155 23156 42028 59794 22905 65405 23246 22316 41793 41795 41286 41116 41796 22928 41288 41458 22929 41289 41799 41970 41460 41461 41292 41462 41802 41463 41803 22934 41296 22938 41298 41383 41469 65184 41809 41470 41471 41982 22944 65189 23200 64935 41306 59241 22947 23202 41987 41307 41223 41308 22949 41819 65194 22950 22272 23208 41148 42083 41150 23216 42002 23133 23134 42006 41326 42008 42009 41416 41927
hp 65
t 28161 28162 793 963 28249 795 28250 798 28341 801 971 291 44917 20522 28342 972 28174 28345 805 975 28175 976 27922 28348 28263 978 299 980 301 472 982 813 28268 28269 815 28270 985 27931 987 991 660 323 664 1008 1009 840 1010 44530 1011 671 1013 504 21500 1019 511 341 1023 20574 259 20575 345 44885 686 348 44805 28231 44899 617 362 20593 363
hp 290
t 69806 69753 51380 76840
hp 235
t 77289 71174 76360 77636 77213 71179 75601 71266 77642 69824 77644 69825 69827 76542 76373 69829 76291 77821 76292 75527 72553 69748 53343 72638 75699 71195 77655 76466 69837 77146 76297 71198 71199 69839 75619 76384 69755 69840 76385 72561 76301 76386 77237 76473 76389 74860 76475 72567 76394 76397 77163 76399 77759 77080 77081 77082 71219 77764 77596 76323 69865 69866 69867 77602 80493 69870 74885 71230 71231 77013 77779 72595 69792 69793 69799 77194 75666 76352 71168
hp 263
t 67413 63064 61512 61555
hp 314
t 48094 66392 47543 47364 47396 47461 47388 47462 47400
hp 78
t 70956 71636 71679 70150 71000 70959 71130 72745 50900 73554 70751 73641 70189 66419 65953 70190 65955 73268 65917 49173 70170 72721 49219 49262 73065 66605 73066 71621 71623 69583 67119 49184 70181 73539 71627 70183 70906 70738 70994 70145 71123 71633 70954
hp 177
t 24678 24589
hp 254
t 79414 61991 63266 63436 63352 63353 61994 63439 63270 63355 80780 62591 62676 63356 64632 61998 65313 62679 62681 65487 41944 59795 59796 65322 65492 65070 59631 65330 64991 62611 63462 62699 62020 60065 62532 62705 65086 62621 65171 65172 62708 65173 62709 64749 65174 62712 62543 7038 64924 60079 63395 62715 63480 78016 41892 22767 41893 65183 62550 22773 62468 62639 63234 62641 59836 65192 65111 78032 65114 65117 78038 65033 62569 59764 62656 65210 63426 64616 63342 65132 61987 65217
hp 334
t 60968
hp 262
t 24533 24559
hp 295
t 65866 66271 66261 66262 65965 65945 66286 65873 65875 66089
hp 234
t 58418 58078 59186 58762 58848 59191 57661 59872 60042 58854 58429 58515 58516 60387 58688 58859 59199 58689 57925 58690 58096 58691 58522 57927 58692 58523 58693 58864 59119 58694 58865 58697 58443 58699 58870 58871 58701 58703 59384 58875 59387 78343 58625 58627 58628 58629 58630 78520 58631 58546 58376 58547 78352 58548 58463 58378 58549 6869 58634 58635 58465 58636 58466 58637 58467 58638 58723 58384 58556 58386 58557 58472 58387 58558 58813 58390 58476 58052 58648 58479 58734 58394 58650 59159 58821 58059 58656 58658 58659 78211 61298 58834 58665 58750 58666 78471 58413 58669 58414 58670 58671 78306
hp 260
t 61565 67361 66692 66693 66699 67392 62464 69609 67067 67409 67410 61633 67414 61636 61637 61638 61642 67423 61645 61648 61649 61650 61651 67432 61652 61653 61654 61655 61656 61657 61658 61659 66589 61660 68800 66590 61661 68801 67441 61662 61663 68803 67443 61665 68805 67445 61666 68808 61668 61669 66939 66600 61671 68641 66601 66602 61673 61674 68815 66945 67456 61676 61677 67457 68817 61678 67458 61679 67459 67460 68650 67461 66610 66611 61682 67462 68822 61683 62873 61684 68824 61685 68825 65596 68827 61687 67299 68830 67471 66621 68832 61521 61692 68833 61693 61523 68834 61694 68835 61695 63225 67476 68836 67477 68837 67478 68838 67479 68839 66969 67480 68840 67481 68842 67482 68843 67483 67484 68844 67485 68845 68850 68851 67495 67496 67498 67499 67500 67502 67503 67507 61562
hp 174
t 62844 41005
hp 106
t 80392 80394 79715 79799 80396 79800 79801 79207 79802 80568 80421 79804 79762 81145 80384 80385 80387 80388 80410 80389 80411 80390 80391
hp 168
t 27394 26714 42865 27395 43715 27396 27227 42867 27057 43717 43548 27058 42869 43549 27230 43550 42870 43551 43721 43552 43722 43553 43554 42874 43556 43557 27407 43558 27408 27239 43559 43729 27409 43730 27241 43562 27412 27413 43733 43393 43734 27414 43564 43565 27246 43566 43736 42884 26907 43738 27249 43569 43739 44250 27393 43571 27421 43741 43401 27253 42893 43743 43574 27254 27424 27085 27256 44256 27086 27257 43577 43407 27258 43578 44259 43581 43751 43411 43752 43753 27433 43584 43415 43416 43756 43417 42908 42909 43759 43590 42910 43760 42911 43592 27442 43593 43764 43595 43765 43596 43766 43597 43769 42920 43770 43601 43771 43774 43775 43437 42929 27290 42930 42931 44121 43612 42932 27293 42934 27294 27295 27296 27297 42937 42938 27299 42939 27300 27301 27302 42943 27305 27306 27307 27308 43632 43636 26296 43639 42959 43641 26984 43646 43647 27501 26992 27503 27336 26996 27166 26997 26998 27000 27001 27342 27002 27343 27003 27008 27179 27014 26504 27357 27358 27020 26510 44192 43683 27364 27365 27875 27367 27368 27369 43009 27370 43520 27372 27373 27375 27376 27036 27037 27379 27039 27040 27041 43702 27042 27043 42853 27045 27047 27217 42857 27048 43538 27049 42859 27050 43540 27051 43712 43713
hp 68
t 832 20893 20808 20851 451 44907 367 21319 20640 28205 496 28164 20939 21280 20600 669 372 28167 20519 502 28382 20520 885 803 28258 930 22267 20567 889 20484 424 20570 21123 809 20656 894 44840 854 20872 473 28225 643 20918 20922 28190 20965 20925 20586 20926 20927 20886 613 44817 20677
hp 269
t 41334 22805 22890 62333 41763 62418 41170 42531 22812 41427 61828 42535 41345 41262 41688 62854 41349 42029 43135 61495 61752 41692 69151 41356 41017 62353 41701 41702 42382 62358 42043 62190 41366 41706 62362 41708 41029 62280 41711 41034 43246 62288 69344 41210 41380 62292 41807 41382 42659 41555 41215 41385 69350 62806 41388 62384 41049 62302 41333 61963 61878 41393 41395 61967 42502 61968 62223 41398 41231 43951 62311 61971 61631 62313 40979 41405 41321 62146 41833 22794 22795 41667 69207 41328 62324 41330 22715 41417
hp 102
t 80178 80179 79330 80351 71766 80861 64116 75932 80862 80777 79505 80356 63525 80526 80360 75940 80870 76196 80872 80787 79938 75943 71863 80873 80874 75776 75777 71868 75949 80880 75951 80116 75782 80884 75957 75874 76215 75791 80212 79873 64233 63554 80469 79874 79875 80215 79621 79876 75796 75798 71973 80476 75802 80223 75803 79969 80480 76487 75807 80483 80144 80484 80145 80571 80486 80826 80146 80487 75982 80149 79980 79982 79897 71823 75818 79899 72675 79646 80155 80241 80157 80158 80329 75826 80246 75828 76170 79910 80166 80082 76512 71752 75833 80168 79488 79914 80849 63935 79915 75835 79916 80171 75837 79492 64113 75925 80177
hp 354
t 38262
hp 182
t 44901 44977
hp 96
t 77748 77598
hp 180
t 43394 43119 43714 43523 43438 43395 43758 43397 43017 43059 43718 43698 43720 43402 43455 43723 43470 43600 43387 27366 43728 43431 43688 43603 43454 43731 43413 43392 43627 43521
hp 341
t 62329 43204 62414 43205 62330 62415 62331 62332 43122 62334 43209 43124 68624 43125 62421 43212 43127 43213 43128 62423 43214 43129 43215 43130 62425 62426 69318 69320 69321 69322 69153 69323 62354 69324 62439 69325 69240 69328 69329 69244 62445 68991 62446 69332 69333 62279 62366 62281 68996 68997 62368 62453 69340 62455 62287 69342 69343 62458 62289 62374 62376 62291 43081 62461 68667 62462 62379 69096 62213 62299 62385 62387 62389 62390 43095 62392 62393 62308 43098 62309 62394 69364 62310 62395 43100 69365 69025 43101 62312 69281 69366 69367 69368 43103 62314 62399 69369 69370 62401 69371 62402 62403 62404 69374 62405 62320 62321 62407 62322 62323 62409 43114 62325 62410 62411 62326 62412 62327 43202 62413 62328
hp 265
t 18633 24305 18629 60960
hp 339
t 45190 69567 69379
hp 300
t 63878
hp 186
t 2934 26226 24613 196 2003 1557 25997 27549 25127 24641 24642 26150 24684 24600 2988 25131 2989 1545 24686 26366 25156 125 25648 127 2932
hp 331
t 24142 60969 24313 60991 23230 23188 60971 24295 44696 24298 22300 22282 4221 22156 23220 24284 24306 24308 24287 23012 23352 24310 23228 23951
