ap 8
41
54
57
145
150
ap 9
152
ap 10
93
ap 11
135
136
138
143
361
362
365
ap 12
355
ap 13
147
ap 14
360
ap 15
61
154
ap 18
364
ap 20
144
146
ap 24
45
49
53
ap 25
75
91
ap 27
137
140
354
356
358
ap 28
77
94
96
142
ap 29
87
ap 30
156
357
ap 31
44
ap 33
351
353
359
ap 35
66
67
70
71
72
73
74
82
86
88
99
102
103
107
108
110
111
114
116
117
118
120
121
122
124
125
126
127
128
129
130
131
132
133
161
162
163
164
166
167
170
174
180
181
182
183
184
185
186
187
188
189
190
191
192
193
194
195
196
197
198
199
200
201
202
203
204
205
206
207
209
210
211
212
213
214
215
216
220
221
222
223
228
229
230
233
236
237
238
239
240
241
242
243
244
245
250
251
252
253
254
260
261
262
263
274
275
276
278
280
281
282
284
285
286
287
288
300
301
302
303
304
305
309
310
311
312
313
316
325
326
327
336
337
340
341
342
343
344
345
346
347
348
349
366
367
