ap 0
hp 368
 61183
ap 1
hp 369
 53048
ap 2
hp 90
t 59264 59310 59141 61393 58695 60651 23273 60101 61419 60102 59338 59275 59786 36985 59340 59255 60680 23620 57685 60640 59133 60642 23604
ap 3
hp 37
t 75446 79814 77680 74907 77617 80391 77821 53511 75411 54481 75412
ap 4
hp 370

ap 5
hp 83
t 44494 44382 21364 21332 21413 21351
ap 6
hp 371
 20472
ap 7
hp 372
 20158
ap 8
hp 43
t 30172 31881 30011 47522 31371 31031 47182 30851 30527 30871 30361 30872 32063 47534 31385 66065 30030 47541 47710 47711 48395 47546 30887 49928 46869 30889 66079 48570 65909 46870 47214 31064 30897 48070 30732 31923 31412 31413 29883 31414 47565 27507 48417 47908 66098 47739 31420 66100 46552 47743 31934 45364 66275 31086 47577 48087 47747 30578 30408 47918 46899 46390 66282 47752 48433 31777 46568 46569 46739 47171 31780 49291 46911 47081 46743 48276 31277 31279 49980 48281 49983 30606 30269 31290 47780 47611 31972 49993 47104 47615 31296 49826 47786 50339 49999 49829 48299 47109 31470 30619 46602 49833 47453 50004 48134 48305 30964 49835 49496 32667 66157 48140 48311 49841 48481 73132 48482 31314 47804 47464 46616 31317 47127 47638 31828 47128 30979 47809 48321 30472 47133 47134 50025 31154 47646 31327 30987 31841 47141 49524 48335 31166 48167 45790 32701 66361 48172 46983 47155 49706 46986 47496 30836 48178 47672 30843 30849 45130 46151
hp 36
t 47129 30873 47810 48002 46877 47365 30962 46200 47751 48241 31368 47031 45810 30521 48244 47501 48712 47099 66182 46377 47653 31418 66057 47697 47783 31357 30635 47467 47106
hp 38
t 46342 48149 49445 46981 49661 27499 30474 48175 47772 47815 48477 49944 47776 31903 66754 47822 47506 66229 47041 47764
ap 9
hp 55
t 47512 47854 46962 30600 48324 31239 48325 48284 48327 47053 30904 47054 31926 31118 48332 48205 48291 31803 49782 31762 48296 31041 31893 31301 48217 47069 32492 47835 31601 48347 48348 31263 31051 31222 31519 31227 31653 47080 31016 47677 31612 31231 47552
hp 59
t 9603 9774 10199 29920 9435 29240 8416 9776 10202 12242 12072 29243 32644 10204 10884 10714 29755 11396 29927 11142 11907 9357 30436 11398 9784 30099 9020 30100 11146 9361 29932 8427 29082 29933 11743 29934 9704 32655 8430 29935 9792 8434 10474 8436 9626 12263 10224 10734 29349 9800 9630 11416 9717 9632 28928 12268 9633 9549 9805 11420 15840 8447 9807 11763 9638 29698 29784 11765 11426 9557 9899 9559 9389 12109 9475 12110 30130 12111 29792 9647 9563 12283 30133 9904 32685 29710 29796 30137 29712 11184 11185 9656 8386 8981 29892 9408 29723 10003 10940 11535 11366 11199 29389 3126 9929 9419 9760 11376 10187 9847 11720 10446 30421 9341 10192 8407 9599 29914
ap 10
hp 95
t 44834 44748 45047 44198 44665 44878 44879 42075 44838 44499 44500 20615 43778 45053 20786 21499 44842 5189 5232 42211 45016 5192 5321 7449 5237 21390 28020 44851 42259 44215 5202 45028 21318 44991 44439 44865 44866 44993 21323 44360 44871 7471 21369 42151 42280 44831 44534 21457 43770 21373 44876
ap 11
hp 373
 49085
ap 12
hp 134
t 37604 18637 40456 18006 57001 60435 37608 40473 40454
hp 350
t 37932 37927 37606 37581 37411 36892 37614
ap 13
hp 141
t 36889
ap 14
hp 352
t 15391 20331 15853 20359 14219 11653 14838 16180 15601 17544 20403 16187 17520 20406
ap 15
hp 50
t 53548 54102 77563 77312 54108 54533 77441 77357 54026 35711 33757 54200 70605 54285 13869 54032 54626 70522 56456 54120 53911 54125 53572 54041 54127 54212 53575 54131 53537 77380 56895 55111 53580 54133 53623 53922 53753 54008 53838 35055 74835 53627 54096 53842 53673
hp 56
t 31532 53122 31022 31534 30854 31704 31535 49725 31536 50408 30859 31709 47693 31209 53139 31210 49740 31212 31553 31044 31216 53146 31048 31729 47029 46181 30202 31732 31053 31054 31055 31566 31736 29696 53157 47037 30211 46191 30721 32762 30044 53166 30898 30731 48246 30910 47740 31935 30237 49617 29219 31607 31268 31616 31107 48280 46410 30601 29416 47781 49822 31974 28914 30614 48298 31298 30280 31302 30452 30454 30457 31648 30289 49669 48310 49840 31311 49671 31141 30467 49847 31319 31489 30641 49851 48322 31495 46966 49686 30307 47649 47819 50370 50372 30653 48334 30994 31504 30654 49694 46125 49695 31335 50378 50379 47659 46980 31340 31510 29810 31342 31002 50383 31684 31685 31516 49708 50389 31010 31690 31692 48183 30334 31523 29824 31526 46147 31527 31528 48359 31529
hp 52
t 54143 71994 69869 69784 77052 54019 76162 70637 77565 76919 69873 69831 69917 54110 77190 69754 70604 76854 76855 34993 77196 54203 77451 76857 76389 77539 71206 77029 77328 76351 77542 34957 72486 77331 69852 72615 54170 32666 71214 77250 76528 54220 77555 35183 77386 69696
ap 16
hp 89
t 44581 44156 42924 44115 44286 44245 43607 44586 896 44588 42891 28058 44126 28277 28192 44555 906 27682 44131 44560 44561 44391 42905 44566 44609 44567 28162 4869 27908 28331 27909 44101 28207 44102 44570 27913 28168 28173
ap 17
hp 374
 65535
ap 18
hp 51
t 10197 52867 10622 9773 10878 52868 11219 10708 12920 9775 28985 29241 36466 36637 36552 11138 11053 11394 28735 29247 52877 9358 10974 52710 13355 13276 9706 9538 52293 10900 52805 36656 52636 10902 52638 29350 52810 36830 10906 13286 10228 10229 10994 16350 10995 9551 10996 10912 10742 10913 52308 12442 10914 11084 10999 36670 10064 14995 10236 12956 11086 36332 10152 11087 52568 36588 13300 12875 9730 28770 52316 9816 36591 36337 36423 36168 10924 13304 13049 28945 12626 36172 13903 36428 36429 3818 13312 52582 52587 52673 11024 11026 10942 36527 9838 12303 28964 36444 10435 36446 52682 10864 10354 13160 10951 52771 9761 10952 52602 3812 10955 29230 11040 10871 10531 36456 10873 36543 29744 9515 10961 10876
hp 63
t 54078 54016 53890 53891 54126 53871 54042 54107 54065 54513 32796 53707 54239 56577 53582 52712 77449
hp 40
t 30894 31618 47173 47130 47429 47132 53104 49600 47518 47647 30903 47521 49731 49606 30567 49522 53177 49821 50332 49779 30995 50417 49525 27130 53140 50336 50421 47192 50337 49530 50210 49616 47788 49702 46940 50255 30876 28751 48302 47664 30792 47707 31727 50343 53064 50173 47116 30969 49839 50393 50352 30888 47167 50399 47212 47213
ap 19
hp 375
 57078
ap 20
hp 139
t 3575 48 317 28480
ap 21
hp 376
 28607
ap 22
hp 377
 73702
ap 23
hp 378
 60664
ap 24
hp 58
t 77346 77049 53931 69827 35785 70257 77610 70429 54151 71365 74808 76381 76297 76851 70178 53391 75662 70311 77537 70312 70609 77622 70822 76816 75200 53654 76820 70955 76822 53624 76319 77042 71093 70669 53713 76834 75517 71395
hp 42
t 75392 53888 70464 69870 75650 34256 75821 70042 70043 76843 76333 70129 75400 71066 75656 35792 70643 76593 76256 76427 77534 77535 77536 74901 77198 53653 70482 54163 19229 69723 76439 77034 75081 77040 74919 71267 69825 73739 70595 77567 54022 76377 75443 76378 76293 75784 72639 69834 34988 53434 76298 69839 76385 70436 18246 70099 75797 54208 76481 69937 76398 76993 69854 76996 75467 76487 34416 75386 53966 12486 77088 69864
hp 65
t 52655 16361 16276 36380 13387 12963 52573 53084 11222 12752 36467 36510 10418 13990 14205 10508 30440 12760 54114 13356 14335 13570 10255 36520 77320 13996 52672 15316 13871 13532 70443 13669 12989 14987 10992 10186 52687 10953 52688 13165 53625 70116 13337 36330 52862 11085 17036 14358 12828 69992
ap 25
hp 97
t 4373 42243 20612 4376 4802 44841 43525 44248 4381 45013 42464 21342 4383 21343 20791 43362 44128 44469 42175 6815 5198 45043 44388 44049 43369 44860 44138 21359 4400 5080 42737 21488 21404 44822 21362 44312 4701 27057 20768 44144 21194 21408 20772 45039 21282 21328 21371 4498 21416
ap 26
hp 92
t 19292 16827 16402 61198 61029 60944 37230 37485 6546 59333 61035 6550 58403 59253 18624 61041 60957 18629 60705 18887 36995 19402 61138 61227 37002 37768 37003 37513 19324 58681 6576 19242 61317 60893 60722 19243 60894 6579 37775 18735 18651 58686 37097 38458 39818 61409 61324 17975 39820 37525 37016 61070 37526 37017 61241 58607 61243 37953 60904 18064 60905 61417 61332 24105 37025 37451 37027 61254 37030 36948 37968 37717 16639 19445 37720 19360 61435 18936 18002 61097 19448 39848 19449 19450 18090 19451 24296 39852 36963 37049 37219 37476 61192 37222 58133 37989
ap 27
hp 60
t 54806 54371 54281 54803 54278 55240
hp 47
t 54280 56269 74353 74407 74121 54593 74336 81639 56306 56285 53322 56139
hp 39
t 55736 54695 55631 55803 54651 56271 74399 74422 74358 55298 54661 74426 74490 74472 74430 53500 56137 56307 56286 54715
ap 28
hp 79
t 57372 57373 78623 78455 60096 59416 58906 60097 59077 61286 78118 59417 59079 78629 60100 59082 61292 57723 78633 57553 59764 57724 58406 22706 22536 36987 41577 57557 22538 59769 22540 60111 59772 58925 59437 22547 60118 78961 41588 22549 78650 59610 22551 41422 60631 41594 41596 57407 22556 41597 64888 22559 41599 37180 38541 60132 59112 64892 60133 58944 78155 22564 22565 59795 60137 59457 78839 22571 60142 58613 78844 78675 22575 37026 58447 59637 43318 58449 22579 78850 22580 22920 58621 22921 41621 22581 65252 59812 22923 58454 58624 22924 65255 58965 22586 78347 37038 58629 78180 58630 41630 22931 22591 41632 22932 42653 23276 37216 41637 37217 37048 60678 22768 22769 58639 60679 59490 58982 22773 61193 41643 41474 22776 59329 60350 61201 58651 22272 61203 79054 22446 77866 78376 59337 22961 41663 22623 41664 61384 59005 58496 42005 61217 22627 58498 78218 22967 60707 22970 22801 77882 60712 22972 22973 22974 41674 43887 64967 41677 42698 42530 64970 41681 41682 61402 42022 59363 42024 78237 58687 42027 61407 41348 22988 60728 61410 81301 60731 61411 43903 22823 61925 61246 60907 78418 42378 60569 78250 58531 78421 78081 78253 42724 60576 61256 78426 23517 61257 60067 41707 61259 22840 23520 59240 41711 78262 59902 59392 60922 22843 57353 59397 59398 59569 37979 61270 59401 41722 64843 41554 61276 41558 59238 41560 41561
hp 81
t 44455 43265 43268 43269 62140 43270 44971 62142 42762 62143 44293 43107 43277 43448 42940 42941 42262 42942 42263 43288 43460 43631 45842 43803 43464 43974 44994 43976 44147 43298 42279 26810 42792 42112 44833 42284 42795 45004 44836 44666 43306 43478 42118 43308 43650 43481 43991 42122 42463 42293 42805 27166 42296 43317 45017 43998 43999 42810 45020 43491 43661 42812 43662 42303 42134 42137 43838 27008 42314 42488 42318 42489 42319 43340 43854 44025 26686 43687 42158 43349 44030 43350 43351 43862 43182 62391 43695 43527 43528 62059 27381 42682 44893 43365 42007 43198 43539 62069 43709 62070 43372 61733 61735 43207 44739 41510 44400 26722 44744 44915 43556 43557 44917 44918 42888 62098 45440 61931 20623 43578 62109 62110 62111 62112 43074 44436 43587 42908 44270 62120 44951 42911 43762 44955 44957 44958 62128 62129 62130
hp 85
t 64852 22694 41735 60095 41391 41736 23376 23547 41738 22704 60104 59766 22877 22708 77957 64868 62829 64529 78809 64530 60110 59771 78811 64533 64536 22548 22719 59779 41420 60291 65223 59785 59615 64886 59789 60130 64891 57751 59792 65232 22735 41265 78665 65236 60308 60140 59800 41270 22912 22913 65244 78674 59635 22916 78337 59808 78338 22578 65249 23259 64570 59811 64911 22922 78344 59815 59475 65256 23266 78346 22927 22588 22589 59822 22933 59993 64850 65266 59148 64929 59149 22939 59150 59320 59151 22771 60000 60001 22605 22945 22946 59497 22777 59498 60008 22948 22950 22612 79052 57803 60014 59846 60016 60017 78378 22620 22791 57981 59852 59853 59854 22794 60024 60195 79064 59004 59859 59524 64795 62759 22640 78402 22643 78404 22645 64807 62768 22648 58861 64813 64814 60055 59717 78420 60061 78422 22691 60064 57346 60066 22667 59730 60070 60072 60073 60075 59907 22678 60080 60081 59232 59741 64842 59233 78103 22684 58724 60085 59236 78785 60086 65186 60088 60090 60091
ap 29
hp 48
t 31192 50148 73523 47600 47773 31708 47606 68687 68774 66140 31717 47953 66058 46509 68694 49997 46938 68868 47194 48724 45410 30961 49491 69213 68620 47455 65816 31391 47456 47204 69050 49844 31399 47125 47720 66081 46703 47554 66083 66258 49429 46661 45182 45268 66858 49519 31415 45271 47821 65841 69073 47738 66778 72815 49440 30913 45279 68910 46896 47576 46557 66277 45199 66534 46900 46901 31350 47755 31351 46738 46909 47845 66716 68671 68929 69184 46065
ap 30
hp 62
t 35825 36422 12430 14580 54063 52808 36319 16896 13881 52898 52813 13352 17156 13354 29526 12441 10469 14019 52694 15082 52696
hp 64
t 53547 34167 13859 53386 35026 54024 34984 53938 12417 13989 54195 70259 16329 34391 70646 54115 51438 69969 77321 70139 33504 70606 13999 12301 54037 13493 51277 13666 70488 54128 53618 54213 51284 53751 70539 12530 13893
ap 31
hp 46
t 66743 49499 47481 47556 53018 46346 31386 47027 31006 31431 50078 45203 66985 46203 53152
ap 32
hp 379
 39865
ap 33
hp 380
 20398
ap 34
hp 381
 52475
ap 35
hp 232
t 64602 63237 64859 64854 63235 63341 64835
hp 218
t 53685 53622 53644 53985 53689 53616 53638 53661 53684
hp 68
t 50402 49723 53124 31024 53125 31706 31026 49727 53127 53128 53129 47351 53131 53134 50160 53135 31035 49992 53137 49483 53138 31718 49824 31039 49827 49487 49830 49493 49748 50429 49749 31646 49751 53151 49667 49498 49753 49754 49755 49721 31571 49761 49678 49848 49763 49509 31662 30218 52998 53169 49770 31581 53171 49687 53172 31583 49774 53091 50371 49692 53007 30227 31590 49781 53182 49614 49529 49615 49787 30747 49533 49196 49709 49710 50392 31695 49716 49718 31613 50401
hp 168
t 53096
hp 258
t 71482 70462 54144 70465 54145 72506 54146 54147 70467 70128 54149 54150 69791 72512 72513 54154 70474 72515 69795 54155 70475 72517 72518 72519 54160 70140 54161 70141 70481 72522 54162 70142 72523 70483 54164 51444 54165 71505 51445 54166 51448 51449 69810 51450 54171 71171 51451 51452 72533 51453 72535 51455 72537 72538 72540 71182 72543 72544 51465 70508 72549 72551 54193 54194 70515 71195 72556 54196 72558 54198 34819 71199 34820 69842 54202 71202 76304 70524 76305 54205 76306 54207 69848 69849 70530 76311 77332 76314 69855 77335 71215 34841 77341 76322 70542 69865 69866 76326 34848 70548 34849 71229 34850 69871 34851 77351 34853 69874 34855 71235 69876 76337 75658 75660 34861 75661 77361 34862 77362 34863 76343 75663 77024 71245 77026 69886 77367 77028 76348 77368 34529 76349 77369 77371 77373 77375 76356 69897 76357 76358 76359 34880 34882 77043 34885 76365 34887 76367 34888 34890 77051 70592 72633 70593 70933 34894 69914 70594 34895 34897 69918 34898 70258 71278 70260 70600 72641 34901 70601 34902 72643 34903 70603 34906 70607 70608 71288 71289 34910 70950 34911 69932 51232 70612 69933 51233 70613 70614 69935 51235 70615 69936 70616 70617 51238 70618 51239 70619 70620 12481 51241 71301 70621 70622 70623 69944 51244 12484 69945 70624 70625 69946 70626 69947 51247 70627 70628 71308 70629 34930 72330 34931 70631 34932 34933 70633 69954 70634 70636 12497 12499 70639 69960 71321 71322 70642 51264 70644 69965 51265 51266 70647 70648 71328 71329 69970 70310 69971 71671 51271 70991 51272 71332 71333 51274 71334 71675 36655 51275 71335 71340 70321 69982 70322 71342 51290 34972 34973 50955 70338 71360 70680 70681 51302 71362 70345 70685 70346 70007 54029 34989 51310 71370 34991 71372 71034 71381 71383 76486 71387 35008 35009 51329 35017 76497 76498 51339 71399 69701 76502 76503 71063 71403 51344 69705 76506 35027 35028 76848 69708 69709 69710 35033 51353 71413 35035 69715 70056 76856 76859 69719 70402 77544 70065 69725 70412 35054 76534 76535 76536 76537 76538 69740 77560 70421 76541 77562 35064 35065 35067 35068 69748 35069 71109 35070 69750 51391 69751 69752 72472 70094 72474 69757 69758 70438 51400 69761 72481 69762 54123 69764 72484 71464 72485 69765 69766 71126 70447 69767 51408 51410 69772 71472 36793 69773 69774 71134 69775 72495 70455 51415 34417 51419 70801
hp 225
t 14341 33253 33573 14384 14363 14577 33553 16724 14684 14387 15345 15346 14626 14436 14607 14522 33563 14502 14354 14524 14631 14336 33546 33717 14677 14339 14445 14616
hp 269
t 41256 41412
hp 226
t 55873 55852 39088 55875 58266 55849 55845
hp 265
t 41413 78792 78664 77965 43307 41060 42739 41061 78802 41403 78803 41361 41254 41255 41001 41384 41257 78662 41365 41068 41259 41623 41666
hp 112
t 75222 75569 75572 75574 75579 75415 75076 75077 75079 75419 75080 75761 75082 75168 75423 75593 75424 75170 75085 75171 75596 75087 75172 75088 75772 75262 75773 75263 75434 75775 75181 75183 75439 75357 75103 75110 75390 75457 75203 75458 75204 75459 75460 75206 75461 75376 76991 75463 75378 75209 75379 75465 75380 75211 75466 75381 75127 80397 75468 75383 75128 75129 75215 75471 75131 75217 75387 75388 75389 75050 75391
hp 267
t 43156 43199 43157 43131 62346 62157 62072 62115 61904 61820 43120 62395 61802 62270 43166 61867 43273 43189 61934 43213 43128 43214 61808 26639 61915 61809 43343 43386 43196
hp 319
t 68932 68933 69614 66724 69444 66725 69616 48026 45986 66726 66727 69447 69617 69448 66728 69619 69109 68940 66729 69449 68941 66730 66731 68942 69112 68943 66732 69452 66733 69453 69454 66734 69624 69455 66735 69625 69116 46845 69626 45997 66739 66230 66913 66914 66234 66064 45156 48046 45299 68791 66071 66752 66072 66245 68795 66756 66247 66757 66758 66078 66249 66080 66760 45172 66082 66762 45173 66253 66767 69489 68980 66772 69492 69493 66774 69325 69494 66095 68986 66777 66779 66099 68991 69501 69502 69503 66783 69504 66787 69507 69508 66280 66790 66792 65943 66115 66795 66796 66116 66797 66117 66118 66119 66120 66121 66632 66633 66123 62384 66805 66125 66806 66126 66127 45218 66128 69528 66299 66811 66131 66982 66643 65964 66816 69536 66137 69537 66138 69538 66139 69539 69540 45231 66654 66144 69545 66146 69547 66831 69382 66151 66664 66665 68875 66666 66156 69388 66158 66669 66161 45252 45422 66163 66843 68884 66164 66675 45255 69056 66676 65997 68887 69398 65998 69568 69569 68890 69571 69062 66682 68892 46623 69403 66172 66173 66683 69574 47304 66685 69406 68896 66687 68897 68898 69409 68899 69410 68900 69071 66691 68901 68902 68903 45274 68904 68905 69076 69416 68906 69077 68908 69420 48001 68911 69591 45282 69592 46643 48003 69593 66193 45284 69594 69595 69086 69426 69596 69427 45286 69597 69428 69088 69598 66198 66709 69599 45290 69092 69093 66713 66714 48014 69097 69607 66718 68928 69608 66720 68930 69101
hp 78
t 65192 41563 23034 41564 41565 41396 41566 41567 23380 23381 44972 22195 42596 41576 23388 23389 22709 23391 43962 41584 41415 41585 41586 41247 41587 41589 43800 41423 41593 42615 41427 23408 41598 43978 43809 44999 41601 45002 23415 62264 41096 43986 41606 41607 41608 42226 41269 41609 41780 43311 41271 41442 41611 41443 41612 41613 41444 42123 41614 41785 41615 58616 41616 44337 41617 41697 41619 41620 44001 22072 62532 42642 42133 62268 22076 41629 22846 41461 41631 41633 41634 41636 42317 41638 62549 41640 41641 42153 42154 42665 43858 65108 65114 65116 62228 42678 41319 22619 42002 42174 42203 41665 41667 65127 62239 41669 42180 41670 41671 41502 41672 22803 41673 42013 42205 42014 41675 40998 41339 41680 41683 41344 41684 41685 41345 44916 42025 41686 62256 41347 41687 41688 42199 41009 41689 62089 42370 41690 41011 41691 42039 41692 42712 42372 42373 41013 44923 41014 42032 41693 42375 42033 42034 41016 41356 44927 41695 42035 41696 41018 41358 42718 41699 41359 42037 42720 42380 42038 41701 41021 44932 42382 22660 22661 41363 44934 42042 41703 41704 22664 22833 42215 42726 22838 22658 42728 61939 42219 41369 41709 41542 41712 23523 41713 41544 42734 44945 41545 41714 41546 44946 62454 41547 62455 41715 41716 41886 42058 41718 41719 41380 41552 44952 42742 41553 23532 22683 41724 41555 65015 41385 41556 41725 41726 41727 22826 41388 41389 41390
hp 283
t 63917 75902 76584 63880 80286 63329 63246 76594 63888 63506 63550 63508 63551 80763 64020 63511 63894 63895 80811 80046 64196 63899 63517 63518 63519 64157 64160 64032 63906 64034 64120 63908 64206 64079 63528 80317 63530 64169 76581 63916 64171
hp 279
t 69378 61793 61900 61794 62113 61816 61584 61796 61711 68682 61585 61819 61628 61800 61928 61737 61590 61803 68794 61889 61592 61613 69114 61614 66842 68651 68885 61916 68886 61919
hp 246
t 72928 72249 72929 67237 71572 73358 71573 65539 71574 72851 71577 73532 71578 67246 67076 71667 72942 67078 67079 67081 67253 67255 71591 68532 71594 72785 71595 71510 67090 71596 71597 71598 71517 71518 72964 71519 72881 72967 73478 67103 73481 73483 71528 73484 72892 73488 73489 72894 73490 73491 72896 73492 72897 73494 72899 71625 67120 73496 72901 72902 73498 72903 72904 67124 72905 72906 68486 70782 65767 68487 71547 73503 73504 72909 73505 68491 49282 71552 67132 73508 71553 72828 65774 72914 72830 71555 72915 68495 67220 72831 71557 73173 73174 71559 73176 73517 73178 73518 73349 71564
hp 270
t 54121 70442 54066 54038 34978 54018 77330 54020 33472 54086 34929 54192 35674
hp 113
t 77009 76924 77010 76925 76926 75708 76927 75568 75654 77015 76421 76424 75659 77019 76425 77020 75577 75664 76430 75665 75582 74904 76435 75420 75760 77036 77037 76869 76444 76873 76874 77044 75599 76959 76875 77045 76877 76881 76882 71187 76883 77053 77054 76800 77055 76801 76887 76889 75530 76891 75532 76892 76977 77063 75534 76469 76471 76386 76981 76301 76472 76302 76473 76982 76983 76474 74857 76984 76475 76387 76985 76476 77068 76986 76477 75710 76987 76478 76902 76910 75706
hp 306
t 78538 80323 79474 80366 79559 79264 63413 79564 64604 77865 79268 78163 78080 79483 77912 78167 79529 63336 78212 78213 77874 78257 77832 78216 77876 79236 79661 78897 78430 79580 78900 63303 63345 78136 79539 77881 63347 77883 79328 78224 77842 78225 79584 78096 63350 77886 78267 78227 78270 78268 79590 78825 77890 78190 78573 78105 63317 78235 64168 78831 77854
hp 294
t 81427 74034 74375 74036 55592 74378 55594 74381 81522 81524 55600 81612 74047 74048 55603 74049 81446 81448 81535 56290 74056 58246 81625 74400 81456 81288 56299 74065 74066 81292 74067 74409 74069 73984 73985 74072 73987 74413 73988 73989 73990 73991 81302 81644 73994 73825 73995 73910 73996 73911 73742 58271 73912 73743 74083 73913 73827 81647 73914 73997 81478 73998 74000 81480 74001 81481 74002 74004 74005 74006 74007 74008 81488 74009 81489 81660 74010 74011 81491 81492 58287 74183 81324 74015 81327 81412 74188 81413 81499 74191 81501 55577 81417 81418 74109 81421 73858 74028 74029 74030
hp 80
t 41562 41649 78540 57375 23122 78627 78628 23208 41570 78801 23383 22534 41574 59765 78635 41575 78211 59767 41662 78637 59768 22962 60109 41495 78810 78131 59006 41581 77877 57818 41498 41583 59774 59263 41499 41500 64880 79075 57571 60122 41507 65137 60123 58509 59784 41509 60294 57575 41511 78656 59447 44912 57832 78148 22982 41513 23409 41514 60299 78575 64975 78320 61405 41516 22561 78153 41519 23331 60138 78158 59628 60139 60309 60310 41610 59716 78331 59123 37024 78845 81395 60146 59212 64567 78082 78848 41618 59725 41537 78427 41538 59728 78429 59731 23522 23351 59225 58375 22590 64836 78182 78609 61439 60334 59739 59571 41551 57362 78614 78955 78530 42235 22686 41557 59578 41559 78450 57541 23031
hp 320
t 68934 69189 69104 68935 69275 69105 68936 45985 69106 68937 68938 69108 69110 46076 69111 69113 68945 69115 68947 69117 69118 45998 68864 69119 69204 68865 68866 69207 68867 61813 61898 68869 68870 68871 61818 69553 69214 68874 61821 68876 68707 68962 69387 68792 68963 61823 68793 68877 69048 68878 68625 68879 69220 68881 68888 68889 69144 45090 68891 69146 69404 68894 69065 69405 66771 69067 69408 69238 69070 69411 69156 69412 69413 69414 69415 68990 69330 69417 69587 66102 69418 69419 68909 69085 66712 69517 68753 68669 48015 69098 66124
hp 177
t 48471 32301
hp 290
t 61415 61418
hp 323
t 52697 52698 52699 52700 52701 53041 53126 53042 53043 52703 53044 53214 28911 52713 52714 50249 52629 28745 52546 51187 53142 53143 52889 53145 52721 30282 52637 52722 53147 51107 52723 53233 53149 51109 53065 53067 53238 52899 50774 11250 30460 53240 52478 52991 52567 52482 52483 51126 52657 53085 53003 53008 53010 52500 53012 53013 53014 52504 53015 52590 52677 53017 29557 52678 52508 53019 52679 52509 53020 51064 51065 53021 53022 52683 52343 53023 52429 52685 52516 52689 52519 52690 53032 52692 52693 52695 53121 53036
hp 264
t 23524 22554 22544
hp 123
t 80535 79643 79645 80456 75272 75273 76720 75275 76722 76680 75363 79486 79656 79487 80295 79446 76557 63382 76728 64021 79364 80514 79537 79452 76690 79410 76691 79199 79455 79201 79456 79542 79457 79712 79458 79373 79459 79374 79545 80310 79375 79461 80652 79547 79462 79463 80824 80739 76702 79465 79253 80825 79466 80232 79467 79468 80319 79469 79471
hp 257
t 68485 70952 71508 73486 71509 73528 71022 73211 68494 70961 71492 50711 71599 71558 49458 73472 71601 71666 72898 71538 71563 71582 72900 71669 73539 71670 73499
hp 273
t 69794
hp 98
t 80537 80749 75438 79519 79179 80157 79647 74807 73750 63423 75155 76727 75455 79662 79538 80389 64112 80475 80647 75219 79372 79713 80181 80521 80011 79248 80654 80484 80655 79636 79254 80063
hp 317
t 68638 61626 46625 46030 62350 68981 61799 61586 66856 45353 68984 46630 69240 69623 69326 68647 61933 68649 66822 69247 46683 69127 62073 61568 48011 61569 66839 69137 69053 69478 61532 69139 62212 67525 66888 69226 61917 61791
hp 332
t 55739
hp 115
t 74074 74075 73735 73993 74377 73826 73741 74379 74082 74423 81521 73829 73915 74003 74391 73799 74394 74012 74395 74013 74100 74103 74401 74189 74147 74105 74064 74108 81503 80910 74408 74323 80954 74071 73986 74073
hp 249
t 68907 66276 66563 69570 69402 66650 69583 66992 66281 66686 69555 66932 67018 66912
hp 256
t 67084 67128 72250 68234 67236 67086 71506 68489 68065 68364 67134 67177 68284 73260 68353 68397 67122 67102 68400
hp 266
t 42733
hp 295
t 81258 81853 81345 81856 81857 81348 81349 79056 81862 81863 81184 81864 81187 78978 81359 78980 81786 78983 81703 81875 81365 81876 79156 81877 78988 81879 78989 78990 78991 81882 81883 78993 81884 81887 81207 81803 81890 81892 81893 81299 81895 81898 81900 81815 81901 81902 81309 81906 81908 81228 81909 81230 81911 81912 81742 81913 81402 81914 81320 81915 81405 81916 81406 81917 79113 81069 81581 80903 81329 81333 81334 81249
hp 321
t 46663 45134 46666 45307 45308 68939 46840 46670 65542 46843 66223 68944 66566 65548 66228 69120 45151 61812 68613 66063 68614 68784 68617 65558 45498 68619 45160 66070 68621 68622 66073 68624 69473 45164 66584 66585 68626 66586 45336 68967 68628 66588 69138 68630 65911 69142 68637 66768 68639 66769 66600 45180 66770 66602 68983 68985 65585 66945 66266 45186 66606 69327 66946 68988 65588 48078 68989 66608 66269 67290 66611 66271 66951 66952 65593 65933 65594 66104 66785 66106 66279 67299 66109 68661 66963 68665 26846 66627 26848 45209 69521 66804 66975 45897 66637 66638 66808 66809 45220 66130 66644 45225 66815 66136 69027 66987 66648 69541 66142 65973 61895 45235 61730 69041 69552 69383 66663 45414 68705 45415 69386 65986 66668 45248 66670 69390 46610 45421 46613 45254 46615 69565 66165 66166 45258 46621 45261 45091 46622 45262 45264 45270 66860 45101 46632 46802 45273 61593 45103 46635 61765 46636 46806 45277 43239 46640 46641 69424 61774 69254 69259 45120 43252 45122 45295 45296 43257 69438
hp 322
t 50830 50152 50407 49479 49734 50671 53136 50930 50253 50254 51106 53063 53148 51108 51110 53150 49411 50771 50775 50266 50351 53156 49501 50182 50608 50183 53074 50270 53160 53076 50781 52992 53162 49593 52993 52994 50360 73055 52996 35913 53168 30388 53170 53001 49516 53087 53088 49178 53173 50284 53089 53174 49179 53090 50286 53092 50287 30397 52497 53093 53094 53179 53095 53097 49527 51142 53098 50888 53099 50890 53103 50724 53105 53106 53191 50812 53192 53108 50813 53109 50814 50815 49711 50391 50816 53111 53114 53119
hp 84
t 57713 78624 78795 58735 57545 78626 57717 58400 78800 78631 57552 78632 57386 78807 39368 78638 59770 57730 59773 39713 59093 58075 22545 58927 59438 59099 61310 59103 78823 78144 78654 58085 22555 78657 22557 39390 78660 37182 57753 59114 78327 78667 57587 78328 78159 78329 78330 60312 60313 59124 60314 65245 78846 78847 59809 60319 22583 39074 23264 78175 58626 57777 39247 57778 65258 57439 65260 57781 78351 57782 65264 57784 57785 65265 57787 57788 65268 57789 57790 65270 60682 78195 59836 22607 57458 65279 59840 22616 23540 78718 58151 59682 57983 60706 58500 22630 58501 64962 59522 58672 58673 22633 22634 22635 58676 78397 58677 58678 79078 58170 58680 58511 58682 65146 58012 57512 61423 78595 78425 59727 58031 57522 57523 36953 57354 65517 57530 78610 61271 78613 57533 57364 78615 78784 57705 58044 65185 59404 78617 78786 57707 78620 78790 81851
hp 109
t 79557 79132 79727 79133 79134 79220 79135 79221 79306 79562 79223 79308 79224 79309 79140 79480 79310 79141 79481 79226 79142 79567 79227 79143 79228 79229 79144 79484 79569 79145 79230 79655 79146 79231 79741 79147 81782 79148 79658 79149 78979 79150 77875 79660 79151 79577 79664 79665 79157 79167 79168 79169 79509 79170 79172 79173 79174 79685 79856 79857 79858 79859 79265 79520 81050 79267 79184 79524 79270 79185 79271 79186 79187 79613 81063 79704 79196 81066 81919 80991 79716 79632 79122 79717 79124 79125 79805 79126 79127 79638 79807 79128 79130 79641 79556 79131
hp 318
t 47342 50062 50063 47344 47345 73186 50067 47347 73527 50068 47348 50069 47349 50071 50072 50073 50074 50075 66055 47356 48036 50077 50079 47359 50080 50081 50082 50083 50084 50085 50086 50087 50089 50090 50092 50093 50094 50095 73216 49416 73217 73218 73219 73220 73221 73222 73223 73224 73225 73226 73227 73228 73229 73230 73231 73232 50113 50114 73235 50116 49436 66436 49437 49438 50120 73240 73241 50122 73242 73243 50124 50125 50126 66447 50130 50131 50133 50136 47340 50137 50139 73261 73262 73263 49464 50145 49465 50147 49471 50154 50155 50157 50159 73280 73281 73282 73283 66143 50164 73285 73286 73287 73288 73289 73290 73291 66491 73292 73293 50175 73295 73296 73299 73301 73302 66162 73303 73304 73305 73306 73307 66168 73312 73314 66174 73315 73316 65836 73317 65837 73318 65838 73324 73325 73326 73327 73330 66532 66533 65859 30839 30841 66542 73348 73354 47175 47176 73357 47177 47178 47180 65880 47184 47188 47189 47190 47191 47197 47199 65902 47208 49932 49253 73393 73400 66264 73405 73406 30919 30922 49284 73425 73426 73428 73429 73430 73431 73436 73437 73438 30938 49299 73439 30941 30944 49985 30945 30946 30947 49308 30948 73448 49989 30949 73449 73450 65971 30951 30953 30954 30955 30958 30959 50000 73460 73461 50002 73123 30963 50005 30966 50007 73468 73469 73470 73471 50013 30973 50014 50015 65996 49343 50024 47305 50032 50033 50034 47314 50036 47316 50037 47317 50038 50039 50040 50041 73501 50042 50043 47324 47325 50046 47326 50047 50048 47328 50049 50050 47331 50052 50053 47333 50054 50055 47336 47337 50058 47339 50060 50061
hp 308
t 78965 78966 78967 81858 78969 81860 78970 81861 78971 81355 81868 81869 81870 81871 78985 81025 78987 81878 78992 79163 79165 81885 78995 79166 58936 60297 78998 79000 57580 81041 79001 81042 79002 79003 79006 81218 81219 79010 79012 79016 79017 78849 79019 81570 81740 79020 79021 79022 79023 81574 81237 60327 81239 81240 81241 81242 60333 81245 81247 81588 81078 57449 81759 81251 79041 79042 79043 81254 79046 79047 81087 78368 81259 79048 78369 79049 79050 79051 78882 78372 81263 78885 81776 81267 79057 79058 78889 78379 81779 79059 79061 81784 81785 79065 79066 81787 79067 79069 59689 79070 79071 81793 81794 81795 79077 81798 78569 79079 79081 78912 79084 79085 81805 79086 78406 81806 79087 81807 79088 78920 79090 78922 78582 81812 78923 79092 79093 81814 78414 79094 79095 81816 79096 81817 78928 79097 81818 81819 79099 81820 79100 60400 79101 79102 79103 78934 81824 81825 57516 81826 60406 81827 79107 81828 78939 59729 81829 81830 81831 81322 81833 59734 81155 81835 81836 81837 78437 81328 81838 81839 78951 79121 78952 79123 81166 80997 78958 80998 59409 78960
hp 231
t 45966 68642
hp 296
t 58285 81576 58286 81514 55526 58268 39080 81346 58269 58333 58270 81520 55553 39107 81416 81523 58276 81419 58279 57642 58217 57643 58367 81509 81424 81510 38989 58284 81511
hp 176
t 27484
hp 333
t 55114 54617
hp 299
t 39697 39682 39778 39683 39890 81579 39797
hp 119
t 53664 54217 77551 77274 77636 77095
hp 165
t 31617 31533 31619 31621 31622 30272 31632 30275 30277 31637 31639 31555 30281 30283 31644 31645 31220 31647 30288 31649 31650 30293 30294 30209 31654 49674 30210 30295 30296 31657 30297 30298 31488 31659 30299 30300 31660 31490 31661 31491 30302 31492 30303 31493 30304 31494 30389 30305 30306 30391 30222 31497 30392 30308 31498 30393 30309 31669 31499 31585 30310 30395 31586 31500 30311 31587 31671 30313 30314 31589 30315 30316 31591 30317 31508 31509 31511 30322 31597 31512 31513 31599 31514 31600 31517 31518 31530 31531
hp 208
t 54545 54591 54546 55836
hp 292
t 39070 58291 39082 39003 38999 38947
hp 234
t 63620 67361 68423 67362 68086 68852 67407 67450 61458 67068 62860 67535 68685 68770 61547 68262 68858 68690 67542 68435 61594 67331 68693 61468 67418 61556 68699 67551 68658 67129 68831 67728 68069 67431 61695 67349 67476 69049 67434 67477 67520 68244 61615 68542 67522 67395 67523 67481 67526 67441 68632
hp 277
t 50743 50746 50748 50749 49221 49393 49224 36473 49394 50754 49395 49396 49228 49398 49403 52125 51956 52126 49407 52127 52128 51621 51624 70325 51625 51626 51627 70331 51802 51804 51806 52147 52149 51813 51814 52155 51815 52156 52157 50798 52158 49271 51822 52162 52163 49274 50974 52164 52171 50984 51840 50995 52187 50660 52361 50664 50666 73616 73618 51860 51861 51864 51867 51871 50688 50689 50690 51713 70243 50694 51714 50695 51885 50696 51546 51717 50698 51888 51548 50700 52061 51892 73653 49344 49345 49346 50707 49347 49348 73658 49349 73659 49350 51899 49351 51901 49352 50712 52072 50713 73662 49353 52074 50714 51564 52075 51736 51737 51908 51568 51909 49360 51910 52081 49361 52082 49362 52083 51913 49364 51573 49365 50725 51915 49366 51916 50727 50728 49368 50729 49369 51919 52090 50730 49370 49371 52430 50732 51922 50733 49373 51924 49375 50741 52951
hp 247
t 50146 73352 73522 73353 50149 73184 73524 50150 73525 73185 73356 73526 65537 73187 66898 66983 66984 73359 67239 73190 73531 49818 73533 71664 71665 73195 73535 73451 65718 73538 49314 65634 65550 71586 65552 65553 68528 65639 49234 65640 65556 68533 68365 72787 49244 73473 66929 72880 73138 72715 72803 65665 65920 73060 72806 66941 73146 73571 50112 50115 72726 65586 72811 67032 73493 65928 65675 71626 65680 65936 73163 72911 65942 73509 73510 66965 50135 65693 49799 65951 67226 49292 73520 65701
hp 227
t 55859
hp 104
t 80492 80324 80156 75227 80158 75399 76592 80332 80333 75404 75236 80507 75409 75410 80510 80512 76262 80513 80853 76605 76606 80517 76267 80519 80009 80520 80180 79504 80017 80188 80528 79678 80189 80529 80532 80534 80705 80536 80706 75440 75441 80712 80544 75274 75445 80546 75447 80548 75450 80891 80551 75452 80893 80557 80558 80388 80392 80394 80565 79546 80396 79549 80399 80402 76672 76673 76674 80414 76675 76676 80248 80588 76678 80589 80250 80590 80591 80251 76681 80594 80424 75326 76688 76689 76692 80433 76693 76694 80434 80265 76695 80435 80436 80607 76696 80437 76697 79928 76698 80438 76699 76700 76701 80274 80447 76711 80282 76714 76716 76717 76718 75359 80290 76721 80293 80465 79616 80467 75880 80470 80641 80301 80471 80642 76562 76732 76563 76733 80473 79624 80474 75205 76734 76735 80476 75377 80650 75382 80483 76574 79804 80485 75385 80146 80486 80487
hp 217
t 50817 50936 52063 50735 50937 52148 50819 52086 52085 50939 52151 50802 50942
hp 268
t 59721 59775
hp 331
t 14417 32911 32957 14501
hp 219
t 77092 76923 53380 77265 70551 77266 69786 53382 77012 77268 77270 76846 77271 76850 77616 76853 53395 77621 77281 69801 70567 76858 77283 77454 70484 75245 77285 77541 76865 53660 77546 76866 77631 77291 69812 76868 77124 76870 77125 77295 77127 77553 77130 77300 76876 77556 77301 77132 77557 77302 77133 77303 77304 77135 76965 77307 77819 77309 69829 77310 76971 69832 76803 53513 35670 76811 53437 76812 76898 76813 76814 77240 76815 76901 77242 76819 70531 77249 76824 76825 76829 77598 77345
hp 330
t 54549
hp 235
t 33403 35276 34766 18277 15046 34087 18279 18280 34093 36135 34095 33246 35968 15058 34610 34611 34784 34104 34786 33429 33943 14733 34113 34114 34626 34628 18310 34801 35992 14742 18993 34803 18314 35484 14744 34125 34126 14747 33447 14748 34810 34643 34134 18325 34646 19006 34136 34647 33457 33968 34138 33970 33462 35673 33803 33294 35675 14767 35507 36020 34151 33982 35682 14773 33304 33814 33305 33307 34157 35517 34160 34162 33822 35693 33823 33483 33314 34166 33318 14618 18189 15301 14622 34172 34683 17003 34173 33493 33833 33325 33495 33155 15306 33156 15307 18367 15308 33499 15310 33840 15311 33841 15314 34524 34185 15318 33508 34188 15319 33509 33511 34193 33173 33854 34705 15325 33515 15326 18386 33175 34707 15327 33857 34536 33519 33860 6661 34032 34712 33862 34205 33867 33868 33360 33871 33362 34722 6672 33367 34217 34219 34050 6681 34052 34732 33882 33883 34054 18244 34225 34056 34736 33376 35934 6696 33898 34751 17412 6022 34073 6704 34075 33395 6705 34244 14357 34758 34080 34081
hp 69
t 29406 30257 29747 29407 29918 29238 30258 29409 28984 30260 29750 29753 29668 31624 29924 30094 11140 31626 52878 52709 52879 29250 29419 28740 30271 28997 29253 28913 30273 30274 29424 31635 29425 28916 11151 28746 11152 30278 52718 30279 52719 29429 29430 30450 28923 30284 30285 30455 30286 30287 9972 30458 29013 30459 30291 30461 30292 30462 30208 30463 9896 30212 29107 30213 30214 29030 30223 28781 29717 30229 9830 29040 11192 30232 29042 30233 30318 30234 30235 29045 30238 29306 30242 30245 28715 30246 30247 30418 8318 30419 30420 30252 30253 30423 30254 30255
hp 297
t 33547 14511 14515 14430 33697 14507 14529 14443 14340
hp 160
t 32638 8753 8669 9439 9440 9442 8763 32565 9279 9281 8347 8518 8773 8519 8774 8349 32575 8350 8351 8522 32662 8692 8352 32663 8608 9034 8354 8355 8781 8357 8528 8783 8613 8361 9212 8702 8277 8362 9213 8363 8279 8535 8366 8452 32594 8369 8370 8371 32597 32598 32599 32514 8207 8463 32690 32691 8296 30396 32608 32609 8384 32524 8470 29890 32610 32611 32696 32697 8303 32614 32699 8304 8305 8476 32617 8307 32618 8733 32619 8734 8309 8735 8310 8396 8311 8312 8398 8313 12139 8314 8910 32540 8315 8571 32628 8998 8660 8322 9005
hp 76
t 61706 61792 62642 41053 62134 62815 62645 62903 41398 41059 62735 62650 61801 62056 62907 41318 62653 62230 62740 62490 62576 62831 41241 63172 41668 41243 62834 41244 61902 64792 41333 41419 64794 41335 41590 41421 65221 41591 41676 62587 41592 41338 41678 62504 41425 41340 41595 61826 61571 41346 62681 64895 64810 62095 41355 62865 41360 42040 41362 42383 62106 41366 41370 62792 64832 64833 41968 42565 62287 65432 62118 62119 41379 62546 62889 41639 65439 61699 62720 62551 62807 41642 62808 61619 62468 62724 61790 62725
hp 248
t 73416 73427 73497 73519 73466
hp 307
t 14536 14367 18278 33241 17263 16753 33414 14546 17436 33588 33248 14379 33591 14721 14381 56881 33594 33595 33427 14728 14731 33262 14392 34452 15073 14734 14394 14736 14402 34804 32768 14413 33454 34307 32777 32778 14590 34311 32784 33295 14765 14768 32788 34319 32792 14435 14606 33476 32797 17157 14778 32798 14779 32799 33479 17160 14782 17162 33484 33144 32805 32806 33147 32809 14620 17849 17171 17682 33492 14792 14794 5954 17854 14795 17176 5957 17688 32818 32819 34350 14633 14803 33505 14636 34526 14466 32829 33170 33681 14471 18213 17194 33174 14476 14477 17029 14479 17201 33183 16863 34544 34545 17205 33186 17037 34207 34547 34378 33189 16870 34381 34213 34553 34554 16879 33202 6003 34394 14674 34395 17905 17058 18419 17909 33212 33725 33215 33216 33217 14348 33218 14689 33219 14520 14691 14692 33223 34414 56854 14695 33225 34246 33227 6028 14699 33229 17761 14531
hp 105
t 75987 76583 80580 75993 80159 76420 80076 79991 76422 80077 76423 80843 79993 80504 80078 80334 79995 76596 76257 76597 76598 76258 75238 76599 76429 76260 76431 76601 76261 76602 80002 76433 76603 80003 76178 76604 76264 76265 76266 76437 76607 76438 80008 76268 80267 80522 76443 80016 76447 80018 63529 80275 80190 80276 63531 80191 67781 75856 79937 75857 75858 80279 75859 80025 75861 80026 75777 75862 80027 80708 75779 63539 80284 75524 80285 75865 75867 80032 80033 80034 76465 80545 76380 76466 80036 76552 80037 76553 80039 80890 80638 75453 76558 75454 80469 80044 80045 76561 80047 76393 76479 75887 76570 75976 76572 75977 79548 76573 75979 76575 75216 79891 80148 75984 75985
hp 101
t 53381 53636 77691 53637 77437 53639 54660 53640 53641 53387 53642 54322 54663 77613 53304 53984 53645 53305 53646 54666 55006 54327 53987 53647 53648 54668 54328 54329 53649 55009 54670 53650 54330 55011 53651 54331 54669 55013 55014 54335 55015 77625 55016 54676 53988 55017 55019 53989 53663 53324 55024 55025 55027 53672 53680 53256 77398 53260 53687 53263 53690 77065 53692 53693 53694 53864 53695 77752 53308 53446 53447 53309 53450 53706 77677 53368 77423 53539 77511 53286 53289 77091
hp 255
t 72757 66807 73058 66981 65708 50792 72809 73149 65545 67288 65546 65591 65677 65635 66274 73458 65723 65554 49237 50129 73080 65643 49281 72786 72829 67304 72788 66541 50138 65566 30975 66251
hp 298
t 39925 39926 57714 39205 57524 39079 57693 57716 57695 81583 39934 39935 39766 39235 39278 39257 57554 57853 39068 57768 57704 57769 39259 57711 39752 57709 39880 39881 39755
hp 259
t 70802 70122 70123 70463 52104 70124 71144 70125 70126 70466 70807 70127 52108 70808 70468 36471 71491 70812 70813 71493 71153 70134 36474 70814 70815 71154 71155 36476 70136 71156 71157 70818 52120 72521 71504 49404 70825 72528 70489 52129 52131 70831 72534 69815 51797 70497 70158 70840 70841 70844 50785 51805 51466 35487 51467 70510 51474 51475 34817 34818 51819 70179 51481 51482 51823 52165 51485 51827 52167 51487 52175 51501 51502 34843 51503 51504 51506 76327 51508 76330 51510 73611 51511 51512 52192 70459 52193 51513 52194 51514 52195 51515 36556 73617 51517 51518 51521 73622 51523 51865 51869 51530 70232 76353 70913 70914 70915 70916 70917 51537 70918 70919 51539 76361 70241 70800 76362 51542 51883 34883 76364 51544 70925 70926 76366 70927 51889 34889 69916 73656 70936 49177 51897 70937 70940 73661 72642 34904 70944 70264 34905 70945 70265 70946 70266 51566 70947 70267 34908 70268 70948 51569 70269 70270 70272 72312 70273 51914 70954 51574 51575 70275 70956 71296 51576 70957 71297 70958 70279 34920 71300 70281 34922 70283 71303 70284 51246 70286 71306 34927 71309 69950 34591 70296 52958 70978 70979 71319 73700 70980 71320 69962 36642 71323 70304 36644 70305 72686 70306 51267 70307 70308 70309 71672 34273 71673 70313 71674 51615 34616 71676 70316 70656 70317 70318 70998 69979 70319 72020 70661 70662 70663 70324 70664 70665 70326 70666 70327 70667 51288 71008 70328 70668 69650 70670 71011 70671 70332 70672 36673 70673 70334 70674 70675 69996 70336 70676 71017 70677 70678 70679 70341 70342 70682 70003 70343 70683 70344 70684 70686 70347 70687 70348 51308 49269 70349 70351 49272 70352 49273 70354 70355 70695 70356 70696 70357 70358 70698 70359 71039 70700 70361 51661 70362 52003 70363 70364 70704 70365 69685 70705 70366 70706 35007 70367 70707 71048 70368 76488 70369 70708 70709 70710 70711 50992 71052 70033 70374 70714 70375 51335 70715 70376 51336 70377 70717 70378 70718 70379 70719 76500 51340 51341 51342 70045 70387 76509 76510 71070 70051 76511 51691 51692 49313 49315 52036 72098 76520 71080 70400 69721 76522 70403 51704 70066 49327 51367 71088 70409 76529 70411 51374 69734 71095 70755 51715 71096 70416 49337 73477 70417 52058 70078 71097 71098 70418 73479 71099 70419 76539 70081 71100 70760 70082 71101 71441 70083 73482 70422 70084 76542 70423 71102 70424 70425 73485 71105 50706 70426 71107 71447 70428 70090 70430 50710 52071 70431 70093 71113 51054 49355 49356 49357 49358 49359 71123 70104 70444 70785 70106 70446 70786 70788 52089 70449 71129 70789 70450 70790 52091 36791 70112 52092 70452 70113 71132 70453 70114 70793 36794 70115 70454 70794 70795 70456 70117 70457 71477 70118 70119 70120 70121
hp 293
t 14700 14427 33599 14604 14690 14628 33584 14716 33544 14483 33545 14526 14487 14442 14508 33463 14361 33464 14403
hp 100
t 77772 77602 77093 77603 77775 77098 77099 77780 75401 77781 77787 77791 75418 74913 77810 75091 77812 74752 74753 77643 74754 74755 77645 74757 74758 77648 74760 77650 74761 74762 74763 77653 77654 74768 74769 74770 74771 74772 74773 74774 74944 77665 75456 74776 74946 74777 74945 74947 74778 74948 74779 77668 74949 74780 74950 74781 74782 75462 74783 74784 74788 75469 74789 74959 74791 74792 75473 74793 74794 74455 74795 74796 74797 77687 74798 75478 77688 74799 74968 77689 77690 74971 77692 74803 75483 75144 74804 77694 75145 74805 75146 75147 75148 74470 75152 74812 75492 74813 75153 74814 74815 74475 74818 75158 74819 75160 74820 74990 75161 74480 75163 74485 77715 74831 53411 77726 77728 77729 53249 77730 75182 77732 77733 77734 77735 53257 77739 75191 75196 77746 75198 77748 77749 74860 74861 77760 75041 53453 77594 77764 77765 69776 77766 75047 75218 77767 77768 77770
hp 106
t 74458 74460 74332 74461 74333 73740 74463 73999 74384 73916 74342 74428 74344 74134 77704 74478 74053 54843 74352 74439 74354 74440 74186 74441 74484 74356 74442 74357 74443 74104 74487 74402 74359 74190 74403 74106 74360 74361 74362 74448 74363 74449 74364 74450 74322 74365 74451 74494 74366 74452 74495 74367 74453 74325 74115 74456
hp 324
t 33896 14776 33887
