ap 0
hp 376
 52991
ap 1
hp 377
 44859
ap 2
hp 93
t 29605 28800 31181 28802 29653 49713 29654 29657 10448 28979 36375 31531 28984 49683 50199 53174 52920 28950 50204 49694 29592 29636 31634 28788 28789 53141 28873 28874 28833 53143 53144 47493 29644 13198 29646 49961
ap 3
hp 36
t 43332 68705 27099 27376 27015 25634 25956 42787 69074 27107 42449 27213 43810 27109 66720 27111 45194 43813 66764 43326 42331
ap 4
hp 378

ap 5
hp 89
t 28744 28724 28757 28884 30388 30235 48277 30354 29717 30408 30248 31673 30420 30410 30081
ap 6
hp 379
 20431
ap 7
hp 380
 20479
ap 8
hp 39
t 44883 43441 42824 42825 27016 27377 42146 27293 25913 44996 27806 42489 43000 42852 42832 27110 20650 42920 27451 43771 27259 27664 27070 44836 25927
hp 43
t 27296 27312 42867 43760 43761 25934 27271 27314 26422 43591 27104 27359 43594 42935 43552 28593 43767 43597 43556 27450 26899 43773 26221 27667 27668 27243 43734 26606 43606 25971 26524 43525 43442 27249 27251 27294 43529 42934 26487 27338 42850 27168 44381 27254 27085 43532 27212 27340 42853 27255 27087 27385 27768 27215 26371 43541 27222 43586
hp 47
t 42316 27123 26401 26019 25637 42828 43386 42493 49655 25325 26368 26177 42476 25754 26435 25946 26202
ap 9
hp 55
t 24930 25270 25101 25952 25781 27398 27568 25019 25954 27488 24599 25619 26046 25876 26218 25964 26304 25965 25285 24606 25881 25967 25882 25288 25968 25883 25969 25714 27584 25630 26310 43140 25204 25716 25886 26312 25206 25887 26313 25973 25974 26315 26146 24618 24619 27086 25896 26322 24622 26408 25983 25643 26153 25900 25306 24626 26327 24713 25308 26328 26158 25649 26329 24628 26159 24970 25991 25906 25908 25654 25314 26335 24975 28290 25316 25997 28123 25658 25319 26594 27785 25320 25321 26001 25323 26006 25326 25327 20567 26348 25668 26178 25670 26350 26181 26012 26013 26183 25675 26015 26016 24996 26186 26017 25678 24830 26191 25682 26362 2988 26363 26023 25684 26025 26026 26027 25857 27304 26030 25605 26200 46941 26032 26033 25948
hp 59
t 58866 59568 79608 64925 81707 59550 58873 79381 80188 59215 80785 78767 59834 78258 78217 80726 59393 59499 80495 78837 58672 78583 79604 59863
ap 10
hp 90
t 35132 35727 77124 35818 54348 53585 51250 33017 55035 53634 53507 53763 54232 34938 53936 34981 53852 53895 53853 53643 56575 53856 77489 57228 33843 77493 53400 53571 54166 33001 77415 77416
ap 11
hp 155
t 89
ap 12
hp 134
t 29251 25083 29157 15816
ap 13
hp 381
 29627
ap 14
hp 382
 57343
ap 15
hp 61
t 59226 79458 80820 59698 59702 59533 60385 80701 78279 59751 59709 80661 60219 79600 59541 60265 78668 78285 78032 78247 79442 78380 59723 78466 80847 79614 79447 78259 79450 78175 78515 59307 59775 77965 78479 78054
ap 16
hp 383
 16383
ap 17
hp 384
 73727
ap 18
hp 50
t 59142 78801 60208 59167 59997 81346 38216 60189 59148 59871 58766 58896 59896 57879 38351 59686 81573 65275 61367 57373 58713 60201 40460 58694 60395
hp 38
t 58812 58771 39825 57934 59188 38311 59178 58732 60933 59085 57375 59204 59779 58026 59173
ap 19
hp 385
 40143
ap 20
hp 143
t 32447
ap 21
hp 386
 32719
ap 22
hp 387
 78846
ap 23
hp 388
 73662
ap 24
hp 44
t 42440 69471 42441 42443 43804 42275 43805 43297 26298 62338 42448 43299 43808 66078 43300 62340 42450 43301 42790 69141 43815 69486 69146 26816 42627 26988 46028 42459 69151 43142 27334 68985 66777 45187 45189 45197 69168 42648 45199 42650 45202 69173 26674 42314 46054 45206 43342 26682 42663 69183 44024 43854 43857 42668 26180 69361 27372 62392 43862 26693 62393 43183 24654 45224 43864 62395 42677 43188 66139 42685 62235 42686 42349 69382 42355 43885 69387 44059 69392 69223 69394 69056 42027 27578 45939 41181 45261 69402 69404 69405 43226 69067 27419 69410 26741 43231 69072 69073 45954 69075 69077 69418 69079 41200 69080 27601 41202 69593 69082 48003 69594 27264 69084 26079 43421 45292 69092 27274 69435 69437 43768 27449 69271 66212 66722 68933 45982 69273 69444 69445 61965 68936 69105 68939 43440 43100 43781 45312 42933 45994 69285 69286 68947 69627 69457 69117 69287 69119 69630 69121 68952 42433 69293 42434 43284 42435 43796 42437 42438
ap 25
hp 81
t 50770 51451 49412 50772 50773 51285 51456 51457 69817 51287 51458 51459 51969 49251 51462 51972 50783 51973 51976 51468 52149 49599 51639 51981 50792 51982 51983 51305 50116 50117 51477 50118 51308 51989 50800 50801 51991 50802 51992 50803 50804 51484 51994 51995 50636 51996 50467 50128 51488 50810 51491 50812 50814 52004 50815 51495 52005 51499 52011 70032 52012 52013 52015 51677 52189 70385 35025 70216 50839 52200 51350 51521 52201 51522 50842 52033 50844 52034 51525 52035 52036 52037 52208 52038 52209 52039 76860 52211 51021 52213 52214 50854 52044 52215 49155 51365 50856 52216 70406 70405 52046 52217 52045 52047 52218 50858 49157 52219 52220 51367 50692 70413 51544 51374 51375 50695 50867 49167 51378 50701 70422 51382 49174 52066 52067 49178 50878 49179 49180 50884 70264 50886 50887 52077 50548 52078 50889 70098 52079 50890 70439 70609 50891 70441 50892 69762 49193 50554 49194 49195 50555 49196 50557 51918 70457 70458 70120 70460 50912 50573 50913 70463 49556 50918 70978 34941 69962 69968 70140 50933 69973 50593 50939
ap 26
hp 389
 54076
ap 27
hp 49
t 78269 78186 78187 78230 81036 81166 57878 57921 58815 80533 77856 57882 81216 81472 58438 78541 79349 57930 81008 58059 79777 78078 81011 78164 81013 78888 79613 57344 79189 81276 58413 76688 58414 78261 78176 78858 79455
hp 46
t 58230 81010 78420 81565 57660 58935 78337 81483 58323 58219 58051 57903 81002 57394 58225 81411 58206
hp 62
t 39865 57868 39697 39880 80989 58403 58054 81526 39217 39101
ap 28
hp 79
t 76823 71385 70068 70451 76828 70411 52222 76829 70754 77556 52188 71016 70039 66810 72462 53553 70128 70428 70003 70046 52068 70004 69835 69836 70007 69753 70519 70097 70012 70013 69972 70014 70057 69975 54250 70443 52042 70700 53531
hp 85
t 49664 47116 47287 31141 31142 31143 31058 66333 47379 65995 66166 65996 49847 47467 65912 49508 30978 30894 66170 66000 31491 73226 49851 31068 47475 49685 31071 66436 73236 47396 31077 73322 66013 47399 30740 30741 66441 47488 50039 65936 66448 47323 47494 31089 31685 28796 31092 50898 49794 46649 47840 31095 31009 47503 66033 66628 31099 31695 66631 65867 31698 31104 66125 73266 31106 65872 66808 66043 65958 30770 69530 47176 47942 31199 47604 47945 66138 47539 65885 66310 65887 66143 66485 66401 48127 31128 50424 31131 31218 31048 65983
hp 83
t 70064 54850 51705 69981 54852 77632 71173 53493 76868 54854 70069 54855 53410 52221 70071 71007 53584 71094 52057 69993 71013 71014 71015 53931 72634 53764 53595 70000 71361 53767 70002 70088 53939 70089 70429 77656 77488 51564 52041 53520 69755 77406 53521 70096 54031 53947 53523 74263 77750 77665 51486 53527 54208 53528 69763 50129 77669 77754 53530 77670 53614 52001 77502 53278 53534 34920 55575 77675 69770 51496 53621 71386 73341 53452 53368 53708 53370 71222 53628 53629 53630 54990 53631 70036 54822 53462 69784 53550 52191 53893 53383 53554 69959 53555 35110 71236 53556 53557 53387 69793 70133 69796 54242 53817 52032 70478 54499 69970 77535 53566 70142 54248 70143 54252 51275 53655 70400 76861 52212 71422 52043 71254 57229
ap 29
hp 48
t 47286 42655 42442 46650 45163 48011 25955 43423 26041 43296 42362 45974 42320 42321 67268 42322 43469 42365 27277 25961 43513 42451 42324 43896 69397 25751 42326 69527 42242 62345 43177 43008 69104 42670 45263 43097 25759 43798 42419 42335 25293 24825 61464 42439 42466 45995 26318 73535 66948 27425 47106 69249 27175 25689 25775 69425 66618 68957 69424 69510 45965 42311 67301
hp 45
t 78224 41420 41678 59699 78229 78318 60384 59535 60386 60216 37776 79429 59539 63534 78240 79431 59201 19421 78242 79602 79433 79434 78246 22574 59889 65246 79697 78592 59638 79444 64909 80720 77915 78257 59557 79533 79449 78429 80809 60496 41372 64662 64833 6948 59903 65174 6949 78264 22759 65259 78604 78265 80646 77841 59567 77842 80647 80649 77844 79460 78270 41636 78271 80822 79463 79379 78699 79634 79380 78275 41641 80828 78618 59069 77854 80830 77855 78706 79472 22781 77861 77864 80755 41400 77865 78800 64522 77867 79487 78298 78469 78471 41241 78216 78306 78477 78307 79582 41248
ap 30
hp 53
t 21020 21021 6957 6829 21026 11679 18012 7048 5689 24431 7051 6330 21078 7013 5185 21038 5229 21039 7018 24442 5148 21044 7020 21728 5154 24408 8089 6432 7326 24326 5244 5158 20971 4864 21057 7076 21060 21019
ap 31
hp 390
 65422
ap 32
hp 391
 56590
ap 33
hp 392
 20463
ap 34
hp 393
 24575
ap 35
hp 248
t 67770 67940 63691 67771 67772 67942 63693 67773 67774 63694 67775 67945 67947 67607 67609 67612 67613 67614 67616 67617 67618 67619 67620 67622 71874 67624 67626 61677 67628 67629 67970 67631 67638 63688 67648 67988 67649 63569 63570 67650 61530 67651 67652 67653 67824 67654 67655 67656 67657 67997 67658 67659 67660 67831 68171 63581 67661 67832 63582 67662 67833 63583 67834 67663 67664 67665 67836 67666 67667 67668 63759 67669 63589 67597 67670 63590 67841 67671 63592 67672 63593 67844 67673 63594 67674 67845 67675 63595 64275 67676 63596 80596 67677 67846 67847 67678 67848 67679 67680 63600 67851 63601 68021 67681 63602 67682 67852 63603 67683 67853 68024 67684 67855 63605 68025 67685 63606 67686 63607 68027 67687 63608 67688 68028 63609 67689 67859 67690 63611 67691 67692 67693 67694 67865 67695 67866 61576 67867 67868 67698 67699 67871 67701 63639 67720 67721 67723 63644 63645 63646 63647 67728 63648 63649 67729 67730 63650 63651 61442 67732 63652 67903 63653 63654 63655 63656 63657 63658 63659 67740 67741 63661 67769 67742 63663 67743 63665 63666 64347 63667 63843 79996 67587 67590 67760 67591 67761 67762 67763 63684 67764 67595 67765 61476 67936 67766 67937 67596 67767 67598 67768 63689
hp 302
t 74144 74315 74400 74740 74146 74401 74147 74402 74064 74404 74490 80952 74067 74747 74068 81295 74070 73986 74071 74411 74751 74073 74074 74075 74077 81473 74079 81477 81478 81648 55384 81480 81481 81653 81654 81655 81571 74007 74092 74688 74008 74518 74009 81489 81659 74689 74690 58286 81321 74692 74352 74097 74013 74353 74098 74694 74354 74015 81410 81495 74100 74356 74101 81412 74358 74188 74699 74104 74020 74105 74106 74022 73767 74107 74703 74363 74024 74109 74367 74027 74028 74709 74030 74711 81511 74712 81427 80917 74457 74713 74714 81429 74715 81430 74035 74716 74717 74718 74719 81519 74041 74722 81524 81525 74725 74727 81357 74048 81358 74049 81529 81530 74050 74732 74052 81533 74733 74053 74054 74139 81619 74736 74057 74312 74739 74314
hp 234
t 37762 18554 24305
hp 268
t 71071 71067 70090 71057 71207 71058 71090 71060 71103
hp 103
t 79762 79805 79806 79807 79683 79003 79726 79642 79728 79643 79730 79732 79775 79733 79776 79734 79735 79736 79779 79738 79739 79782 78974 79698 79700 79743 79870 80552 79703 78980 78981 81107 79619 81150 80470 79280 79706 79792 79708 79709 79711 79797
hp 262
t 41675 65146 64779 65534 62813
hp 331
t 42179 44937 20915 44929 42177
hp 235
t 68819 68837
hp 298
t 53859
hp 82
t 49156 49667 47288 31648 31650 73216 31652 49503 49333 31654 50865 50866 49762 49423 49763 66169 51464 47384 49424 50869 50870 50874 52150 49430 51300 51385 50876 51301 52152 50196 66006 52065 73317 70086 66434 50114 50879 49435 50795 31505 49696 65932 49444 70099 67294 70101 50127 66449 49959 66450 70105 50046 50132 50218 49541 31692 50223 49885 30166 70118 49551 66467 49554 50833 50834 49814 49475 49562 50752 31714 50423 49829 50425 50427 49153 51534 31729
hp 78
t 65984 70915 50940 68706 65646 65986 71088 65989 65905 50691 71091 66164 49164 47209 49421 73562 49592 71012 73308 49594 50785 66173 66175 71020 49517 50112 71023 52154 70940 73321 50796 49436 66351 66012 66268 65928 50714 65589 49185 66356 50123 66783 71631 73672 70953 71548 65598 71550 65941 66368 49199 66029 66284 66370 66629 66801 66208 66209 66040 66041 66382 66637 66213 66129 65876 71657 71063 66222 66394 49397 70912
hp 105
t 75250 75590 75251 75253 75254 75255 76445 75257 76447 76448 76449 76450 75263 76113 76454 76114 76456 76117 76123 76464 76465 76466 76467 76468 76469 76476 76477 76478 76479 75630 72574 75124 75125 76487 75248 75131 76151 75132 71224 76154 76156 76499 76159 76502 76504 76507 76510 76511 76181 76185 76526 76360 71940 76196 76368 76369 76539 76370 75520 76371 75523 75524 75528 75530 76381 76382 76383 75536 75537 75538 75539 75540 76391 75541 76392 75542 76393 75543 76394 75544 72656 75546 75547 76228 72659 75549 76400 75550 76401 75551 76231 76403 76233 75554 76405 76234 76406 75556 72667 76236 75557 75558 75559 76410 75560 76411 75561 75562 75563 75564 76418 75568 75229 75569 75230 75570 75571 75572 75232 76423 75573 76424 75574 75575 75235 75576 75577 76257 76428 75578 76429 76258 75579 76430 75580 75581 75582 75583 75584 76435 76436 75586 71168 75249
hp 102
t 81072 78990 81073 81074 81075 81076 81203 81077 81078 81079 81081 81082 81040 81083 81169 81085 81000 81001 81172 81087 81173 81175 81178 81009 81054 79737 81012 81014 81016 81102 81017 81018 81064 81192 80980 80981 80896 81067 80900
hp 305
t 55070
hp 260
t 78310 78311 78651 65052 78652 65222 65053 65191 65223 78314 59614 78647 78315 78317 65058 77982 65235 59796 77987 65068 65238 65239 65071 65072 77992 59462 65073 65243 65074 77824 77995 78165 77829 77831 22752 78003 78174 64914 79366 77836 59648 59478 59649 59479 59480 41460 65091 64752 65092 22762 77846 59657 59487 59658 64931 77851 78192 78193 59664 78194 78195 78196 59667 78197 59837 78198 79389 78199 59840 59671 65111 59501 59672 64772 78202 59673 78203 65114 78204 59675 59504 78205 65116 78206 65117 59507 65118 77868 59510 77871 59682 78723 59684 78724 59514 65127 65128 65129 64960 64621 79412 64961 64962 65132 65133 64963 65134 64964 59695 59525 65136 78226 59526 64966 78227 77887 65137 78228 65138 65139 59529 59700 63439 62761 65141 59531 64971 65142 64973 59536 64976 65147 59537 59708 64977 64978 64979 59710 78750 59712 62772 65324 59715 78755 62606 77906 78077 64987 59718 78248 78249 62780 77909 78250 59721 77910 79611 77911 77912 77913 59724 77914 79615 77917 65508 80808 77919 65190 64832 78773 78263 59735 41375 59738 64838 65178 77929 77930 63481 77932 65013 65184 65014 64845 64846 65016 65048 65017 65528 77937 78278 59749 59409 65019 65530 64848 78280 64851 65189 78281 59581 65021 78282 59582 59753 78283 77942 65023 65024 65192 65193 65025 59416 65194 65026 59757 65195 65027 78118 78288 65199 59589 59423 78294 78465 65035 65049 59427 59597 59598 65188 78299 78300 78640 59434 78304 59606 78646 65047 78648 59439 78649
hp 97
t 58676 60334 60377 78397 58720 59102 57361 58806 81672 58426 57407 60383 59109 57920 59110 58770 58644 59111 78365 59112 58645 57456 58394 60349 59116 57376 57546 57377 58779 58399 57592 57380 59122 57381 58783 57891 57382 57595 57467 59125 58658 57384 57385 58447 61338 60190 59128 60191 57387 58789 60277 81868 81401 79066 57518 57393 58754 60369 60287 60203 81837
hp 65
t 21276 581 837 839 840 628 842 375 504 844 846 804 676 507 4927 847 719 1018 380 21292 1233 28306 809 681 981 557 1239 1070 28186 986 21355 1001
hp 272
t 76856 70455
hp 264
t 63945 78268 77843 78613 77933 80654 80825 60000 79468 63870 63491 64344 64686 80879 63115 80795 80839 79606 80754 79607 63288 64989 79440 79441 79399 63847 63975 77830 63550 80891 77832 63511 77834 41455 77835 41075 65513 79453 77923 80857 77840 78266
hp 314
t 21062 24337 23190 42063 22301 20944 22263 23373 22226 44922 21889 24439 24440 22868 22657 22827 22661 22831 22322 20580 22535 22324 41788 20965 22667 23179 23350 22889 22883 42178 22672 42222 22886 21910 42183 44989
hp 324
t 69025
hp 185
t 2979 25273 25133
hp 174
t 47880 46011 47712 45332 46693 46864 47885 46016 46696 48056 46697 48057 46867 46698 46529 46530 46870 46531 46872 46023 46874 46535 46876 46536 46367 46537 46538 46878 26818 46539 47560 46541 46712 47902 46713 46543 46544 45185 46545 46546 46548 46888 46549 46889 26829 46890 46551 47571 46552 46723 46892 46553 46554 26835 47916 46556 46896 46557 46897 46558 46899 45370 46559 46560 46051 47752 46562 46053 47582 46902 46564 69517 46567 46738 47927 46568 45209 46740 46569 46570 46910 45211 46572 46063 46743 46573 47933 46574 45217 46577 46578 46579 46750 46751 46753 46754 46755 45230 46764 46765 46766 46767 46769 46599 46770 69210 46600 46601 46602 46774 47799 46779 45249 46609 46780 46781 45252 47972 47632 47806 47637 46958 46959 47640 45940 45941 46453 46454 46455 46797 45947 46458 46459 26740 46460 45272 26743 45273 26745 45275 69248 26749 69250 45280 45281 46642 69253 69254 46644 48004 47664 45286 46646 69257 69087 45287 46648 69428 69089 69260 69261 69091 45291 46651 69432 69263 69433 45293 48013 69434 45294 69094 45295 69264 46489 69269 69270 69100 45980 66723 69275 46501 46849 46000 46851 46001 46003 46686 46008 46009
hp 335
t 24531
hp 177
t 25164 25186 25122 25165 25167 25339 25088 25152 25090 25153 25154 25197 25112 25155 25198 25176 25156 25199 25134 25157 25093 25094 25158
hp 96
t 81880 78991 80988 81159 81374 81034 81204 81162 79292 81885 81248 81164 81249 78998 58938 81210 79001 81890 81084 79724 81339 81170 81893 79641 81029 81214 81895 79347 81157 79348 81053 79653 79313 81696 76725 78978 79022 78385 78387 81065 79284 81156 78989
hp 64
t 27748 42878 27833 28355 27834 28048 27825 27656 44848
hp 100
t 76184 75845 72700 76525 76017 72702 80608 80526 79339 80872 80028 76207 80542 80543 75783 72640 72697 79443 71966 80892 71968 71798 75793 80384 71969 75794 80639 71970 75795 80386 71801 75796 71972 71973 75799 71975 71976 76481 71977 75803 72661 75808 71984 72665 71985 80656 76491 80062 75812 72669 71990 75815 76495 71821 72672 71992 72673 75988 71993 80494 72675 75820 76160 75821 76161 72677 75822 72678 80499 72680 76165 72681 76166 72682 76167 72683 76168 72004 76169 76170 80336 75831 72687 76172 75832 72688 76173 76513 72689 75834 76514 76174 76515 72690 72010 75836 76007 76176 76516 75837 76517 76518 76178 72692 76519 75839 80002 76520 76011 76521
hp 254
t 22555 21244 22460 21111 21239 21247 21066
hp 176
t 240 210
hp 326
t 46608 47969 45931 46782 47887 46783 46528 47889 69395 47890 46701 47891 46022 47893 46025 47980 46026 45177 47897 47899 47900 47901 47561 47562 45948 47903 47479 45184 47564 26742 46038 47484 47909 47569 46720 46041 46721 46722 47572 46043 47573 46724 47574 46640 45366 47576 46727 46728 45368 45198 46049 46050 47580 46731 69256 47921 46052 47922 47923 69259 47924 46055 47585 47925 45205 69431 46737 69262 46061 46741 46062 47592 45978 47934 46745 47935 46747 47939 47770 46580 47601 47603 45992 46760 46166 45996 46763 46596 47872 46768 45919 47878 46689
hp 261
t 78820 78826 78828 65230 59792 78832 64893 59456 65236 64896 59457 65237 59458 64898 22738 59459 65240 59460 65241 64901 22741 78162 65242 64902 59463 59464 64564 59465 65245 59466 59467 64567 59468 64570 64910 59471 59472 64232 64572 78173 65253 64573 59475 22755 64915 59477 64917 22757 65258 22758 65260 59481 59821 22761 59482 59483 22763 64923 78184 59484 78185 59485 65269 65270 59490 22770 65271 59491 22771 59492 59493 59494 59495 64935 22776 65278 59498 59838 65279 64940 59502 59503 59505 59513 59515 64615 64957 64959 59520 59522 59524 64624 65306 59528 41849 59530 65310 64972 78234 64980 64981 41863 64644 64984 64647 64648 59548 64649 59549 41870 64650 59552 64654 77916 64996 64657 78598 59559 78260 59560 65341 59561 77921 64663 77924 77925 78606 77928 59569 62630 64671 59571 59572 78273 65353 64673 59575 59576 64676 78616 78277 59577 78617 78619 77939 59580 65020 64681 64683 59586 78287 78628 77948 65028 77949 65029 78629 78293 78295 64695 77955 78296 59596 78297 22537 59599 65039 59600 65040 59601 59602 65042 59603 65043 59604 65044 59605 65045 78645 65046 59607 78309 59610 78650 65050 65051 59612 59613 65054 59615 65055 59616 78656 59617 59618 78658 59619 78319 59620 78818 59621 65061 59622 65062 59623 22563 59625 22565 78819 59626 59627 59628 59629 65069 78669 59630 65070 78670 59631 63373 59634 78674 64736 59636 65076 78676 65077 65078 78678 78679 59640 65080 65081 78001 78682 65083 59644 6944 59645 6945 65085 59646 78686 59647 65087 78688 65088 78009 78690 78691 78692 59653 59654 22594 59655 59656 78696 78697 59659 59660 60001 78701 59662 59663 78705 22605 78707 78708 64769 65109 78709 64770 65112 78712 78714 78715 78716 6980 80760 64782 78722 64783 65124 78725 63425 22625 78726 22627 41667 78048 78049 65130 64791 78051 78731 78732 78733 78734 78735 65135 63436 6997 63437 6998 7001 7003 63444 22644 63445 59713 78753 65153 64814 65154 78756 62777 78758 78763 63467 78771 78772 59394 78774 78775 65175 59396 78776 65176 59737 64837 59400 78780 65180 64841 65182 59404 63484 59746 78787 78788 78789 78790 59411 78793 64514 59414 23034 64515 78795 65196 78796 59417 64517 78797 64518 65198 59419 64519 41740 65202 64863 65203 65205 59426 59766 78806 22707 78468 59428 59430 59431 22714 78814 59436 65216 22718 64879
hp 295
t 46955 47030 47658 47626 46852 47713 47628 46950 47643 47622 46953 47007
hp 265
t 63010 68111 68155 62758 62503 62886 61487 64421 63316 64379 66971 62849 63189 68164 68207 69356 62644 62816 62901 61541 68979 63031 61459 62862 62481 63204 61547 62826 68733 61678 61680 68820 68099 61554 63128 61691 62661 68187 63130 61685 63046 63174 62834 61687 63005 67044 61519 63051 67217
hp 113
t 74103 81286 74403 81363 74066 74025 81080 74110 74026 80954 74069 74749 73985 74029 73987 58262 74710 80915 80919 81302 80922 81307 81479 81523 81482 81269 57641 74088 81527 74005 81272 81315 81528 81273 81657 81488 74051 81531 81532 81490 81277 81660 81235 81406 80938 81491 81279 74011 81237 81662 74693 81493 81534 81535 74737
hp 226
t 38239 38250 38237
hp 80
t 31730 66410 47540 49411 31731 47541 49751 50093 50094 49588 31230 31061 49765 30726 73396 30727 30728 31069 30731 30732 49432 49433 66433 73233 49434 31075 73235 31586 30227 49438 30738 31079 50120 50122 47402 49445 28875 49446 31086 49447 31597 49448 31088 49449 49450 49451 49452 50133 50134 48094 50135 50139 66459 31269 50140 50141 50142 50143 49805 30765 49976 31107 30257 30768 73269 73270 73271 50152 30773 73274 66304 31116 49646 73277 66137 31117 30947 73278 66309 50160 30780 47950 50161 66480 66311 66312 47443 30955 66316 47448 31470 47112 50173 50175 66160 65991 47463 65993 47293 47464 65826 49846 30976 47468 31148 30982 49854 49518 66008 30989 30990 31161 47313 66186 47827 49697 50208 31001 31682 50213 31002 31683 31003 31342 50044 30835 31684 47496 65857 66369 47161 49711 66372 65863 31012 66373 47505 31017 65868 47337 31019 31700 66381 31532 31702 66383 47515 47855 31705 47516 31200 47528 47359 50084 47538 49408
hp 315
t 24574 24556 24535
hp 227
t 37541
hp 274
t 59727 59578 59154 59203 59187 59868 59180 6959 59861 59872 59139 59182 59161 59247 60045
hp 216
t 58428 58769 58434 58775 58786 58790 58793 58624 58625 58626 58627 58628 58629 58630 58631 58802 58462 58633 58634 58804 58635 58636 58466 58637 58807 58638 58808 58639 58468 58809 58810 58811 58642 59152 58643 58813 58473 58646 59156 59157 58648 58649 59159 58651 58652 59162 60353 58653 59165 58656 60357 59678 59168 58659 60359 58661 59002 59685 58665 59175 58666 59006 58836 60197 58668 58669 60199 58670 59691 58671 60373 59013 59184 59864 58845 59696 58846 59697 59186 58847 60378 60379 59189 59190 60041 58851 60211 60042 59192 59023 59363 58513 59195 58855 58515 58856 58518 58689 58690 59880 58691 59881 58692 58693 58864 58695 58865 58696 60737 58867 58698 59378 59888 6848 58528 58869 58700 58870 60401 58701 58871 58702 59891 58872 59892 6852 59893 59213 58874 59894 58875 58876 59387 58877 58370 60411 58373 6863 58375 58377 58378 60078 6868 58379 58380 59740 58550 58721 58551 58382 58722 38322 58723 58384 58724 58554 58385 60255 6875 58556 58727 58557 58558 58392 58733 58734 58735 59087 58749 6562
hp 290
t 59015 59185 59867 59870 60210 59021 59022 60382 59873 60213 60044 59874 58728 59875 60046 78533 59706 58729 58857 60389 60092 58859 59199 60392 59882 60393 59160 59883 60394 78201 78457 60396 59674 59206 59164 60355 60400 59680 60403 59681 60362 59725 59899 59177 59688 59689 59136 59690 78476
hp 303
t 75080 74783 77801 75083 75126 76911 75127 75130 75217 75133 75091 77642 75134 75219 75135 75093 75094 74797 75010 75095 75013 75098 75014 74762 75189 74764 74892 75105 74765 75191 75106 75107 74767 75193 74768 75108 75194 75109 75110 75196 75111 74305 75114 75073 75074 75117 74480 77797 75119 74781
hp 169
t 203 207 197
hp 168
t 25103 24597 24685 120 25196 24687 25877 24603 24604 24609 26139 49006 24612 24613 25123 24614 24699 25125 24617 25640 24620 24621 24623 26323 25135 25986 25989 25650 25312 25313 25653 24974 2960 25315 25655 25318 26340 24642 25322 2883 24644 26344 26176 25328 25159 26351 25162 25163 25334 26185 25337 25338 26189 24661 24576 24747 24662 24577 24663 24578 25173 24664 25089 24579 24580 25091 24666 25092 24667 25177 24668 24669 25179 24585
hp 166
t 27267 26545 27779 26464 27316 26382 27317 26467 28041 26468 26469 27320 25875 26470 27321 27322 27282 27794 26476 27284 27327 27285 25840 26519 28094 26479 27288 27756 27289 25972 27843 27291 26612 44209 28060 27295 26913 28316 26319 27765 26575 27851 26451 27813 26495 26538 27431 27815 26373
hp 68
t 21275 4190 450 621 21277 537 963 454 539 624 21280 28250 4621 4196 456 626 458 799 21285 21286 20946 21287 20947 632 803 20948 21288 718 20949 21289 4885 20950 28175 550 28260 976 381 382 468 20783 21294 4889 28350 20956 471 20957 4892 20958 559 814 21299 21300 475 4895 28270 647 1244 649 4305 650 1246 823 21311 20801 21484 28115 20804 1000 28371 20976 20977 20807 20978 4913 20979 4914 20894 20809 20980 21320 496 4916 497 20983 20813 28124 20984 20814 4750 501 20986 416 20987 20816 845 20991 20822 1017 677 509 680 596 20827 1022 684 20745 20747 44548 605 20668 527 614 21269 21270 616 21271 617 21272 28327 21358 21273 449
hp 110
t 81030 77885 81200 81031 78396 81201 81032 80777 79162 81033 81882 79164 79250 81205 81206 81207 81038 81888 79254 81889 79000 78065 79255 81211 81891 81212 81892 81043 81213 81044 78153 81894 79345 81045 81215 79515 81046 81897 81048 81899 81900 79520 79521 81901 79522 81902 81903 79523 81055 79101 79359 60319 79702 81154 78860 79286 79287 81158 81160 79290 81161 81163 81165 81250 79296 81251 81167 79300 81171 81086 79216 79302 79303 79304 81004 79560 79306 79561 79477 79307 79562 79308 79223 79479 79309 79481 79311 79226 79482 79567 79483 79228 79568 79314 79569 79485 79570 79741 79486 79826 79316 78977 79572 79318 79573 78979 79574 79575 79662 78984 79581 78988 79583
hp 106
t 79335 79336 79337 79338 79678 78064 79594 79340 79342 79516 79524 80715 79526 80886 79616 79531 79532 79618 79535 79667 79621 79622 79623 79454 79625 79626 79627 80564 79632 79633 79719 79636 79297 80572 80743 79638 79637 79298 79639 79299 79640 79301 80409 79644 79645 79305 79476 79646 79647 79564 79652 79656 79317 79657 79658 79319 79320 76431 79321 79322 79493 79323 79494 79324 79325 79326 79666 79327
hp 255
t 21755 21819 24540 24403 24532 24575 24533 24534
hp 84
t 77545 69980 70066 70067 69982 53408 69983 71259 71089 70410 71178 35138 71774 77470 77046 77387 70077 69992 76878 77559 69994 53590 69995 34975 77392 77393 71019 70001 77567 71022 77398 71363 77483 71365 53942 70689 34992 53524 70015 69761 71376 77667 77074 69764 71379 71211 77417 53533 76826 77083 69775 70627 54052 70033 34930 72587 77435 71230 35020 70042 77438 77439 71064 70045 71065 71066 70047 71238 34943 76848 69794 76849 71069 53901 76851 71243 76853 69799 76854 53565 70055 70056 77536 71248 76859 69805 71081
hp 323
t 68959 62336 69393 62424 69479 62339 43214 69225 69226 62342 69057 69398 62344 69059 66765 62346 69232 62347 69147 43224 69150 62352 69493 69412 62359 69414 69160 62360 68990 62361 69161 43236 69162 62362 69416 62363 69076 69078 45365 69081 69336 69252 69422 66957 69083 69423 43203 43245 69086 69090 69430 69177 43083 62381 62382 69097 69353 69099 69440 69101 43180 69106 69278 69282 69453 69028 69455 69030 69288 69289 69290 68950 69291 69292 69122 69123 69378 69294 69464 69295 69466 69212 69383 69214 69469
hp 175
t 26120 26631 26122 26123 26124 26125 26126 45677 26127 26808 26128 27489 26810 26131 27491 27492 27494 27495 26136 26137 26138 26652 27502 26653 26655 27505 26658 27003 26154 26666 26667 26669 45709 45539 45710 45540 45711 45541 45712 26676 27356 26677 45887 27020 27536 24647 26687 27537 27538 26179 26690 27539 27540 26691 27541 26696 27546 27548 27549 27551 26871 45572 26703 27553 26704 27554 45574 26706 27556 27557 26199 27559 45580 27560 45581 26201 27562 27393 45583 27394 26203 26204 27564 43715 26205 26207 27567 26208 43039 26209 27569 26210 27570 26211 26212 27572 26213 27573 27405 27575 26215 27406 27576 27407 27577 43049 27579 27580 26220 43051 27581 27582 26222 26223 27583 26906 26911 43063 42893 26238 27600 26921 26923 26928 26929 26934 27616 45636 27622 43602 26944 27627 27633 26958 26112 27472 26113 26793 26114 26115 26116 26117 26118 26119
hp 107
t 80860 80180 64031 80861 80182 80183 80863 80016 80186 79592 62933 63528 80019 80189 80700 80870 80190 80871 80022 63532 64043 80873 80874 63539 80881 80032 79525 78422 78424 78256 80722 80042 80178 60323 80723 80638 64064 80724 80894 80725 63640 80812 80727 80047 72570 80730 79456 80051 80137 80732 80052 80138 79373 80733 80139 79374 78440 80055 64076 80736 80737 80058 80824 80145 80740 80060 80146 80061 80741 80147 80742 80063 80829 80575 80746 80235 80151 79473 42583 79478 80159 79498 80840 79480 79310 80841 80331 79908 79484 72684 80848 80849 62489 80850 80766 76006 80001 80681 80852 80853 80003 80854 80855 80177 80858 80179 64029
hp 101
t 67812 80010 67813 67814 80309 76527 76018 67816 67820 67352 67056 63529 71904 76027 67061 63704 71907 64002 63519 75776 80070 75823 67749 67792 75784 80007 71918 75785 80036 79994 67797 76000 79995 76171 67757 67802 80170 63553 63512 67805 76177 67806 75838 63726 76179 80046 67722 67808 76180 75798 76223 71803 63516 76182 67811 75801
hp 111
t 60375 78395 78225 60376 60291 77886 60292 78482 79078 78398 78483 78399 78400 60380 78401 75341 78231 78402 78403 79085 79086 60390 78410 60391 78411 79601 78921 78413 60309 78924 81219 78584 79096 60397 60312 79267 60398 77993 81818 60399 79099 81737 78423 81229 60406 60322 78512 78343 81912 81913 60324 60326 78516 78432 78517 78348 81748 78518 78349 78433 78519 78350 78434 78436 78351 59141 78352 78521 78522 78353 78437 78523 78354 78438 78524 78355 78439 78525 78441 78526 78442 78443 78444 78445 78446 78447 79552 77853 81176 78372 78542 79563 77863 78374 78544 78545 59676 79057 78467 77873 79064 60279 77874 59174 78386 78472 78473 78388 60198 78390 60371 60286 60288
hp 330
t 20893 21893 20661 20750 20662
hp 69
t 44990 44820 44906 44821 42187 44822 42188 44823 42103 44994 42190 44825 44997 44827 44913 44828 44999 45000 44150 45001 42182 45004 45005 20611 45006 20696 43733 44841 44842 44934 44681 45022 44938 20629 41454 20632 44817 22843 44862 44864 44865 42147 44867 42827 44869 44190 44872 44873 42833 43005 44875 20652 44877 44963 44878 44879 42159 20573 28057 20663 20677 20836 44211 44212 44213 44809 20678 20671 44218 44816 42181 44818 20594
hp 293
t 63604 63690 63692 76020 63610 76021 75852 63612 76023 63613 63572 63615 63573 71905 76028 63575 67826 67827 63705 67828 63578 67829 67830 71910 63714 63716 63680 63681 63683 76009 63727 75797 63685 63686 63687 75842 75800
hp 171
t 25950 199 25912 243 25870 25659 25958 26086 25788 25664 25665 26600 26091 251 26601 25709 25880 211 254 25923 27115 26308 25161 26097 25333 26311 26014 26398 25336 25166 25636 25680 25128 25979 25171 2987 25980 25641 25301 26752 25859 25691 25863 24929
