ap 0
hp 368
 61183
ap 1
hp 369
 53048
ap 2
hp 90
t 59242 59222 59819 59906 59928 59143 59907 59993 59972 59525 59973 59910 60104 58999 60040 59148 59998 59255 60063 59276 59980 59683 61426 37179 59153 59302 60153 60111 60154 23075
ap 3
hp 37
t 34380 75011 77138 77096 75439 77310 74165 74422 77780 75358 74465 75401 75359 74256 75363 74004 74472 77108 53352 74857 74900 79235 74476 75370 74945 74861 53357 77074 75037 77588 74445 74403 74530 74361 75168 74873 77808 75343 74366 77681 74452 75557 75346 56221 74752 75434 33019
ap 4
hp 370

ap 5
hp 83
t 44694 44665 44701 44723
ap 6
hp 371
 20472
ap 7
hp 372
 20158
ap 8
hp 43
t 46578 66810 66475 46587 46930 31123 48124 30785 47788 47619 29940 50171 47620 29771 49832 48309 31650 47290 31310 46951 45083 47805 69565 48146 31996 45257 30810 47812 66173 30643 47765 47475 48325 47820 50031 47483 47655 48337 46637 47658 29979 48001 29812 66023 69255 66366 47161 48011 46652 46992 69432 46993 47163 66376 47167 47678 30851 66551 30343 47515 47687 65879 32732 47863 45313 50414 66054 47528 48044 47704 46856 47537 65900 48390 65902 46862 30543 48053 47033 46864 31905 47206 30036 46867 48057 31908 66418 47720 46871 47381 46701 47554 47044 50106 46877 47558 30729 46710 30050 48411 47564 47565 28866 30566 46887 30738 66098 48079 30742 30743 29896 47066 46897 48087 50298 30750 66110 46901 48264 46734 47415 46736 47927 32117 48438 66118 30759 47760 49971 31101 48102 48445 30767
hp 38
t 66722 48449 46559 47770 46878 31536 47156 46859 46712 46756 45396 46863 46950 47121 30780 48375 46889 31631 46911 46869 47847 30762 46743 47828 69101
hp 36
t 30768 46876 47769 31662 30898 46580 49769 47772 49813 46414 47817 47860 31881 31116 46460 47056 53134 47100 49567 46747 47783 46891 47786 50166 49656 46852 48382 49447 46558 46857 46900 47155 47538 47708 31644 48304 30881 47753 31179 46606 49751 49412 47627 47372 46733 49668 47755 31522 46865 30545 30757 46866 49841 46571 31144 47806 47509 47764 49677 30808 46577 31659
ap 9
hp 59
t 11730 12665 9351 9266 9777 11053 10713 9439 10204 10715 9780 10205 29245 29585 3662 11738 9445 10040 9361 12084 9619 9790 8770 8260 9791 13020 9280 15656 9962 10217 11748 8433 8434 10049 8349 9540 13196 8438 11244 11756 9971 8782 10057 8442 10227 9803 10228 9549 8277 11932 11425 11936 10067 10238 9729 10919 11430 10835 10071 8286 9221 16192 10326 8287 11861 11946 16197 13562 10079 9995 16201 32691 10932 11443 9488 13569 9574 10425 9235 29126 10595 9661 11192 11958 10769 10090 11960 29216 13066 16381 10178 10688 16299 8394 9500 10011 8397 9503 11458 11714 11460 29311 8402 8232 11463 10018 9679 8319 29230 10190 11380 11381 10277 29235 11386 11387
hp 55
t 48362 31533 31958 31534 48194 48364 31535 48365 31280 31112 48368 30775 30778 47864 48374 47103 30530 31891 31806 48296 31977 48383 31978 46854 47023 48299 32150 48276 31980 48556 31216 31897 31812 47027 31133 31048 31984 46860 31645 31985 31221 47031 48222 47032 31987 32499 48394 31990 31823 48144 31994 29787 32171 47641 31492 31832 31153 48241 31584 48330 30482 47652 30992 48333 31590 29723 46978 29978 48340 46896 48341 30578 32448 48343 31089 46984 48175 32449 31770 48856 48346 31092 47498 31093 48348 47159 48520 46990 48350 46906 48351 47672 48357 48360
ap 10
hp 95
t 4502 21248 21503 44454 5099 5100 21339 5280 44725 21267 20162 11833 4863 21269 5204 5290 5205 21271 4526 7502 44648 4529 4362 21107 20173 5128 21451 7598 21455 20181 4456 4712 21373 5139 20610 3525 21293 4463 21294 44842 5147 21298 44843 20788 21470 44847 44679 20795 4480 4311 20631 4481 3632 44518 21313 7543 44520 8142 5168 5086 21321 21491 8148 21493 21495 7895 4496 5176 4837 4498 21329 8157 21332
ap 11
hp 159
t 29223
ap 12
hp 134
t 37604 18637 40456 18006 60435 37608 57001 40454 40473
hp 350
t 37932 37614 37927 37606 37581 37411 36892
ap 13
hp 141
t 36889
ap 14
hp 373
 61374
ap 15
hp 56
t 49722 48363 31874 47514 30684 31959 31279 30515 47003 47685 28902 47858 31963 31454 48369 31964 31455 30009 31965 30010 30690 31286 30777 31370 48371 47691 48370 30524 29249 31120 30525 31290 30526 30527 47867 48379 31974 31805 30021 30532 47617 46853 31979 31555 47707 29943 31134 47710 46861 29777 29267 31818 31480 29950 30207 47037 47632 30632 31957 49847 47809 46875 30470 31491 31578 30473 31494 30560 31155 30561 30731 31582 30562 31752 30563 30478 30479 31669 30480 46970 47650 30226 46890 31506 30657 48338 31510 46980 30491 46726 46981 47661 30492 46982 31513 46557 29983 46898 46899 30664 47752 30243 46989 47500 50391 46908 50393 46569 30505 46995 31526 47761 29996 31527 31272 29913 29998 48359 31531 47681 31191
hp 50
t 53548 53549 77435 53465 53977 54233 53894 53301 75742 53982 74467 74298 77783 54323 74299 77784 77614 74980 77105 74982 53393 53733 54244 53394 54669 51439 77535 54075 14550 35036 56201 74904 53657 57227 53998 54593 77288 77800 77632 77635 54349 77811 53671 77556 34972 13892 53757 77134 53420 53931 77731 74758 77818 55039 53934 77652 54192 54618 77739 74255 74426 54026 54196 54876 74257 54283 54538 77575 53523 77663 56243 74944 53953 70443 53955 53703 54302 77337 77678 53878 53539 53455 77257 53968 54224 53290 77345 53547
hp 52
t 73013 34338 77518 76585 75566 75058 70300 77781 70642 75657 77613 75064 75744 71493 72516 34351 77787 72604 69970 77110 71500 70906 70907 74477 70910 76436 70316 51447 70318 53658 73803 69979 56210 77545 76356 74911 76868 71006 51371 33097 77554 76365 71010 29106 77557 77389 33359 72545 77139 69744 56230 71021 76376 51642 75102 77655 70856 53602 71537 77658 18416 70607 70015 70782 70953 29388 14600 53615 51493 77079 18855 74362 70792 75383 77168 77594 72750 70795 77341 54308 53543 74963 77089 34929 74455 70120
ap 16
hp 89
t 44097 44748 44406 28237
ap 17
hp 374
 65535
ap 18
hp 51
t 10878 12580 9691 36381 10201 52705 12585 36386 36387 36218 12588 29420 17690 5961 29082 29253 10894 11234 13107 13279 29431 36402 10733 52555 10398 10059 10229 52900 11249 52902 9724 10235 35906 13297 36592 28942 10754 16194 36425 13816 9736 10077 36427 36598 29288 11099 36599 12289 12630 12631 36602 36432 12634 10768 12468 12639 10770 10772 11113 12984 16215 36445 12986 16218 17068 52259 29479 10949 12650 52261 10951 10787 12828 36458 36118 36290 11471 10961 10114 11136 52960 13181 16242 52963 53137 13192 10304 10475 10305 14046 11157 52808 10139 12688 52809 53149 52810 13202 29525 33946 11166 10998 10659 52990 12871 12702 52653 12874 11004 33956 11006 13897 13047 9989 13729 12369 29030 10331 9992 52324 14075 13566 52666 10170 53010 13741 16292 12722 52338 33978 52340 52341 13072 10693 29394 13245 12736 35857 52860 10872 52862 36542 9513 12406 12917
hp 40
t 29790 31618 47472 49724 32683 46879 49685 47519 29074 47734 49605 47822 47185 47823 30782 31166 31211 30787 30745 30746 28919 47493 46858 29986 47369 31687 47158 49836 31688 50388 46905 47501 31096 47502 30843 31566 47631 49716 29954 30720 49718 47680 47767
hp 63
t 54313 53400 53827 53978 53277 36426 54511 53577 54408 36856 54090 53305 54580 36793 16479 53625 52988 54900 77426 10468 33886 32848 53524 53419
ap 19
hp 375
 57078
ap 20
hp 139
t 317 28480 48 3575
ap 21
hp 376
 28607
ap 22
hp 377
 73702
ap 23
hp 378
 60664
ap 24
hp 65
t 52911 13985 14963 10078 12544 10252 16246 16289 53223 13233 52715 13446 33465 15488 14638 13722 15874 28795 36617 34535 75038 52685 36620 13287 34965 12992 13035 53029 11124 52987 52774 13717 53030 36584 53161 11001 36459 52610 53036
hp 42
t 75393 71016 76371 74926 76457 75692 75564 76542 75395 53506 74419 77438 76122 33369 18198 70261 77104 76382 70942 77403 76426 77701 70945 75152 75408 75366 53351 76174 75411 75666 76304 70950 75413 75031 80131 53314 54080 33426 70741 70360 76523 76398 74910 76270 54171 70282 53708 75553 77509 54091 71817 69906 77090 76368 77517
hp 58
t 77560 70718 53551 77734 53679 72550 53299 76379 75405 77232 75703 77530 73961 77615 75575 70519 73665 75748 74855 76387 69714 70947 76388 74433 76389 76432 77664 53270 77197 69803 70738 75670 77116 74439 72654 70104 53659 74909 53363 77503 54001 71384 77122 77675 75041 73639 77039 77083 53410 77253 53327 75597 33185 75603 53674 70121 76539
ap 25
hp 97
t 4503 5141 4381 42845 28014 21172 44887 44718 43358 20790 5235 44721 44722 21306 20754 4354 20633 4374 4400 44222 4358 4359 4700 4543 21319 20766 4532 4406 21448 43549 42106 4367 44063 42831 44149 44999 43725 4838 4373 44663 4458
ap 26
hp 92
t 37483 37739 18616 18786 37997 38081 18702 61038 61208 16414 37835 38090 18711 58577 60959 61214 6220 61216 58583 61218 61219 59355 58590 58592 60889 60890 60721 19327 61063 18563 6578 16612 6412 18655 59373 58608 19423 59374 58610 39827 6168 18665 59210 18666 60917 19268 60918 59220 58371 16807 18762 19442 18593 61095 18936 18086 61352 18767 37383 19448 60762 18517 57873 18520 37475 6195 37135 37816 18521 18523
ap 27
hp 39
t 55716 56269 39016 55635 56190 58230 74339 56068 54709 74302 54795 56242 56285 56754 54969 56160 54292 81619 54887 55656 56253 74529 55829 55915 56170 55619 54982 53495 56131 55792 55708 56264 81553
hp 47
t 56182 53507 56187 58272 54278 55553 74297 54792 54710 74346 55604 54796 56073 74348 56074 56244 74350 54885 74351 54335 56162 56079 74354 56250 74357 54681 54683 74574 74532 56174 74325 56306 54819 74457
hp 60
t 56118 54717 74458 54910 54294 54871 56232 55616 77738 56233 54280 13692 74364 54689 54880 56176 54859 74053 54864
ap 28
hp 85
t 60179 64939 64600 41821 60181 60183 60184 22785 60185 22786 41826 64947 22789 41832 41833 41834 41835 22796 41837 22798 60198 41839 41840 60200 60201 64622 41843 41844 22805 60205 60206 60210 64970 64972 78240 60224 23167 22828 22829 60229 22833 65333 62614 22836 23516 22837 59561 22842 41886 60248 59909 60249 65350 59911 59233 78613 41894 59917 59237 41897 59918 62637 22860 59923 59243 22869 22536 78638 22882 59942 22542 22544 22548 22549 22553 22894 65054 60297 22898 22558 22900 22560 41261 22901 41603 60304 22565 60309 22910 60311 22911 65071 60313 22913 22573 60314 22574 60315 59977 78340 22921 78341 23262 60322 78342 78343 60324 22925 60327 78348 78349 65092 23273 60333 60335 41637 22939 23279 59659 78360 57960 65100 22941 59321 59322 23283 59323 78704 60006 59670 64770 60352 78372 60014 22614 60355 60015 22615 78375 22617 78378 59680 57640 78381 22622 78382 64783 60367 59689 60032 59016 60377 22640 63783 78403 22647 65489 60390 22650 23334 63794 22654 22655 22656 63797 22659 22660 22661 22663 22664 65506 22667 60410 60412 22672 22674 64835 78435 22676 22677 22678 64838 22679 64840 22680 22681 22682 22683 65183 22684 22685 78445 64847 64848 22688 78788 78789 64849 64850 22690 65190 64851 23031 78791 64852 64853 22694 41735 22695 64856 64858 22698 22699 78799 22700 41740 22701 41741 64861 22703 64527 41408 41748 22709 22710 41751 23391 64872 64873 41756 22716 64876 64879 57742 60123 78483 58764 64884 58765 58425 22725 64885 22728 60129 60131 22732 64892 64893 64894 41778 59807 41453 41454 78516 78517 67638 65258 78519 57780 78521 78524 65265 64925 78527 65269 64929 41812 57455 64597
hp 81
t 43179 62219 42159 27371 44712 27033 5103 27375 44715 21256 62226 42847 62398 62228 21259 27379 43869 44890 44381 42510 44891 42681 44893 27213 44385 43025 62236 42856 42857 43709 44730 43880 21440 44391 44902 43202 20762 43714 44904 43715 61905 21445 44397 44738 43888 44229 43890 62081 44231 43382 21282 62083 43213 43214 62085 20774 43555 43046 61917 42029 44919 20779 43900 62091 42031 44411 62094 20614 43395 43565 62268 43399 62269 43230 43402 43062 61933 20624 43064 43915 42897 61939 42559 43240 42901 43412 43413 43586 43417 41377 43587 43249 43589 44833 43251 42912 44104 43254 43687 43426 44446 62126 62127 43427 21497 42917 43431 43944 44115 42927 44119 43175 44289 44123 44293 42933 43955 45996 43007 44127 43959 44470 43280 42940 43281 44132 43282 44474 44134 43284 43115 44135 43968 44875 43294 43296 44317 44488 26637 44998 62338 42618 44659 43979 43809 4372 42792 42113 4713 43643 42114 44494 43304 43475 42454 43305 62345 44836 43306 42118 44330 44841 43141 45011 42462 43143 43993 43484 44845 43315 43316 42807 43318 44509 42638 42809 42811 43152 44005 4396 26666 44006 43327 44008 44349 42311 4402 43162 26672 43164 27014 43505 42314 69175 42146 44015 44867 44017 44528 21408 44529 27367 42321 44872 5093 44874 5095 43006 44367
hp 79
t 59668 62729 78199 41820 60180 39780 60012 22952 41824 62735 59676 41829 41661 22791 60192 22793 79574 59685 77876 22967 22801 22972 22632 22802 41842 60202 60373 59354 59523 22804 61224 60544 61225 60376 41676 22635 59017 65477 78227 61058 59698 22809 58680 64969 22810 59700 22812 59363 77892 22813 59364 62593 60894 22814 61914 22815 59025 59026 62594 59027 59367 65487 23159 60730 23160 62600 59201 22824 22825 42036 59036 61417 60228 59039 62609 59040 22832 62612 41704 22834 78085 22835 62615 22666 59047 41537 22838 62618 60239 59899 23520 60921 59052 43921 41542 59562 77923 41714 23524 22846 23526 22847 41547 41718 59058 23359 23529 78270 62631 41722 58385 43935 22686 23536 22857 62808 78197 59239 58390 41560 23371 58391 41732 38672 23542 41733 78283 23034 58394 37824 58395 78627 38169 42589 22871 22702 22872 41743 41574 60108 23388 22878 62829 41579 78393 64700 62831 58581 59261 78641 59263 78643 38183 58756 58420 41423 60124 22895 65395 22896 65397 59108 65398 58429 23239 58430 41600 41601 59452 23245 41605 41606 22566 41440 41612 41443 41784 41614 41785 41445 58620 59981 78174 22586 60157 22928 58968 23269 65090 78181 78011 65093 78184 57451 41642 41643 58983 79554 59664 59325 78196 62726 59157
ap 29
hp 48
t 65618 66555 47176 66726 47179 30519 68941 46673 65884 67073 65969 47525 68946 69116 65547 45912 73283 69118 66738 30784 61894 69035 69291 68952 47193 65893 65723 47363 47789 65895 45325 49661 47367 42665 45243 47200 47457 65817 66244 49925 69560 68795 66586 30889 66079 47210 68886 45173 30723 65914 47556 66596 69232 69063 47559 47560 45180 69406 45864 31159 66010 66011 45271 66862 47567 69073 47399 47425 47146 30741 46041 31167 65933 69248 66103 69249 66275 46810 69080 45280 69507 50042 66193 47153 48004 45540 47750 30836 45286 69258 66794 66625 69260 66455 66117 47248 50053 30930 31442 69097 46063 47338 68929 69525 69100 69526
ap 30
hp 64
t 54230 13940 53976 70508 53979 13731 14072 12672 14291 14506 53522 54245 53736 54078 54121 74965 77119 10824 54174 12652 13758 53581 53879 33182 53583 54052 77258 12998 54054 12999 77217 14319
hp 62
t 53166 14619 34042 12453 15344 53035 52152 13691 12671 50369 13907 53092 53135 52710 12675 53009 36434 36520 36435 12551 13274 12341 53015 52676 36357 13237 53145 10476 53108 50431 36534 17069 24167 10950 54641 52898 52732 12613 53675 28812 12619
hp 151
t 32154 32155 32454 32173 32153
ap 31
hp 46
t 47768 65958 47855 47345 49683 31537 66431 30944 30988 67071 50326 31712 67544 45445 30740 28743 47486 28913 50418 45360 53181 47105 47317 30828 47532 66699 66742 49658 67552 47790 30748 48005 66791 66792 30795 46647 66325 49679 49588 66632 30721 30809 47384 50019
ap 32
hp 379
 39865
ap 33
hp 380
 20398
ap 34
hp 381
 52475
ap 35
hp 100
t 74798 74461 74463 54321 75147 74978 77700 75409 74474 77705 75328 74818 77709 75415 74480 77711 74481 74312 75247 74482 74313 74484 74315 74485 74486 77803 74913 74489 74320 74490 74321 74150 74322 74492 74323 75428 74493 74324 74494 74495 74921 74922 74837 74328 74923 74839 74840 75351 74842 74333 74932 74847 74934 75105 74850 53516 79783 77744 53605 74771 74858 74349 75199 74860 77580 74776 77667 74862 77582 74438 74864 74440 74780 74441 74442 74784 74785 77591 74449 74450 74365 74790 74451 74791 74367 74795 77685 74456
hp 247
t 73522 73098 50149 73099 49470 49300 49301 65792 50153 66559 50154 49474 72764 65539 66729 65880 73106 65798 49309 50160 65885 49310 65717 65633 73369 73370 71673 49318 73376 65897 73377 73378 65813 49323 49324 73380 49325 65816 73381 65903 72705 49330 73388 66504 66505 49506 66423 65575 65830 49510 49595 65831 73141 73481 73482 66513 49343 65835 50113 49436 49438 72729 50118 49439 73410 73412 72734 71548 65854 73420 73421 49451 73422 73337 72742 73423 50133 30925 49456 50137 50138 49289 66544 49459 49290 50140 49291 49463 66549 73095 73096 49297
hp 78
t 42498 23464 41484 41485 23465 41825 41486 23466 62230 43872 62238 44903 41504 44905 62247 62251 44914 44917 23498 44922 44923 43904 64985 61931 64991 62611 41536 42556 62279 41539 23521 43241 23523 22843 43923 41544 41545 23525 42566 62287 41552 23532 41553 41554 41555 41556 41557 41558 44958 62638 42581 41562 42583 41563 41564 41566 42586 41567 41571 42591 62654 44975 44976 41577 44977 44979 41585 42605 41586 43966 41587 41588 41589 41590 62670 42610 41593 41596 41597 41598 41599 41602 42623 65403 45007 41609 41610 41611 41613 41615 41616 41617 41618 66780 41621 41622 41623 44346 41627 41628 44348 41288 41629 41631 41634 41638 41640 65440 41641 41644 62724 41645 41646 41647 41648 41649 41650 40970 45052 41653 41654 45054 41315 61716 62736 41662 41664 59345 41667 41671 42691 41672 41332 65472 41673 42693 41674 42014 41675 42016 41338 42698 59359 41680 42700 42360 64801 42022 41342 41682 64802 59024 42024 41684 41345 42025 58004 41346 42026 60729 41689 41350 42032 42033 42373 41694 41695 42375 41357 42037 42377 41358 42378 44419 41359 42379 41361 41701 42721 41362 42382 42381 42043 41703 63124 42384 42724 41705 41365 41706 59046 41708 41709 42389 41711 42731 41372 42054 63135 41715 41716 41717 20642 41723 41724 65524 41725 41726 64846 41727 42407 23369 41389 62810 65530 41394 23383 41409 41410 23390 41411 41415 41416 41757 23400 41760 41424 42105 20686 41428 64888 41429 44829 41770 41431 41432 58432 62852 41433 41434 44834 41436 41781 41441 41442 58442 41446 41787 41448 41449 41450 41451 41452 41457 58457 20719 41467 42150 23451 23453 23454
hp 332
t 55724 38987 55935
hp 218
t 53633 53995 53634 53252 53638 53256 53639 53257 53640 53259 54322 53345 53685 53643 53346 53261 53688 53263 53690 53350 53648 53669 53627 53310 53693 53651 53632
hp 246
t 65702 49298 67149 72758 65620 67151 72251 65621 67321 67152 67322 65707 73698 65709 50155 72765 73105 49306 72766 67072 73107 65714 71580 65715 50161 65631 65722 66914 71504 49236 71506 67088 66923 65648 67094 65649 65650 67098 49249 67099 67528 73479 49426 73484 65664 73485 65665 65666 50112 65667 65669 49265 67118 73409 73070 67545 72815 71541 65679 72756 70783 71549 71551 65686 67133 65689 65605 72745 70875 65606 50136 65691 49457 67137 73088 67138 70793 65694 70794 67140 66546 72752 49462 50142 72753 72754 49296
hp 256
t 67148 67235 66831 67278 66746 67023 67195 67090 67116 67117 66927 65779 67119 66891 65701 67083
hp 279
t 61709 69191 69193 61628 68940 69195 61630 61631 69026 68687 69028 61888 66734 69029 69030 61551 69372 68608 62149 69374 68950 68610 66827 61727 68953 61814 68869 61815 68870 43200 62071 61902 62073 68873 61903 68875 68876 68708 61739 68794 68880 68881 68882 43212 68713 68714 68716 68717 68718 69314 68635 68890 68891 68639 67535 69321 69323 69238 61589 68986 68646 61591 45951 69327 68987 61763 61593 66695 61596 61597 61853 68910 62114 62116 68662 61864 68921 62036 67565 62125 61701 61703 61874 69439 61620 61877
hp 291
t 39230 39225
hp 299
t 39204 58271 39237
hp 320
t 69018 66641 66982 69024 66984 69025 66816 66986 66817 66647 66648 66819 66649 66821 66651 66822 66992 66823 66993 66825 69545 69546 66828 66999 66832 69556 66838 69218 68884 69224 61915 69226 69058 69060 69061 68892 69402 68895 69065 69066 66857 66687 68900 68902 69074 68905 69585 66870 69590 61940 69591 68740 66701 66872 68912 66702 45962 69592 68743 69594 66874 67554 66875 69595 66705 67555 67556 66706 69597 69598 68918 66708 68749 66880 68750 69601 66881 68751 68922 67563 66713 68924 66714 69606 66716 69607 66887 66717 69099 69610 66890 69611 69612 68932 67572 69613 68934 69104 68935 68937 68938 68939 69619 69109 67070 66902 68942 69112 68943 69113 66904 68944 66905 69625 68947 69457 68948 66909 69630 66740 69631 66741 66232 69293 66913 66743 61818 66748 68959 66749 66921 66751 66073 66931 66761 68976 66598 66600 46030 69490 69491 66602 66094 69325 66606 69326 66776 46037 66099 68990 69503 66627 66288 66799
hp 112
t 75222 75436 75394 76754 75224 75438 75225 74460 75227 75229 75400 75145 76591 76466 75404 75234 75236 76724 76256 75113 75200 76603 75243 75201 75244 75202 75245 75246 76437 75204 75036 76439 75206 75207 75211 77806 75134 76622 74880 75392 75435
hp 255
t 65555 65959 65642 73379 47284 72743 72722 65540 73063 65604 72893 72871 72852 65862 50119 73133 73112 52053 65569 65570 65719 65634 65720 65615 65616 72883 73352
hp 231
t 62117 61868 61809 61869 61890 61604 61892
hp 307
t 17084 15299 32810 17172 32812 17087 32813 34428 17174 33495 34345 6042 33584 18200 14548 14549 17780 33591 14466 33592 14723 14470 33256 14726 33598 32833 14473 15068 32835 14475 33515 16855 40741 33091 17451 14392 14733 33264 14479 15074 14480 14481 32841 17031 15076 14483 15078 33269 14484 15079 14485 14655 16866 17461 15081 33187 15082 33443 15339 15087 33363 14494 15090 14581 14582 32772 32774 14500 32775 14501 32777 34310 32865 33545 34311 32866 14591 32867 14509 14764 35759 33210 33127 32788 14514 17914 17149 33725 14601 32791 35766 33217 32792 14347 53533 14519 32794 32795 14436 14608 34243 34328 17073 17669 35774 14526 33566 34247 18267 32802 14443 17250 33231 34337
hp 68
t 50402 31628 30268 31639 28899 31630 49481 31229 31571 31200 31646 31201 31552 31521 30523
hp 292
t 38986 55333 39067 39163 58294
hp 265
t 78793 65236 41351 78666 65278 78794 65279 65238 65237 78328 64899 41354 64984 65240 64942 78713 78755 42503 64986 41399 42504 78715 65241 78716 65244 64946 64522 78675 64906 65246 78676 65247 41320 78806 78807 64911 64572 64532 41371 41584 65218 65261 65219 41421 42611 64543 78187 65268 64546 78146 78104 77935 78786 41344 65102 64551 65232 41347 65233 41688 64937 41604
hp 317
t 69273 69192 69447 69107 69449 69621 61806 69627 69117 69373 66824 68949 69460 69294 69124 62156 68871 66237 66067 69298 69129 69216 69304 46694 62249 69220 69135 62337 69308 68883 62428 61578 69146 68977 43987 68978 69147 69319 66174 68980 69322 68982 68898 69328 69329 66694 69331 69246 46042 68739 66871 66107 69082 48003 69084 69596 67557 67559 66710 68923 67566 62296 68928 66719 68931 61707
hp 225
t 14356 14421 14512 14358 14418 17268 14463
hp 270
t 54018 54030 54023 54116 70586 70650 54203 54118 51442
hp 80
t 64938 78200 78201 41652 78204 78545 60016 23296 41487 60018 59678 41828 23468 22788 77868 59679 23301 59681 41663 60193 60195 59686 78217 59688 59690 78560 79241 41841 78902 78565 21956 59526 59697 60207 59528 41340 59530 59701 81801 78231 59702 78912 78232 59703 78236 64979 23330 60392 23502 60223 59544 78585 59547 78758 78250 78081 60402 23342 22662 60403 23514 78254 59726 59896 60407 78087 78597 60408 59218 60409 59049 22670 60411 78602 78093 78603 78263 59905 59226 57528 78609 41721 23531 59402 22512 77933 59404 23539 78620 78113 78453 78623 78795 78286 41738 78118 41568 78288 78289 22870 41570 78801 64862 78803 78126 64530 59941 78302 78644 64882 23404 78144 80355 41426 41766 78655 64548 78150 78660 58431 78662 78663 64896 59117 60137 78837 59968 78839 60310 78841 59291 22571 81733 78844 78845 42975 78846 78513 64914 78176 41626 78346 59817 60158 78008 41630 23444 41464 59995 63395 78868 78189 60000 23455 59666 59667
hp 335
t 54638 54652
hp 232
t 65022 64773 64844 64839 65021
hp 269
t 42613 22652
hp 208
t 56426
hp 294
t 81428 74543 73864 81430 73865 74631 81517 81349 81604 81350 81605 81351 81606 81352 55427 81608 81439 81354 81440 81355 55430 55601 73875 74555 55602 74556 81272 81356 81358 74559 55434 81274 55606 81361 74562 38948 81363 81874 74564 81366 55612 74652 81622 56293 73743 81625 81371 81711 56297 74657 81627 81458 74573 74659 74575 55535 73984 56305 73986 73987 73988 73989 73735 73990 73991 56312 81728 73908 73994 73909 74504 74080 74589 81390 73996 74081 74082 73912 74167 39147 73998 56147 73999 74083 74169 74000 81563 73913 74084 74085 74171 74342 74086 74172 74087 81314 74600 74515 74006 74091 74516 74092 81657 81488 55477 81743 58283 55479 81575 81409 74017 81413 74533 55580 55582 55583 74540 74626 81341
hp 165
t 30162 30619 30175 30674 47857 29832 31209 30656 31936 29945 30020 29393 30678 29800 29991
hp 69
t 29791 29963 53087 28693 31626 28699 29764 29424 31422 30316 29384 29087 29386 30279 53102 30025 29346 30281 29304 29433 29392 29436 53109 28672 30457 29438 28758 29310 53152 30461 30208 30335 29788 28726
hp 264
t 22830 22873 22885 22727 22887 22579 22633 22708 22719 22879 22965 22891 22966 22883
hp 257
t 71674 71547 71505 70912 73186 71529 50152 67130 49285 50156 49327 72195 49246 72898 49248 70754 49356 71499 70990 72115 71543 71502 71588
hp 248
t 66556 66557
hp 297
t 14553 14606 14497
hp 109
t 79728 79558 79729 79560 79731 79561 79222 79733 79563 79734 79224 79735 79225 79226 78546 81086 79227 79738 79739 79740 81102 79242 79244 79248 79759 79250 79252 79253 79254 79255 79256 78577 79260 79261 78922 78582 79263 79264 79776 81816 79267 79270 79271 79273 79784 79274 79275 79787 81827 79617 79618 79619 79282 78944 81888 79626 78947 81901 81160 81161 81889 79122 79292 79294 79634 79296 79127 79297 79809 78959 79299 79810 78960 79300 79640 79641 79301 79130 79811 79643 79134 79814 79815 79816 78966 79477 79817 79818 79478 79648 79308 79819 79309 79649 79820 79650 79481 79311 79651 79482 79652 81013 79144 79484 79654 79824 79825 79655 79826 79316 79487 79148 79828 81869 78979 79320 81895 78981 79321 79661 79322 79662 79832 79663 79664 79324 79835 79665 81024 81025 79666 81026 79327 79838 79668 79328 81028 79670 81031 79842 80522 81882 79843 79334 79335 81036 80527 79337 81208 80528 79338 79678 81037 79339 81038 81039 79680 81891 81209 79681 79001 81210 79342 79682 81211 79683 79854 81899 79344 79175 79855 81044 80536 79856 79346 79686 81045 79687 81047 79688 79008 81048 79349 79689 79860 79180 81049 81050 79691 79182 81900 79352 79692 79523 79013 79353 79864 79014 79694 81054 79695 79355 79696 79868 79018 79869 79699 79870 79871 79701 79702 79023 80554 79704 81064 78855 79705 81065 79026 81066 79707 80558 79198 78858 79710 79205 79716 79209 79210 79720 79211 80574 79216 79726 79727
hp 76
t 41393 65448 62728 65535 43860 65451 43946 41312 41398 41313 66049 43184 41401 62737 41403 62823 62825 62910 43788 41323 43790 62660 41669 41670 41419 64965 41591 42612 62080 64800 41681 64887 61912 41683 64803 62084 65399 62256 64807 61918 62854 61919 64811 65492 65493 61923 65494 61924 65495 62605 41017 41360 62610 69241 61932 62613 41364 63209 41366 62616 61936 62532 43322 41369 62620 61941 62878 61773 41373 64833 41374 64834 41375 66790 64836 43926 64837 62542 65518 65519 43929 65520 43165 41295 62801 41976 64843 65523 65525 64845 65441 62722 65528 62298 65358 62639 62812
hp 219
t 53462 77476 77302 77477 53337 77479 77266 77564 77182 77481 77268 77482 77269 77483 74848 77271 77399 77485 77272 77401 77273 77487 77516 77275 77276 77617 77277 74856 77279 77281 74903 74907 77627 77331 77248 77376 77249 77250 75721 77251 77082 77252 77296 77297 77425 77255 77298 77511 77427 77299 74920 77003 53374 77769 77472 53459 77430 54181 77260 77514 77474
hp 322
t 51168 31619 49725 50491 49726 50408 49729 31625 30267 49733 49734 31206 53138 50333 31551 49826 52122 52377 49828 31638 35974 50424 31640 31641 28921 52467 31642 29262 49408 31643 29944 31562 49753 31734 49669 31225 49755 31567 49673 49674 49845 50354 49675 31655 49760 31656 49762 31997 31488 49678 49850 49851 49766 31661 49681 30217 49682 50280 49602 49772 36087 49604 50625 53007 50372 31503 50373 53094 31591 50547 50378 31509 31595 31515 50385 29561 50387 31518 31693 50224 31695 51841 31698 50399 53120 31617
hp 106
t 73736 74479 73737 74119 74120 73739 74121 75141 74122 74124 74125 73744 74806 73745 75146 73746 73788 73747 73789 73748 73790 73749 73770 74131 73750 74174 74811 73791 75497
hp 168
t 14775
hp 308
t 81682 78964 79051 79055 60356 78971 60357 81184 79060 78380 81186 79061 78976 58831 79062 81187 79063 60363 78893 81190 57475 79066 81531 57476 79067 78472 81702 79068 79069 60199 79155 81792 60372 78987 81539 81794 79074 81879 81710 81796 79076 78991 81797 79077 58931 79078 78992 60293 79079 59019 81713 81714 79082 81717 78998 79084 79085 79086 57496 81807 78408 79005 78920 60305 79006 81217 81727 79858 81388 58863 78583 81389 81221 81731 81681 81904 81394 57425 81055 78930 81906 79866 81396 81227 81908 81228 81398 81229 81909 78338 81910 81230 81400 81911 60406 81401 60237 81913 57518 78514 78943 81919 60245 80986 60177 81244 81074 60166 79036 81248 78443 81078 79124 79039 80911 81081 80996 81167 81082 80997 81083 81340 79046 78961
hp 105
t 80238 75989 75819 75990 80750 75820 75821 80072 75822 75993 75823 76164 75995 80080 80081 80082 79572 80084 80085 80086 67508 80258 79918 79919 75840 75841 80092 75842 80093 76013 76183 76014 80094 75844 80095 75843 75845 75847 75850 75851 80271 80104 76024 76028 76029 76030 79940 76031 79941 80112 80113 79943 80114 71954 79604 76374 80115 79945 80116 80625 79946 80117 76036 75865 80118 79948 80119 80120 79950 80121 79951 80122 79952 80123 80124 79954 79955 76034 80127 79957 71798 79958 80130 76221 80132 76222 80642 79963 80643 76224 80306 80646 79967 80141 80311 80142 80143 75895 76240 79981 80665 80675 76428 79998 76260 71840 71841 80685 80686 76271 71852 76107 71858 80194 76115 80196 75776 75777 80707 75778 80199 75779 80200 80710 75782 75784 75785 80206 75792 80212 80894 75968 75969 75800 75970 80221 80730 75971 80222 75802 75972 75803 80731 75973 80237 75974 75805 80734 80226 80056 75977 80737 75979 75810 80059 75811 75812 75983 75984 75815 75985 75986 79897 75987
hp 324
t 34674 35344 51101 51760 34677 34692 34703
hp 160
t 8244 8246 9268 9269 8250 8251 9276 8345 8347 32573 8348 9794 9284 8350 8436 8352 8353 8354 8355 9970 8356 8357 8952 8358 32584 8359 32244 32160 8360 8361 32076 8362 32077 8363 9301 8367 9302 32595 8285 32596 32597 32512 32513 32599 32600 32518 9653 9568 32519 32688 9569 32604 9654 32605 8296 32522 32524 32694 32525 9405 8386 32526 9321 32527 9407 9663 29894 32529 8304 8305 8306 32701 9498 32703 32619 32620 8310 32621 8737 8312 8315 32626 32033 32544 32546 11383 32381
hp 272
t 74336
hp 298
t 39907 39054 58013 39229 57844 39721 39912 39211 39065 39045 39895 58001 57683 58002 58024 39919 58153 58154 39414 39053 39223 39202
hp 333
t 56435
hp 318
t 66213 73353 47174 47175 49471 50151 47346 47177 66387 66558 47178 47348 47349 47181 47351 47182 66137 50157 47183 50158 47184 47354 73366 73281 47356 50162 66483 50163 47189 66484 47190 66485 50081 66487 65807 50082 47196 47197 66492 66493 66408 47199 66494 50175 66495 65985 66410 49410 30802 73389 73219 66421 47296 50101 66422 47297 66168 49422 47298 47299 49935 66257 66512 49428 73228 73314 66429 47304 73315 47220 73229 47136 66430 73230 49431 49433 47308 66009 73406 47142 49437 47314 47230 73240 47316 47147 47318 50038 50124 50040 47321 50127 49448 47323 50128 50130 65685 73336 50045 65941 30924 50134 50135 65948 47335 50141 66462 66548 66463 47172
hp 277
t 73608 50659 50831 51851 50661 51682 52022 51685 52196 52025 52026 51006 51686 50838 50669 50841 49312 49313 51524 51694 49314 49315 49316 52038 50849 52039 51700 51871 49320 51701 49152 52041 51873 52044 51705 51876 52216 51877 52047 51709 51880 52055 50696 51889 73652 52062 73653 49344 52065 49345 49346 35406 73486 49347 73658 49348 50879 49349 73660 49350 73661 73663 52074 52075 49355 50716 50717 49358 49359 52079 52080 49361 50721 50552 52082 49364 52084 52085 52086 52088 51579 52089 52090 52091 49375 52096 49376 50741 50742 51255 50747 50748 50750 36301 49222 51602 52112 49393 52113 52114 52115 49395 49226 52116 49396 49397 52118 51778 49398 49229 51614 52124 51615 51785 52125 49405 50597 52127 49407 51788 52128 49240 52131 50942 52134 51795 52135 52136 52137 70328 52138 51800 70161 51804 52146 52148 36168 52149 49260 52151 52156 51816 49947 52157 36177 52158 52159 70859 51651 51992 70183 49275 51830 52001 70871 52002 51833 52004 52173 51665 52006 52008 50819 50820 35351 50821 51672 50993 50823 52014 50825 52016 50657
hp 101
t 77262 74288 77263 77604 53975 53636 53637 54657 53382 53384 53385 53641 53981 54661 53642 53302 53387 54663 53388 54324 53985 53306 53647 53987 54072 53988 77448 53308 53564 53989 53649 74305 53990 53395 77366 74306 77706 74307 53650 53397 53737 77450 77451 53652 53312 53739 54333 53653 53483 53654 53656 53401 77456 77457 53402 53991 53317 53403 53743 54083 53319 77799 74912 54176 77127 54093 55029 77130 53926 77812 53333 14574 53249 53334 77644 53250 54271 53846 53253 53339 53254 77309 53509 53255 34982 53512 53258 53513 74424 53600 74340 53260 53687 53262 77572 53348 53689 53604 53691 53692 53267 53438 53694 53525 53952 77753 53359 53614 53701 77502 54043 54213 54045 53620 53535 53451 53622 74277 53709 53624 53456 74282 77597 77428 53882 54903
hp 331
t 32907
hp 306
t 79389 79219 78880 80751 63411 77864 78205 79565 77865 77866 77867 64098 78208 78889 64100 81100 78890 79401 77870 78551 79402 63420 78041 78042 78553 78045 79575 79406 78555 79236 78047 79578 78219 78222 77882 78903 79243 79583 78224 78564 78905 78906 79246 78907 79247 77887 78567 78058 78059 78910 78570 79591 77891 78233 78234 78065 77895 78235 78066 77896 78237 77897 79599 78239 78070 79262 77902 77903 78414 77904 78586 78248 78589 78251 78253 78255 79446 78257 79448 78258 78259 78260 78262 64153 79285 77925 79286 78438 79293 77934 79469 78279 78450 78280 78281 79302 64008 79310 64014 64870 64875 64027 78480 78482 63363 79861 79524 78165 78505 77828 64908 77831 77833 80553 78854 79367 78518 63388 78180 63390 77842 77843 78863 78185 79376 78531 78871 79552 77852 79722 78873 79553 64934 78194 63237
hp 259
t 49299 70720 70721 49302 70722 70723 70384 70724 70385 70386 70726 70387 70047 51688 70388 70389 70390 51351 70391 49311 70393 70394 70734 70395 70396 70397 70057 70398 35038 70399 49319 70740 49321 70742 49322 70743 70744 70745 70746 70066 51367 70747 51368 70408 70068 51369 52729 69732 70752 70753 51374 49334 51375 70755 71096 70756 35056 70757 49337 70758 51378 52059 70759 49339 70420 70419 70080 35061 49342 52063 52064 70764 70765 70085 35065 70766 70767 35067 35068 70088 52072 70092 71113 71457 71118 71459 50720 52081 52083 71124 70784 50724 70106 70107 70448 70451 51412 70452 52093 70453 70113 70454 70114 52095 70455 70115 70456 35435 70116 70117 70459 70119 70460 70461 70801 49382 70802 70462 70803 70122 70804 70124 70126 51427 70127 72849 70132 34432 71494 70134 71495 71498 71159 52121 71501 71163 71503 71167 52129 51451 70832 52133 70834 69815 70836 70837 50777 70838 70839 70840 70160 71181 65741 70841 70842 70843 34123 52144 51805 70166 34466 70847 76289 70169 49430 70170 71192 70172 52155 51815 72555 34816 34479 34822 34143 34824 35164 52165 34825 35165 52166 76306 34826 52167 70186 35167 34827 34828 76309 51829 52170 76312 34832 65773 76313 52174 52175 70876 35176 34837 34838 35179 34839 70881 76321 49461 70882 34841 34842 51503 70202 70884 70885 35186 70887 49468 75648 76329 34850 52193 52194 76334 51515 34855 70896 70216 35197 70217 70218 75658 70219 75659 70220 34861 72942 72602 70223 70224 70225 72606 70226 35206 52207 70227 70228 72609 70229 33850 70913 70914 75674 49154 70915 70916 72618 70238 77038 70919 70239 70581 72622 34882 70924 73645 49165 49167 49508 69908 70928 70929 70248 34888 70930 70249 34890 70250 70251 35231 34894 73655 70936 70256 51216 70937 70258 70939 70260 70262 70263 51223 70944 69924 70946 51566 51226 70267 51227 70948 35248 70268 71289 51228 70269 35249 35250 70270 35251 70271 70272 35252 35253 70274 72655 35255 70275 72656 51235 70276 70957 51237 70277 70958 70278 70279 35260 70280 35261 70281 51242 70963 35263 70283 70287 73688 70288 70289 70291 51251 70292 71313 70973 70974 70975 70295 70976 70296 73017 70977 70978 70298 70979 70299 70980 70981 70301 70982 70302 70983 70303 70304 70305 51606 70306 51607 35967 70307 71328 71329 70989 51269 71330 71670 70991 70311 49231 70312 35632 69973 70313 71675 70315 70656 71676 70657 70658 70659 70660 71000 70320 70661 70321 70322 70663 72703 70323 70324 35305 70325 70326 70327 70669 70329 70670 70330 70671 70331 49251 70332 34293 70333 70334 70335 69996 70677 70679 70680 70681 70682 71022 70683 51983 71023 70684 70004 70685 70686 70688 70689 70690 70350 70692 70012 49272 70013 70693 49273 71374 70694 49274 70695 70355 70696 51316 70697 70698 36698 70699 70700 70701 71041 70702 70703 51323 51326 70366 52007 49288 51676
hp 330
t 54613 54616 54596
hp 84
t 64940 64941 60182 57463 78203 64943 22784 57464 64944 57465 57806 57467 60187 57468 22790 57470 60191 22792 57472 22794 22795 60196 22797 78557 22799 59520 57483 22806 22807 64968 57489 22811 59531 59537 57504 57505 59545 57506 57509 78249 78594 78595 77915 65336 58199 78599 78600 58201 78601 57522 57523 22845 59565 57526 59566 57530 78610 57531 78611 57532 78612 57534 78614 78615 22859 65020 64680 57541 78282 57543 57548 57549 78290 22533 57554 22534 22537 22880 57560 22881 77961 22541 78642 22543 22884 22545 22886 22547 22888 22550 57571 22551 60292 78312 78653 22554 57575 60295 57578 78659 78661 60302 78664 78665 78670 58612 78672 65073 78673 78674 65075 57597 22578 22920 57600 22580 57601 22582 57603 22923 57605 22585 22588 78010 22931 60332 65275 22933 57613 22936 57618 22940 78701 78703 22603 81764 59665 81765 59669 59671 22611 64772 58994 78717 59677 78718 57641 22621 22623 22964 22624 22625 65126 22626 22627 22968 22628 22629 22630 64790 22971 22631 22973 22975 59696 22638 57659 22639 59699 22641 60382 22643 22645 22646 61408 59708 78748 61409 59709 61410 61411 60731 57671 22651 22653 59034 78756 57678 78759 57680 60400 57681 59042 78762 58363 59043 78083 57344 78764 59045 22665 57346 58027 59048 57349 59050 57350 81830 57692 64832 78432 22675 78095 57696 57697 57358 57699 57703 78785 22687 65529 59073 78114 59075 59415 22697 78797 78798 59759 64523 22704 78804 64936 22705 57387 22711 59092 78132 57392 58753 22713 58754 59094 22714 59095 58755 22715 59096 65216 59097 58757 22717 65217 58760 59100 59101 59441 64881 58423 58083 58424 58426 64886 22726 59107 58767 57407 58428 22729 64890 22730 59451 22733 64895 64897 59118 59119 22739 65239 64900 58441 78842 65242 78162 59123 57424 57426 57427 59470 57434 64916 64917 77838 64919 57439 57440 64922 57783 57443 57444 57445 78186 65266 57446 57787 64926 64928 78190 65270 78192 57452 65274 78195 81596
hp 123
t 76646 80345 80367 80857 80708 76714 79520 79472 79521 79525 79483 80247 79526 75276 76722 76703 76640 76726 79938 76728 80532 80298 76729 79535 79450 79620 76731
hp 321
t 45222 65964 45225 65966 69199 45231 66143 69544 66658 66260 68706 66157 61569 61570 67521 69391 67522 67523 45256 69228 65998 69399 69570 68894 61587 66688 66690 45270 66691 46631 66692 45275 45278 48002 68913 66703 68914 66704 68915 66196 68916 69086 68917 69259 69599 68919 68920 69600 45289 69602 69604 69605 68925 66206 68927 48017 69608 69609 68930 69275 69615 66216 46668 69620 69450 68772 67583 48034 69626 48036 66227 66737 66228 66229 66230 65552 48042 65553 68783 66236 62326 48046 48047 66069 66241 68791 66074 66245 66246 66076 68628 66758 66589 66252 66762 66253 66254 66085 66086 66597 66767 66087 66088 69148 66769 65920 66089 66770 66261 65921 45181 66262 66091 66092 66603 65923 66093 66604 66773 65926 66266 66267 69158 66778 66100 65931 66271 66101 65932 62362 65593 65934 65594 65935 65936 66106 66277 66282 66112 65944 66114 65945 65946 66286 66287 66289 66290 62380 69520 66801 69521 66292 66802 66123 65954 66634 66804 65955 66806
hp 296
t 81513 58265 39141 39058 39144 58228 39146 58229 81555 58233 58194 58280 58263 55519 55737 58244 81578 58119 81580 55655 81581 39081 81582 55700 39125 58251 55617 39127 81587 81418 58258 58302 58261 74624 56137 81383 81597 81512 81511
hp 217
t 51826 49308 52050 52117 51151 51674 70895 50697 50698 49317 49360
hp 235
t 34508 33828 16998 33829 32808 17848 34510 15300 33831 34511 33833 33835 18365 34176 33500 33840 33501 33841 34521 33842 33502 34182 33843 33845 34186 33847 34188 33510 33512 33514 34194 33344 33855 34195 33345 15327 33518 15328 18388 33348 33349 17029 33520 33861 33521 33351 34202 17201 33352 33354 34206 34207 33357 15337 33358 33869 33529 18399 33870 34040 33871 33361 33192 33365 33196 33197 33198 18240 33370 33371 33372 33373 34224 33374 18245 18246 18417 34228 34229 33380 18252 33382 18424 18425 6696 34746 18427 18263 33393 14693 33394 34245 18265 33395 33396 17076 33397 33400 34251 14703 17594 33408 33239 34260 18282 33243 34094 33415 34608 33420 17441 35295 34789 33430 35301 33431 33433 33436 35307 33440 35480 18313 33444 33445 5905 33448 33450 18322 19003 17813 19005 34646 34136 34137 34139 34650 33459 33800 33802 14593 34653 33803 34147 35507 33809 33810 34151 34662 33811 33812 34154 34155 17667 33477 17668 33478 34670 33480 34163 33484 35355 33144 33145 15297
hp 293
t 14459 14502 14449 14618 14450 14780 14420 14592 33549 14690 33657 14607
hp 104
t 80240 80242 80248 80419 80588 79570 80590 80250 80592 80594 80255 80256 80597 80257 80598 80599 80604 76697 80267 76702 80272 76704 80274 80275 80277 80448 80278 80279 79431 80281 76712 80621 79602 80453 76713 80623 80283 79433 79434 80455 76715 80285 76545 80456 80286 76546 76548 80288 80459 76549 76720 80460 76550 76721 80461 80291 80462 76551 80632 76723 80631 80634 80294 80465 76555 80295 80636 80467 76557 80637 80468 80638 79449 76559 80639 76560 76561 76562 76563 80304 76564 80644 76225 80476 76566 80307 76227 80308 80648 80309 80651 76571 79462 80652 80655 80316 80317 80488 80319 80320 80661 80663 80664 80325 80496 80666 76417 80667 76418 80328 75399 76248 80329 76080 80670 76421 76081 75402 76082 80672 75406 76766 75576 76257 75577 80677 80678 76599 76430 80679 76600 76431 80339 76601 76602 80682 76604 80344 76605 76606 76777 76607 76269 80521 80692 76104 80357 80699 80192 80197 80537 80368 79519 80370 75441 76631 80371 80289 80545 76635 80546 76636 75447 80547 76637 80377 80548 76638 80378 80549 76639 80209 80379 80210 76641 77832 76642 76643 75454 76644 76645 80216 80557 80727 76648 76649 80220 76650 76651 80223 76653 76654 76655 76656 79547 76657 76658 79549 76659 76660 75980 76662 76666 76667
hp 115
t 74202 74544 74036 74546 74037 74038 56273 74208 74549 74720 74550 56276 55426 74382 81607 74553 55428 81609 74045 74046 74047 74217 74218 81613 56284 74049 74050 74051 74052 55607 81533 81534 74225 74227 56296 74063 74233 81288 73985 74666 74072 81297 74073 80958 56309 73820 74671 81301 73992 81302 73993 73740 73995 73910 74590 73911 74166 73914 56149 73915 74001 73916 74002 73917 74003 73918 74173 81484 74090 74517 74094 74519 74010 74095 74011 81661 74522 74524 74610 74525 74527 74018 74019 74020 74616 80907 74534 74535 55581 74537 80913 74538 80914 74539 80916 74541
hp 323
t 28813 53123 51169 53039 50490 53040 52700 53126 51172 29667 53042 52704 28990 53046 53048 29079 53219 53049 35880 53136 53051 50247 50416 53140 53141 50847 53142 52717 52464 53146 53061 50341 53148 53150 52385 53151 29946 51113 29439 29526 52306 28932 29783 52224 34714 28935 49676 52992 28937 52993 28938 52994 28940 53080 52998 50788 53168 50874 52659 53169 52999 53170 50281 50451 53171 53172 28947 50793 53088 53089 53005 53093 29379 53012 51652 31677 53013 53014 53099 51145 52336 53017 53018 53103 53019 53020 51150 49705 29731 50386 53106 52342 53023 52940 53027 31608 52351 53202 53033 50398 36374 53034 31616 35951 34847
hp 234
t 61878 71484 68001 68852 66898 72254 61885 68261 68263 61887 68773 66818 67499 67076 61552 68268 67078 68439 68695 66826 66911 68443 67255 68105 67511 68361 67257 67513 62668 67260 68364 67518 68453 68370 71601 67011 61487 67016 67442 67953 68465 67956 72292 67958 63626 68047 67031 68391 68819 64404 68400 68231 68486 68064 68495 68070 67050 68411 71557 61444 72240 68415 66972 67143 66889 68675 68251 67486
hp 119
t 77645 77264 77222 77308 77436 77181 77820 77140 77311 77142 75697 75017 77227 77101 77484 77186 77102 77188 76848 77402 77189 77149 75025 76472 77194 77280 76855 77196 77199 76818 77120 77418 77804 77254 77170 76831 77256 74919 77172 77301 77132 77344 77133 77431 76157 54184
hp 179
t 32510 32456 32336
hp 267
t 62260 26816 43178 62518 43988 61881 61884 69153 61720 26870 61891 61594 69161 62107 62239 61942 43158 61900 43727 61901 62072 62115 62157 61861 69169 62248 61571 61870 62082 61871 43893 43130 62340 43215 43131 43471 43939
hp 113
t 77690 72165 74886 74462 76419 75062 74892 74893 76424 75829 75065 80506 75747 75067 74897 77107 76175 77791 74816 75839 75755 74905 74906 74483 76440 76105 76449 74754 74924 74755 76373 74843 72129 76296 76384 75704 75619 76385 76302 74773 76303 74775 76390 76391 74777 74778 76393 74779 76394 76054 75884 76395 76396 76226 74782 76057 76228 77763 74792 77087 74793 76408 74794 76239 75050 75646
hp 266
t 41576 41651
hp 283
t 80111 80075 63246 80887 80166 64101 63889 63507 64102 79997 64187 64232 63893 63895 71842 80641 80684 64109 80090 63898 79964 64199 64157 63522 63905 64160 63906 64161 64204 63907 64246 64205 63908 64163 64206 63909 64120 64121 79974 64165 80653 63911 64166 64123 64207 63527 75939 79978 64170 63916 80195
hp 268
t 23277 59711 59691 59044 22559 59567 60238 78301
hp 98
t 75396 79137 79562 79393 75143 73956 81011 80332 79569 75235 75407 76427 79657 79830 81020 75416 80858 80603 75419 80350 76441 76442 74487 76443 80273 75430 80534 76461 80541 75442 75443 80203 79693 76465 75617 76554 76725 80720 80806 79786 80552 76727 73752 75368 75538 80810 80640 75541 76392 76647 79538 75458 75203 80645 80561 75121 80732 80478 76568 75209 80820 79545 79546 80660 76411
hp 295
t 74034 81344 78965 81345 78967 81347 78883 81776 78973 81353 81864 81696 78977 81528 81188 78978 81529 81273 81699 81360 81872 81364 81705 81876 78901 81538 81540 81885 81886 81206 81887 60301 81552 81894 81300 81386 81897 81898 81559 81560 81561 81562 81393 81734 81309 78931 81907 81397 81567 81569 81571 57516 81912 81402 81916 78941 81156 79287 81585 81840 81330 81246 81331 80991 81165 81251 81166 79041 81252 79043 57539 81256 79047
hp 249
t 67570 65882 66711
hp 290
t 59362 59360
hp 319
t 48022 66893 66128 67402 69614 47344 66639 66130 48025 69106 69617 66132 65962 66133 69618 47263 65963 66644 66645 66221 67581 69622 65542 69452 66732 66053 66139 66055 66990 66226 66058 69289 48039 66654 66231 66656 45407 69292 66657 65892 66062 66233 48045 66916 66662 66068 66239 66071 69471 68625 66075 66078 66164 66674 66165 66760 66251 66676 66169 66084 65915 66170 66255 66256 66171 48066 45262 47218 66599 66175 66601 68896 66856 68897 46032 69068 66689 47993 65929 69586 69076 68908 69588 69589 46639 68911 65937 66192 67553 66108 65939 66109 65942 65943 66198 66199 66709 66796 66116 69516 66712 66204 45294 66205 66715 45295 66291 69096 66207 65952 66718 45384 65956 66211 46066 65957
hp 226
t 38797 55859 39477 39483 39478 39479
hp 258
t 69698 69699 69700 71400 71401 70381 69701 70382 69702 69703 69704 69706 69707 69708 69709 69711 69713 77534 69715 77536 77537 69717 77538 77539 71080 69720 77541 69721 77542 69723 77544 51364 69725 69726 77547 69728 69729 71430 69730 77551 77555 71435 71097 69741 69742 69743 70424 77565 77566 69746 70428 70429 69749 70430 70431 51394 51395 51396 51397 51398 69758 51399 69759 51400 70440 51401 51402 51403 69763 51404 51407 71128 51408 69768 51409 51410 70450 51416 51417 51419 51421 51424 51426 51428 51429 69790 70470 51431 69791 69793 69794 51435 51436 69801 69802 51443 69804 69806 70487 71168 70488 51449 70489 71170 70490 69811 71172 70492 71173 70493 71174 70494 71175 51455 70495 70496 70497 69817 71178 69818 70499 71180 70500 69820 70501 71182 71183 72543 70503 72544 70505 72547 76288 70509 76291 71193 71194 71195 69835 69836 70516 32779 71200 71201 71202 71205 76305 71206 76308 76310 70531 71212 71213 71215 76315 70538 70540 33140 76322 70542 76323 76325 76326 76327 70549 76331 76332 70552 71236 70556 76337 69878 69879 69880 69881 69882 69883 69884 71247 76348 70568 33169 76349 72610 76350 72612 76353 72613 76354 72614 76355 69895 69896 72616 69897 72617 70917 69898 70577 69899 70579 72620 69900 69696 72621 33181 70582 71263 72623 70583 69904 70584 70925 70585 69905 71266 70926 76366 76367 70587 70927 72627 69907 70588 72629 69909 70589 71270 70590 69910 72631 70591 69911 72632 69912 72630 72633 72634 72635 70595 72636 69916 70597 69918 71280 71284 71285 72645 69925 71286 69926 71287 72647 71288 72649 69929 70610 72650 71291 69931 71292 70612 72652 71293 70613 72653 69933 70615 70616 71297 70617 70618 72658 70619 70620 70621 69941 70623 69944 70624 70625 69945 70626 70627 69947 70628 70629 69949 69950 70630 70631 69952 70634 70635 70636 70637 70638 71319 70639 72680 69960 70641 69962 70643 69963 71324 69968 70649 71331 69971 71332 71334 71335 70655 69975 71338 71339 69980 69983 71011 12532 71355 71368 71369 71370 71371 71376 71377 71378 71380 71383 71388 71389 76830 71390 71391 76832 76833 76834 76835 76836 76837 35018 76838 70040 76840 35021 76841 35022 76842 76843 35026 35027 76847 76849 76850 76852 70052 76853 76854 35034 76856 70056 76857 76858 77198 76859 35040 70060 70061 35041 35042 70063 35043 35044 70065 76866 35047 70067 76867 76869 35051 76871 76872 76876 35057 70077 76877 76878 70079 76879 35060 35063 70083 54108 76888 35069 35070 35071 54111 54112 35076 35079 35085 35765 54129 70109 70112 70118 54143 70123 54144 54145 54146 54148 70128 54150 54151 70133 54154 70135 54157 54160 54161 54162 54164 54166 54182 54197 54204 54205 54207 77330 77332 77333 77335 77338 77340 77343 75649 77010 77351 75651 77012 75653 75654 75655 77015 75656 34857 77361 77362 77368 77369 77371 77372 77373 77374 77036 77037 77042 77044 77045 34887 77388 77048 77049 77050 77052 77053 51215 77055 34900 34909 35254 51244 34928 34934 34936 34942 34943 70308 13870 70314 69634 70319 34963 51284 34964 34967 34970 34973 69653 54016 54017 34977 51298 34978 70339 54020 70340 34980 76124 54031 34992 51315 34995 51317 51318 34998 51319 69680 51322 51325 54053 35015 35016 69697
hp 227
t 56433 56550
hp 289
t 27089 44473
