ap 0
hp 376
 52991
ap 1
hp 377
 44859
ap 2
hp 93
t 29606 31735 10486 28846 28847 28762 31741 53162 29533 53164 31489 10495 47814 30390 53000 30222 31585 47483 53179 31589 28837 31676 29636 29637 29638 28874 29641 28876 47237 31513 29644 29645 28795 50386 29561 29647 29562 29648 29649 31606 28802 29568 29654 29655 29656 31612 29658 29659 28809 29661 31616 29577 50149 28984 28814 49725 50406 52873 31624 46245 30269 28909 50415 53050 28825 50417 31635 29600 28835 10477 53149 29605
ap 3
hp 36
t 68874 27414 46651 27122 26953 27400 27082 26915 45530 69288 27278 45425 27086 27469 45702 27258 26962 26963 69569 26921 27623 27092 27114 26649 26160 27074 45456 45521
ap 4
hp 378

ap 5
hp 89
t 28934 28928 28955 28950 28956
ap 6
hp 379
 20431
ap 7
hp 380
 20479
ap 8
hp 47
t 26291 43633 25905 25996 42826 42487 27698 42277 28337 42324 27406 45047 26602 42923 27411 28307 26310 24653 44164 28058 43741 26572 26023 24578 26321 25896 28279 42985 43537 26029 26157 44348 26712 44307 45965 42822
hp 43
t 42866 42272 28077 42868 28503 43722 42278 42451 42877 24687 69227 42284 44243 69063 27924 43394 26312 27333 43570 26060 44252 26318 27168 27169 44340 27341 42983 27343 43580 43751 42902 44347 27349 44264 42310 26331 28288 44268 42909 42911 28037 42317 42999 45550 26682 27023 25323 27448 42834 42837 26008 42243 42328 27877 42924 42839 42840 42842 42928 42843 26098 176 42846 42932 42847 27378 43527 27038 27379 26955 27382 27213 27384 27214 43620 26195 43706 42941 42855 26282 42857 27388 42348 27729 42860 27391 27307 27053 42865
hp 39
t 28374 42952 42189 42997 28335 28252 24641 44914 44064 43004 44365 42878 44961 42964 43007 42881 44964 27709 44965 44966 45009 44971 44887 46247 44889 44890 27254 42853 44893 27171 42854 28278 42898 42943 44813 44304 42859 28028 42180 27731 43543 42992
ap 9
hp 59
t 79375 80396 79503 80524 79337 60382 58641 64975 78193 60386 79385 79727 79430 78581 79306 78413 78244 22781 22782 65241 78076 60399 78079 78207 79700 79615 77832 79490 79364 41667 77834 79712 78516 79372
hp 55
t 24591 44226 26206 44908 44315 115 26125 24597 25872 44232 26297 24598 25874 25963 26218 26304 25879 26305 26136 26307 44328 26223 24610 28265 24611 25886 26148 25640 26150 25897 25303 26323 25985 42900 26327 43668 26328 25309 25651 25652 25313 26333 25654 27779 28120 48436 24637 25657 26339 25320 26340 26341 26001 27786 24644 48444 42920 42835 26346 24816 84 26350 26351 25331 24652 26607 24822 26013 26353 26354 24654 24824 24655 26611 26187 44296 25343 24664 24667 25858 26030 44305 25860 42950
ap 10
hp 90
t 35811 77271 70578 77761 51433 53901 53731 53859 53943 53564 34843 34907 55224 56245 34955 34913 70592 54167 35129 74931
ap 11
hp 381
 48959
ap 12
hp 134
t 8472 48832 32473 2101 8998
ap 13
hp 382
 29627
ap 14
hp 383
 57343
ap 15
hp 61
t 77887 79417 64797 78228 65138 59020 59700 58851 58513 78574 78234 79425 60385 59366 59706 79427 59538 58689 18060 79429 65490 79600 59711 60224 58526 78247 43907 58867 18749 59727 78260 58374 59395 18766 65346 62628 64839 78270 65184 79637 17927 59750 18610 78281 18442 58392 64852 65024 65535 78796 59417 58738 58401 62652 65033 65374 79144 18625 78467 57729 79320 22709 79662 64872 60284 79834 16427 78308 78651 77976 59448 65400 60982 78325 58435 59459 64730 79693 57765 78165 64740 78510 64912 81744 79706 59136 22759 59824 64757 79717 18007 59827 65269 18010 58810 58471 64762 59663 78708 60008 16658 22610 62730 18021 78201 79561 59674 19384 59676 64776 64949 22620 59680 64950 59681 59511 59171 79571 64952 64783 79404 79405 77876 78217 18718 64620 79240 22631 60201 59691 59692 18555
ap 16
hp 384
 16383
ap 17
hp 385
 73727
ap 18
hp 50
t 78311 37511 35644 17964 57916 34881 59701 57408 58854 39815 17035 18141 57411 61322 17038 57415 17212 38463 57589 58099 79690 57423 58698 16455 81566 81737 57597 59127 57767 57598 51223 59384 18161 53947 57687 57774 58710 58371 57607 81918 81579 58715 37382 51237 59143 37383 78354 81584 34919 59739 57445 81756 37045 59826 34921 81501 58639 81759 78955 18011 57452 24133 58475 16657 61368 58393 58053 59075 59673 16834 35791 59167 38260 79828 35120 81360 57390 58326 61386 16852 60289 78310
hp 38
t 58847 58632 57404 59870 58722 58723 39812 58384 58724 57578 16821 58386 60086 58387 60045 59834 57370 58648 61283 57756 37059 35488 58395 59671 58864 58396 79816 61375 81520 19216 57595 58870 58658 58871 81269 58873 79741 58703 58661 60191 58875 58876 58408 59726 58664 57432 58626 57436 58670 60072 61222 59097 61435 59141 58376
ap 19
hp 386
 40143
ap 20
hp 143
t 32447
ap 21
hp 387
 32719
ap 22
hp 388
 78846
ap 23
hp 389
 73662
ap 24
hp 44
t 43548 69558 27401 69223 27234 27404 45424 69564 26726 26217 45426 27407 27409 45432 69572 27415 45435 62436 69068 27418 27080 27420 43571 27421 26912 69074 27424 27425 26916 43405 43746 69077 27087 69418 27427 27428 46640 27430 27431 26922 27091 26412 45963 26923 27433 46644 27434 26245 27435 27095 48007 26928 27438 26249 45289 26419 26250 46650 45290 26252 27612 27103 26254 43763 27445 27616 27617 69268 27620 27110 69441 26092 45472 27453 69105 69275 27455 26949 69109 27119 42930 27459 69620 27120 27460 69453 66053 26954 45315 27125 26956 27126 27127 45487 26959 27129 45489 27130 27131 27642 69292 27132 27643 27133 27135 27310 62333 26295 69476 26296 45507 26298 26300 45511 48062 27492 69484 45517 46372 27332 27335 27165 45696 26997 27508 69159 26999 45528 27001 69501 27002 27003 26324 27004 27006 27007 45711 69342 69513 27355 69517 45548 69521 45551 69531 27040 26191 27042 43022 45406
ap 25
hp 81
t 51706 50856 51707 70067 50859 50690 49160 51535 70921 50861 50695 50865 51545 49168 49170 50871 50703 49175 50876 50877 50878 49180 49181 49182 50544 50545 50888 49190 49192 49193 50894 49194 50897 50898 50899 49201 49205 49206 50912 49215 66392 50929 50760 50930 50762 50933 70313 49405 50595 50770 50940 72871 50771 50601 50941 50942 69982 50943 51456 72877 50780 51460 50611 50782 51972 50784 70335 51466 49596 49597 49598 51470 51980 51640 50792 51472 50793 51984 50795 51985 30906 50797 51987 51988 49439 51990 50461 51991 50802 50803 50804 51994 50805 51996 51997 51489 50810 51491 52001 50472 50813 52003 50814 51494 50643 50815 70365 52177 52009 52180 49460 51502 50652 51503 50824 51507 51510 50832 50833 50834 73615 50835 50665 50838 52028 52029 50840 51520 52030 50841 52200 51521 51522 51523 52203 51524 51525 50846 51696 51697 51699 50850 51530 70060 51701 51532 51533 51702 50853 51703 51534 49155 51705
ap 26
hp 390
 54076
ap 27
hp 62
t 81415 38957 74105 81246 39341 57957 78399 79675 39173 58213 39683 57450 39813 39856 79809 81425 81383 79810 38415 79344 81511 79642 57966 81597 79175 79644 79814 39100 79180 39062 38977 73742 38936 57935 78462 81353 38980 39831 58233 39152 57724 39662 74682 81568 81696 81314 81697 39197 38986 81572 79787 55521 79705 79832 57606 39841 38991 79708 79753 39761 79032 81327 39337
hp 46
t 57614 75294 81245 79716 81248 81419 80909 78362 39092 81551 79725 81384 79728 79730 81388 79815 81600 57930 81348 57804 81735 81565 81140 81354 79697 81185 81271 81569 81359 81318 81573 79619 81915 80981 80896 81407 81069 80985 81071 81581 79713
hp 49
t 81288 79764 57414 78409 81470 79686 81306 79182 81562 79778 79017 81313 57514 79274 81570 79618 79704 79620 81577 79623 79710 81580 80391 80987 38997 79714 74699 81247 80570 79125 81505 74707 80999 79640 79300 79726 79641 81255 81682 75138 81769 81004 79135 79136 81007 81858 79819 81265 57720 81521 81013 79740 79655 34860 58405 79742 79827 81699 79659 79660 81531 79663 60286 79667
ap 28
hp 85
t 66326 47712 66329 66032 66330 46909 65950 31102 31187 31613 66336 66422 47766 66508 31022 66425 31321 47854 73270 65875 66472 47433 30392 47307 31199 30861 66481 31718 47827 73286 47489 47532 66489 50213 47792 66407 50216
hp 79
t 52089 70364 51495 52090 70366 50692 51500 51501 70329 70330 51463 70376 50786 70378 71059 71103 52192 70342 70046 52172 69962 70048 70729 70347 70052 51481 70053 70011 69969 51567 69970 70056 70057 70312 52166 51488 70358 71038 70359 51490 52000 70063 51492 70362 52045
hp 83
t 52216 52047 71004 77296 51968 51459 71094 51969 34886 34972 51973 51974 71100 71017 77818 54870 55890 54788 51983 70004 53261 34987 54200 51480 53690 34990 51993 77664 70524 70014 70015 53950 77751 76391 70698 52169 71039 52002 52004 52006 52010 72325 71136 77512 52013 34928 69779 52014 51505 52015 77601 54652 71483 35020 34939 69959 77611 53897 71067 69963 34944 54255 69965 53902 77447 70649 77450 69971 34951 34954 35125 70995 70996 34957 70488 34958 34959 69725
ap 29
hp 48
t 27311 69471 42825 45546 45249 66712 42870 69519 27444 66716 69563 27405 27491 27449 26091 45983 68976 43519 27454 48025 26691 48367 45733 44290 27334 27249 68136 66691 62441 26360 27041 26235 25938 45531 26365 26535 44470 46002 27005 68995 27090 62451 69082 27134 43752 45283 46006 69593 27347 68914 69512
hp 45
t 79248 59699 59533 60724 64806 61408 79428 59879 59369 78225 78240 79602 79433 79604 78245 78246 41866 78077 51559 41870 60061 78422 79443 78256 79446 79450 78261 79451 41372 80473 78094 59396 80476 78097 41378 59229 78269 79460 64671 80822 78273 79463 78274 80655 80825 80147 79471 63491 64965 80492 78283 78284 60267 78288 80498 41229 79309 80163 64523 64524 79486 64867 79489 59600 41070 78471 65212 59604 78304 59606 34276 78478 65050 64880 78316 78318 79341 78491 65231 79511 78322 41263 59624 78328 64899 34640 22742 78333 79523 78334 80545 78511 65257 79370 59651 77842 78183 65263 60164 59655 22764 77845 59657 80739 79383 60683 78194 80745 59495 64937 81768 79390 34680 41311 80752 59672 79564 80755 77873 78044 79575 64787 78727 78050 79583 77884 41335 77885
ap 30
hp 157
t 366
hp 53
t 6018 21702 19577 6807 6786 4321 6850 4640 16011 19879 21197 20914 4261 20305 7557 21017 5603 18014 24474 6903 5247 4630 19868 5907 5311 6035 21697 6972 19574 6974
ap 31
hp 391
 65422
ap 32
hp 392
 56590
ap 33
hp 393
 20463
ap 34
hp 394
 24575
ap 35
hp 110
t 79500 79121 79335 78995 79336 79296 78999 79297 79680 79298 79638 79299 79682 79343 79130 79301 79684 79216 79217 79303 79347 79646 79307 79222 79647 79308 79223 79522 79013 79226 79228 79143 72514 79317 79148 79319 79703 79278 79321 79533 79322 79323 79535 79664 79325 79326 78987 79242 79668 79329 79670
hp 107
t 79374 79459 80736 80737 79461 79505 80696 80654 62634 80824 80740 79507 80741 79549 61999 80742 80827 80617 80748 80707 80750 80452 80497 80416 80374 78206 80630 62865 79441 80461 63887 79442 79485 80676 79444 80508 80679 62787 80383 62576 80511 80469 64235 80470 80684 61984 80642 80685 79495 80686 62538 61944 64239 63219 80220 79498 80689 79373
hp 248
t 63606 63694 76019 67436 63611 64291 67608 63944 63955 67695 67610 67611 63532 67612 63023 67616 67617 80792 64303 63028 67620 68811 63031 67623 63034 67625 61676 67626 63717 63632 67627 67628 63634 67629 63638 63808 63639 63554 63640 68570 67721 63642 63643 67893 63644 68150 63645 61520 63646 63647 63648 63649 63650 67476 67731 68156 63652 67902 63653 63822 63738 63654 63655 63570 61530 63656 63657 64252 63658 63828 63659 63574 63490 63830 63661 64259 63580 63581 63156 63667 67832 63582 67835 63585 63840 63841 63672 63587 63502 63842 63673 63843 63758 63928 63759 63675 63589 63845 67585 63590 63846 67502 63592 63847 63593 63594 63595 63851 67422 63852 63598 64450 63600 63601 67767 63602 63603 67769 67684
hp 166
t 28378
hp 265
t 63478 62118 63352 63947 62757 62800 63354 62801 62632 64672 68583 62804 64633 63188 67397 66664 63827 63998 61491 62726 63958 63748 69358 62644 63027 62814 62647 62903 62818 62564 61545 62609 63204 63119 63969 61548 68221 63208 62913 63976 63126 63169 62574 62575 61470 62490 62873 64659 63810 63048 61731 63816 63477
hp 272
t 69960 69918 77431 70006 70644 70655 70648 77523
hp 175
t 44311 44313 28163 44314 44144 44187 43679 44317 28338 21453 44828 44319 21454 42961 42876 44877 20609 44198 44327 42968 44880 42756 44160 44203 44205 44207 28270 44293 44337 44167 44168 44806 44170 44171 45022 28277 44728 28408 44220 28283 44306 21441 42990 44350 44310
hp 68
t 21446 965 28336 883 21199 884 886 887 28343 975 28348 893 979 300 981 896 983 307 988 21134 28275 991 20882 27937 44598 27941 27942 21398 44606 1001 916 44607 1002 917 1004 1006 921 666 1007 924 925 841 926 4924 20904 20650 1016 20740 936 937 20913 854 939 28311 21342 28482 20918 21258 604 20920 28317 20837 20839 20841 20758 21353 20845 20761 787 20934
hp 260
t 78226 64966 65137 59529 65139 59530 78060 22640 78231 64802 79593 78233 59534 22644 59535 78745 78236 62596 41856 64976 64977 78237 64978 78238 78239 59710 65150 60390 64982 78752 78243 64813 60393 64984 65494 64985 65495 64986 64987 60397 65157 78248 65498 65158 64818 78249 78250 78251 78252 65162 78082 64993 41365 59897 64827 78087 78258 65508 65168 78259 65169 64999 65001 65171 78092 65173 64833 78093 65514 65004 78095 65175 65006 64836 64837 65178 59399 41890 65520 65180 65521 78272 59401 65181 65012 65133 78276 78277 64964 78278 65188 78279 65189 65020 65190 65021 41901 78282 65192 41903 65023 65193 59244 65194 78285 59415 65026 78286 65196 78287 65027 78797 65028 65199 59759 65200 77952 80673 78293 78294 78464 59595 78465 78466 64866 65206 65207 78468 64699 65039 59431 65211 65045 65046 78307 65047 78648 78649 65049 65219 78650 65220 78653 65054 65225 78145 78146 78317 78488 77979 78148 78149 78490 78150 78151 78153 78154 64894 78155 78156 22737 65068 78159 65070 78160 78161 65072 59462 65073 77994 65074 65076 78166 80377 65078 78508 78171 78173 78174 65086 78007 65087 78177 59648 78178 59309 59650 78180 78012 78182 59483 78184 78187 77852 78192 78195 59667 59497 22608 64768 78197 64769 59669 78198 78199 65111 64941 22612 65112 78202 78203 78714 65114 78204 65116 65117 79398 65118 59679 65120 65121 78042 77872 65124 22794 78725 65125 78047 65128 78218 64960 65131 59521 64961 65132 59522 64962 65472 64963 65134 59524 78735 59525
hp 277
t 66612 66745
hp 314
t 21924 22265 22956 24390 24339 21630 22332 42191 22120 44902 22261 22867 24408
hp 102
t 79674 79212 79681 79639 79643 79856 79645 80920 79350 81093 79138 79861 81095 79862 79777 79694 79652 79695 79779 81056 79824 81355 81101 79656 81143 81357 79869 79658 81741 79616 79786 79617 79622 81366 81367 79625 79669
hp 111
t 78502 79332 78503 78504 78505 78484 78400 78507 78401 78423 78402 79572 78425 59684 78426 78448 59387 79150 78449 78280 78450 78366 78514 78451 78429 78369 78454 79030 60246 78585 78415
hp 290
t 59376 59888 59697 59698 60209 59891 58510 58701 59169 59893 59192 78487 59022 60213 58874 78489 58844 60215 59685 60217 59707 60218 59880 58860 78495 60093 60200 58862 59012 78500 58845
hp 82
t 50388 49539 50688 50220 70027 49671 50606 50693 73601 52011 50694 50864 31699 50866 31742 70247 50867 50230 49764 49680 49511 49428 49683 49726 51978 49429 49727 50194 50705 49897 49430 49471 71489 50070 49858 49774 70684 50199 52114 49948 50799 49183 50418 49908 50419 50932 71632 50427 70021 49536 49537
hp 315
t 24347
hp 171
t 2921
hp 261
t 59696 65478 62078 22642 59703 59704 60384 59705 60387 65488 59708 59709 65492 64812 78753 65154 60395 59715 65496 78756 65497 78758 65159 65500 65160 78760 65501 60400 65503 59729 63471 59392 64832 59393 59733 59394 65516 65176 59397 65518 59398 65522 59402 65182 65183 59404 64844 59744 59405 62465 59745 59746 64846 59407 59747 78787 62468 78788 23368 65529 59749 65191 59412 59414 59755 64517 65197 59757 65198 59758 59419 62479 78799 59420 64860 59423 65203 64864 65204 64865 64526 64868 7069 64869 7071 41073 59436 65216 64876 59437 64877 65217 59438 65218 64878 64879 65224 65227 59792 65232 65233 59454 65234 65235 59456 64896 59457 65237 64897 78158 64898 65238 59461 65242 59463 65243 78163 62184 59464 59806 59467 65473 22752 59473 65253 22753 59474 22754 65254 7115 59475 65255 59476 59815 59477 65475 59478 59480 65260 59481 78181 65261 59482 22762 59694 59485 78185 78186 65267 59488 65268 59828 59830 64930 59491 59832 64933 59494 64934 65276 65277 59837 59498 65278 65279 59839 59500 59501 62901 59502 59503 62904 41144 64612 59513 64953 64954 64955 64616 65298 59519 59523 65303 22804 65305 59528 65310 41850 65311 59532 65313 62595 41859 64980 64981 65321 65322 41862 64983 65323 58863 65324 64988 58868 65328 62949 41869 64989 65329 64990 41868 64991 65331 65332 64995 78257 41880 65000 65002 65005 65008 65009 65010 65011 59573 65013 65014 41894 65015 59576 65357 64678 59578 65018 59579 65358 64680 65025 65030 65034 65035 64696 65036 59597 65037 65040 59601 65041 59602 65042 65043 65044 59605 78305 41925 59607 65048 59610 77970 65051 78652 59612 77972 22553 65055 41935 59616 65057 59618 65058 59620 59623 65064 65065 59626 65067 78327 78330 63373 59633 78674 59635 65075 59637 77998 65080 65083 65084 78005 59645 65085 59647 59649 65091 59652 59653 78013 59654 78015 59656 78016 78697 65097 59659 59660 65101 59662 59664 59665 78705 59666 78707 59668 65109 78710 64771 64772 64773 65113 64774 59675 64775 78719 65119 64781 58662 65122 65126 59689 65129 65130 78732 78733 78734 65135
hp 264
t 80734 79414 80776 80735 80819 80820 64035 79378 64249 79421 64250 80826 64043 80788 80831 80789 79391 79435 65326 80796 80797 63883 80798 80757 62906 80799 62867 80845 80761 80804 80763 79403 79445 64741 78127 80722 64742 77874 64743 80807 64021 80808 80809 63258 64661 80811 79368 64875 79582 78053 78054 63265
hp 268
t 71956 72531 71968 71969 71088 70707 70718 71101 71971 51981
hp 105
t 76271 76612 76273 72449 76275 76280 76621 72626 76622 76623 76287 75525 75527 75528 76889 75530 75532 71199 76471 75537 75538 75539 75540 76477 71208 76478 76572 76573 76574 76579 76580 76241 76242 76582 76583 76584 76244 76585 76586 76416 76587 76418 76249 76590 76420 76591 76421 75572 76252 76422 76593 76423 76424 76595 75575 76256 75577 76257 76427 75578 76258 76428 72688 77024 76429 76260 75580 76430 75581 76261 76431 76262 75582 75583 76263 76433 76603 72694 76265 76435 76266 76267 76609
hp 293
t 63861 63564 63522 63948 63866 63912 80021 63488 63872 63831 63535 63579 63494 63496 63497 63880 63923 63881 63499 63882 63670 63501 63544 63757 63885 75999 71919 63929 63505 63888 63506 63549 63507 63550 76004 63891 63934 63509 63552 63510 63553 63682 71885 63512 63555 80130 63513 71842 63597 71845 64238 80178 67812
hp 176
t 46648 27269 45459 46607 46225 48055 46227 46696 47972 46655 46657 48060 46702 47977 26984 47979 46960 47938 46239 49130 47982 46835 47941 46922 45434 46966 47095 45098 47013 47014 45441 46690 46760 46930 47058 47611 47018 47964 46594 46977 45107 46681 46384 46639 45448 47957 47915 46938 46216 69124 46940 47960 47918 46601 45453 47069 46602 48048 47963 45116 26927 48050
hp 234
t 18624 24315 18630 18785 18649
hp 182
t 8110
hp 262
t 65486 62533 68876 22967 64702 22559 63424 42334 62521
hp 100
t 80563 80606 76738 80607 76739 76741 76742 76743 76746 63742 80615 80233 80616 71905 64127 79938 76750 80448 79939 80830 76751 76668 80706 80665 80368 80453 80625 80328 80626 80882 80331 63543 76761 80501 80459 80203 80605 76763 80632 80504 80547 80505 80464 80380 80466 80174 80475 76736 76737
hp 330
t 21532 20587 20663 20834 20580 20582 20666 20667 20657 20658
hp 216
t 58848 78314 58681 58428 57920 59195 58516 58688 58775 58691 58692 58778 58524 58695 58527 58103 58699 58700 58446 59041 58872 58702 58368 58708 58625 58370 58372 58373 58629 58714 58460 58546 58548 58464 58379 58380 58552 58467 58382 58468 58383 57365 58557 58390 58391 58647 58052 58652 58056 60352 58653 58397 58655 58656 60357 58657 59678 58659 58660 58406 58407 58410 59686 58666 57902 58412 58669 58671 58673 59015
hp 186
t 46979 47023 48277 48332 46952 48324 48335 24759
hp 69
t 44312 44822 44824 44910 42871 44915 44830 44834 20611 44839 44330 44925 44331 20786 44926 44161 44843 20618 45014 44844 44845 44846 44847 20797 20799 44349 20634 20636 44864 45035 44865 44866 44867 20644 45040 45042 44957 45043 20648 44875 20736 20739 44199 45050 44201 44882 20828 44970 20660 44972 44977 22963 44978 20584 44979 44299 44300 20756 20757 44898 20846 42946 44308 20763 44309
hp 65
t 960 984 963 28121 28351 28137 21344 287 28306 28339 28297 927 28446
hp 295
t 46999 47627 46862 48326 47034 47024 47035 47630 47036 48364 48365 47029 46955 47678
hp 106
t 80478 80479 79673 80565 80738 80485 80486 80487 80743 80488 80489 80490 80491 80449 79472 80664 80324 79474 79516 80751 80326 79476 80454 79477 76630 79520 79478 79521 79479 79481 79524 79482 79525 79483 79526 79484 79487 80465 79531 80509 79532 76727 80681 80468 80682 80641 80471 80643 79496 80474 80477
hp 340
t 54821
hp 103
t 80351 79501 80566 80481 80482 78358 80399 80483 78443 80484 80571 78363 78365 80407 78367 80495 80371 79012 79310 79183 80423 80680 79279 79491 78432 78348 79028 78433 78518 78434 80390 80560 78435 79627
hp 96
t 79504 79165 78485 79166 76701 79167 79338 79508 57409 79002 79683 79089 79345 79091 78498 79094 79265 78925 79010 57591 79352 79692 79353 79864 79355 79866 79867 79020 79277 81745 79113 80389 79114 78265 79795 78438 79122 79123 79124 78447 79127 78364 79554 79556 79302 79132 79133 79560 78371 78372 79137 79648 78373 79649 79139 79650 79651 79142 78378 79654 78380 79145 78381 79146 79657 57558 79318 79661 79493 78984 79324 81704
hp 323
t 69473 62418 66673 62426 69059 69060 69316 69062 69232 69318 69233 69319 69234 69065 69320 69235 69321 69236 69322 69237 68982 69323 69238 69214 69324 69239 62439 69325 69240 69071 69241 62357 69158 69328 69243 62359 43319 68904 69244 69160 69245 62360 68990 69161 62362 45532 69247 69078 62278 68993 69334 69080 69166 62366 69251 62367 62283 69338 62369 45284 69339 69340 69086 62378 62380 62381 62211 62382 69352 62383 69269 69355 69271 69274 62220 69021 69276 69022 69281 69282 69285 69202 69287 69119 69207 62408 69293 69294 69295 69212 69213 69298 69470
hp 80
t 31220 49411 47117 49157 49158 49159 31055 31565 31736 49162 49163 49164 49504 31230 49165 49505 47709 49506 30721 66421 49507 49593 73224 49594 31065 47215 73226 66426 65915 73227 30728 49173 47559 49174 49431 30731 30391 49432 31072 66432 49433 73233 30818 73234 49434 49519 73235 66435 47225 66351 49775 47821 31586 31162 50118 47143 47485 50121 50122 66017 31049 30743 47148 73245 47830 50041 47833 30749 31599 49450 49620 49706 28881 31176 49707 49452 50048 31178 45799 31010 66455 47500 49712 66458 66459 47420 31186 31017 66462 50142 31018 45892 28894 73266 45811 66469 50150 50151 66471 47264 47520 65880 30776 46418 50073 73279 30354 31629 28740 50416 66483 66398 66484 47105 66485 50422 50084 47534 66405 47790 66408 49409 50090
hp 164
t 26122 42443 69218 43803 69135 42700 62337 42618 42448 42703 42363 43299 69140 62340 69143 69144 42456 62348 69149 62349 69151 62351 42354 43399 62356 62358 43233 26998 27085 42641 62363 42643 69164 62279 62364 42645 42646 43156 69168 27348 42648 42649 42650 69171 42651 27352 69173 27353 27357 42403 27055 27020 43170 42662 42663 69183 44023 42408 62384 42665 42666 69187 62388 42413 42669 42670 42671 27031 27201 43780 42438 27039 27044 42685 69121 42432 43792 69208 42433 27644 69209 45749 69210 42435 69296 42694 42355 26630
hp 174
t 28267 28056 28098 28314 42765 44233 28126 28254 28361 28319 28362 28322 28266 28409 28325 28010 44224 28330
hp 180
t 7960
hp 302
t 74486 80946 80947 74487 80949 74490 80950 80951 74492 74493 74494 80954 73985 81296 80957 74327 80958 74328 81299 80959 74160 74161 74163 74333 73824 73825 74165 73995 73826 73996 73827 73997 73998 74171 74003 74008 74012 74013 74354 81325 74015 81330 74025 73856 73857 73858 81339 73859 73860 73861 81342 73862 73863 74033 73867 73868 73873 80945 74043 81523 73876 73877 73878 81528 73879 74728 73880 73881 74731 73882 73887 73897 73898 73734 73905 73906 73737 73909 73739 73910 74080 73911 74082 73913 73743 73914 74083 73915 73916 73746 73917 73918 74088 73919 74091 74435 73758 73759 74442 80904 80907 74448 74449 74450 74451 74452 80912 80913 80914 74454 80915 73775 80916 73777 80917 80918 74118 73778 80919 81429 74461 73782 80923 74463 80924 80925 74636 80926 80927 74129 73789 73790 73791 74132 81273 80936 80937 80938 74311 74141 74481 74482 74313 74143 74484 74485
hp 235
t 66688 61674 63019 68151 61517
hp 78
t 66623 66413 66286 50689 71089 72959 71090 71641 71642 71091 70664 71005 71092 70837 71007 50697 50699 49468 70675 72375 71016 71102 49342 71616 49177 71661 71451 66394 70941 67543 70817 72857 72816 71458 71459 71502 70949 73542 72948 70994 73545 66277 70954 70955 71424
hp 326
t 46609 45583 46950 46611 45593 47973 45763 47974 45595 45085 45427 45601 46961 45771 26054 45774 45776 46796 45270 45440 26911 26061 46801 46802 45442 45613 45443 45274 45104 46804 45784 45105 45785 45444 45786 45445 45446 45787 45106 46807 45447 45108 45109 45449 45450 45110 45111 46982 46812 45452 45113 46813 45114 46814 45454 45115 45455 46815 45796 46816 27096 45117 48008 45629 26931 46821 46652 45462 46822 27613 45463 46654 45464 46824 45465 45805 46825 45806 46826 45466 45467 46827 46996 45468 46659 46997 48017 46998 46661 46662 47003 46833 46664 27624 46834 46665 45474 45475 46666 47005 46836 46667 26267 45477 45476 27626 46838 47006 47007 45479 48027 45480 46841 46672 45482 46842 45484 46844 49055 46845 45485 47016 45486 46846 47017 46847 27637 46679 46680 47020 27640 47021 47025 47026 27476 47027 47028 26289 48049 47030 48052 45502 46693 48053 47033 48054 46695 48056 46697 46698 46700 69483 46703 46704 46805 45516 46943 45527 45699 45529 47909 47569 45700 45701 47916 45878 46399 45549 46913 46917 45393 46923 45056 46928 47100 47101 47443 46593 46764 46933 46934 46935 45575 46596 46597 46598 46769 45578 46599 46939 46600 46941 69552 46942 45582 46603 46604 45075 46605
hp 165
t 69300 43801 69216 69301 69302 69217 69557 69304 69219 69220 69136 45506 69221 69307 45762 69138 62339 69056 69566 69057 69226 62343 43304 45769 69486 26903 26904 45519 46030 69150 45775 43821 69408 26909 26910 43146 69157 45698 69073 27253 26914 43234 69415 62361 69162 26917 45957 62107 69163 43324 26919 45874 26920 45537 69170 45540 45541 69172 43843 69174 43844 44016 45461 45804 62212 27618 69353 43853 27619 62385 45470 27621 62386 69526 69102 27622 69273 45729 27625 27627 26948 69364 69279 26950 69280 27121 45398 27123 27634 62399 69284 26957 27128 69205 69290 69291 69122 27302 69126 45074 69215
hp 187
t 24761 24677 25092 25115 25094 25012 24673 24588 25099 25015 24683
hp 269
t 52046 50875 49248 51975 50870
hp 168
t 25909 44269 27652 42910 27822 44228 44100 28391 44101 44230 44103 44274 44061 25618 44105 42916 44276 42917 44277 44235 42918 27788 42919 26004 25877 42921 42922 44069 44241 26561 27751 44284 42925 44285 26563 44286 26606 25884 44244 44115 42927 44158 43735 26480 26439 42931 26569 44079 28015 27760 26401 26573 28020 26575 44255 26448 27813 26584 25906 42864
hp 113
t 81466 73902 73732 81723 73904 80961 80963 81391 79776 73830 81058 81144 81317 73923 81319 81574 81405 81236 81237 80984 81239 80899 81328 81244 80993 80994 81249 81164 80910 81250 80996 81336 81251 81337 80997 80911 81338 81252 81253 81254 81257 81258 79813 81259 81005 81260 81006 81261 79732 80921 80922 79733 79734 79735 81435 79820 79737 81352 81267 81268 79739 57469 81270 74046 81019 79830 81361 81617 81023 73884 81279 80941
hp 84
t 69939 34920 70599 70473 70600 70601 34966 70050 69923 70604 70647 34948 51247 69842 70713 70606 70947 69822 53566 70651 70653 70654 70952 70719 70338 69829 51321 71339 35810
hp 331
t 44896 20651 44973 23176 44814 42184
hp 101
t 71894 80096 80139 64245 76740 80608 80098 76018 63524 80865 80186 63740 63527 80613 63528 64251 80614 63573 76748 76664 76749 80829 63489 76666 80618 63575 80619 63534 63576 63492 63536 80111 76670 63877 71953 80624 63540 80881 76760 75997 63884 63715 64224 63504 64227 63548 80847 64230 63508 63725 63556 76011 63519 71850 63733
hp 303
t 75166 77806 75173 77808 75175 75176 75177 75178 75179 75095 75183 75184 75014 75185 75100 75611 74760 75101 75187 75102 74762 75188 74763 75189 75104 75190 75105 74766 75192 75107 77062 75193 75108 75109 75110 75196 74771 75026 75197 75111 75112 75198 77663 75113 75199 75114 75115 75542 77072 76988 75458 75460 74782 75123 74783 75124 74276 75551 75213 74285 74880 74881 74883 74801 74802 74803 75144 74804 74891 77784 74813 74814 75069 74815 75155 74904 74907 76268 74483
hp 169
t 27820 27991 27992 27907 27993 27994 27995 27910 27997 27912 28507 27998 27913 27828 27914 28000 27915 28086 28513 27919 28514 27920 28006 27921 28516 44071 28431 27667 27837 28517 27838 28009 27839 28094 28011 25121 28096 27927 28012 28097 28013 28014 28099 28525 28100 28102 28018 28103 28019 28104 27935 28105 28021 28022 28023 26494 28111 26582 28112 28029 28114 26585 27776 28118 28375 27950 28291 27951 25912 27782 28123 25743 26595 44106 28640 27960 27790 27961 27792 28643 27708 27793 27794 27795 27797 27798 25164 27799 27800 27971 26612 27972 27802 27975 28320 28321 27815 27986 28072 28327 27989 27904 27905
hp 177
t 26120 27268 26121 27396 26208 26123 26294 26209 26124 26167 26210 26211 26126 69179 26212 26127 26170 26213 62338 26299 27446 27489 26129 26172 62341 27576 26131 26174 26173 27578 24646 24647 27537 27580 26178 26221 26179 26180 24695 24613 24825 26144 26145 26146 26149 24663 26151 26961 26113 26169 26199 45624 26159 26117 24800 26161 26119
hp 97
t 58080 58760 58081 57402 58422 58082 57743 59104 58085 57406 58089 57410 58771 57412 78408 57420 57421 78417 59123 57594 57596 58536 81743 57520 57437 57352 57694 78437 57529 79036 57362 57364 58555 58385 79126 58389 58049 58051 57374 78370 57376 57377 57379 57380 57381 57552 57382 57553 59168 60359 57554 57384 57385 57386 58668 58413 58073 57394 57734 60285 57395 78647 57397 58419 57398 57399
hp 341
t 57929
hp 64
t 20789 44297 20791 44316 44221 44351 43532 44223 44213
hp 274
t 59234 58852 59177 60208 58855
