ap 0
hp 368
 61183
ap 1
hp 369
 53048
ap 2
hp 90
t 60093 59200 59966 59201 60180 59968 60097 59970 61416 59376 58697 59972 59207 59974 59211 61423 59086 60021 59979 59980 59386 58196 58962 58794 60070 59942 59348 58965 61349 59820 59821 59949 58504 58249 59143 59313 60291 38532 59272 59317 33733 59151 60088 59283 58817 59284
ap 3
hp 37
t 75222 75159 79433 74184 77756 75462 74761 79691 74954 74870 75466 74109 75384 32885 74917 77087 77639 77725 77279 54694 79705
ap 4
hp 370

ap 5
hp 371
 28671
ap 6
hp 372
 20472
ap 7
hp 373
 20158
ap 8
hp 43
t 46918 46579 47770 30941 46412 31113 47774 46584 31455 46925 31117 69198 47099 46419 29760 66311 46591 46765 66315 45916 46936 31467 48297 66149 30962 32154 47794 31304 47795 66154 30796 68876 66666 30966 47798 48480 30630 48481 62423 45933 46613 46953 47127 48998 47809 46449 47812 30812 47814 66175 31325 32007 45098 46968 47819 47820 47650 47141 32011 31331 26743 48333 47993 69414 47826 46806 32016 66359 47830 47833 32025 47836 66366 45458 47838 69259 48520 45120 32371 47503 30846 42408 47766 26941 31872 46663 47514 66385 31877 31878 48028 71149 48200 47690 30862 46672 31883 47693 27466 29847 47018 30702 46853 47533 47874 45495 31897 46859 48389 47710 48390 47711 47203 47713 46865 29865 47715 46528 46868 47720 30721 29872 69482 47555 32087 47728 46199 47729 29880 46371 32092 47732 46883 45186 46888 47908 30739 46550 46720 46893 30743 46894 46554 47744 66784 49105 31425 46557 46899 30919 66620 47750 30752 46903 47753 47754 31265 30756 31269 46910 46400 46572 30932 48273 47763 46915 32125 46746
hp 36
t 47769 31279 31875 46580 47771 46666 47772 32219 30691 46587 27125 47695 46935 30786 46851 47787 31808 47790 46685 66321 47796 46863 66159 66754 47800 46866 46867 47802 47717 31312 47803 47718 47719 46877 48152 46878 46879 47817 46715 46801 47822 47143 47823 31333 47738 46378 45106 46552 45788 47234 46045 49020 46726 47662 47153 46559 47155 47837 30754 30925 48265 46567 46568 46909 46911 45126 46912 47847 47762 50143 48529 47764 47085 47767
hp 38
t 31873 31278 31109 31874 31876 45986 46582 46668 11139 30689 66220 30690 30776 47266 46586 47863 45313 31885 47610 69626 46848 46934 68952 68867 46767 31469 29855 31896 45071 46686 48051 46947 47716 46951 47804 31994 32250 46871 47721 48061 47553 45513 30808 29789 68975 30215 45177 47813 32003 47904 46374 45271 30913 66105 46811 46897 29982 45793 32024 46135 32027 32368 32029 47760 30762 30848 30763 48445
ap 9
hp 55
t 32042 32129 32469 32384 32130 47090 47685 32131 47091 32472 46924 32475 32390 46585 50411 30777 47097 46927 47100 32395 31715 32141 31122 32143 48378 46849 46764 30784 31295 47786 31126 32401 46937 32406 32237 32493 47793 46433 31815 46861 47881 46946 49666 31817 31477 47032 46948 31819 31988 32160 31991 31993 31484 32506 31232 47637 48148 49763 30978 46958 49849 32339 32510 46959 48574 31744 46875 48575 31235 46876 47724 47727 30728 47049 49684 46965 46881 46882 46884 48331 46377 49951 31166 46721 47747 31682 32449 32195 32450 32366 32115 48522 48439 48186 46913 47849 32464 30764 31870 31785 31786 30681 32467
hp 59
t 8417 8418 12158 11478 10714 29329 12244 8420 8422 9782 10887 10718 10207 11143 9784 8341 11147 16247 3667 9788 32653 10811 6051 11152 10217 3674 9709 11154 10135 11924 9290 10225 9631 12097 9547 8868 12099 11216 11930 11931 9891 9808 16183 9468 11933 9553 9726 32676 12276 11090 16190 11940 9817 9732 29367 11942 9562 11943 11180 9735 12116 9822 9737 3702 9568 16029 9655 9570 11950 11187 9657 10592 11189 11019 15694 11785 9830 11531 3626 12211 11872 11957 12808 11448 11193 9833 9323 11619 11874 11365 10600 9580 11197 9752 9582 9413 16383 11539 11199 10689 9840 11881 9416 9331 9586 9757 9926 9758 11544 8400 9590 12141 12056 9591 12142 33308 29144 10019 9510 11720 11551 8406 10022 11042 11130 32720 29491
ap 10
hp 95
t 27793 4845 5102 21423 44883 21257 7916 44296 44808 7920 44980 44726 5204 44559 8179 44900 4271 5206 4272 5122 5123 5125 44905 7677 5212 21108 7511 5131 5133 4369 44659 5134 5560 5135 4115 20776 42116 20186 5142 21293 20954 5229 44669 21295 20956 20790 5832 44848 5664 5241 20201 5242 20968 4480 5162 44688 7462 45032 21318 21492 5172 4493 21324 45041 21158 4499 20056 7899
ap 11
hp 149
t 24765 25206 32346 32336 32465
hp 153
t 26050 27412 48919 25289 1702 2597 27545 24784 26060 26018 32437 27423 9107 32400 1928 2312 2186 32533 32363 24758 27394 24760 2364 24846 24932 26336 27568 24679 2749 2748 1900 2240 8658 32457 25531 25232 9001 25109 25238 2588 27495
hp 157
t 20 63 2878 1615 1062 2794 1532 1851 2584 1607 1640 2832 1931
hp 155
t 2888 32128 26348 2889 1698 2890 2891 8671 24992 32303 8503 2556 1536 2726 1537 24997 1707 24998 1029 1540 1709 1710 1541 1542 2562 1712 2905 32485 9195 2907 1717 8688 25177 8857 2739 24839 32320 9031 25181 1892 25182 2914 48984 2916 24676 32326 2917 25018 29 8869 1560 2750 25191 1562 1732 1563 24685 36 2927 32337 25200 25032 1742 1573 32342 25033 25204 2086 25207 1581 1582 25212 25213 32358 1929 8730 9921 9074 25226 25228 1600 25401 25231 2963 48523 1946 1776 24896 2121 1782 1442 9942 24902 25074 24905 9096 9437 2978 1449 1790 25250 25421 2472 1453 25255 1455 2648 1799 25259 2140 2820 1631 2821 2314 9964 1635 8265 2826 2828 2660 2320 24590 24761 9121 2831 24762 25273 1814 25445 1305 2325 25447 2667 1477 2327 1308 1478 3009 1649 2670 3011 25792 1312 9133 2845 24946 1487 26308 1659 3019 24949 24948 8460 3021 32262 1492 24952 1323 2513 25295 2346 1666 32266 1667 2177 8640 3031 2863 2524 2696 8647 1849 2190 8651 2362 2704 25146 1517 3049 8660 28553 25153 9003 1696 2886 25157
ap 12
hp 134
t 38063
hp 350
t 37932 37614 37927 37606 37581 37411 36892
ap 13
hp 374
 8127
ap 14
hp 352
t 20403 15853 20331 14838 20359 14219 11653 15601 17544 16187 16180 17520 20406 15391
ap 15
hp 52
t 54270 34422 76328 53721 75652 69872 53256 76504 70045 72640 70133 74936 54028 77320 75664 69970 70480 76984 70229 76435 76351 77031 53317 9755 51447 72698 53999 54042 18427 70322 74869 77465 76361 29145 54815 53541 77343 70246 34461 51334 70119 54184
hp 50
t 74882 53637 53977 74931 53724 77654 74978 54536 54666 74896 32779 56579 53265 74897 53309 54456 75070 74944 34442 53525 53908 54291 54929 54122 54038 77498 56163 53657 53572 53955 70573 77331 33726 74017 53277 40229 53321 54724 77632 53323 54047 53749 53368 53964 53411 74325 54310 54269
hp 56
t 31704 31705 50407 29243 29414 32389 11142 29417 47862 31118 30609 31121 46422 47868 47698 11149 50418 30359 47870 50419 47700 46852 47703 46938 30535 47196 30282 31728 46860 31306 48393 32670 29952 28848 49674 46872 29787 30892 29957 46873 30723 30554 29959 30555 31915 47640 30640 31660 49765 49852 30642 28773 32598 48240 30050 30478 47648 29799 31328 29884 31244 30055 30906 31416 31165 30571 30061 31252 32613 32188 30063 31254 29979 47490 31002 47834 49704 46900 30750 31261 30751 31263 29988 31008 47502 47675 31271 50397 46914 31274 30765 28896 47681
ap 16
hp 89
t 21386 44039 21398 21388 44700 44713 28372 44714 21343 44651 44705 44451 44123
ap 17
hp 375
 65535
ap 18
hp 51
t 11983 10794 10283 10879 10797 29247 13353 16328 10208 36389 10805 10635 11146 36731 14122 52884 35885 52547 10729 52379 11920 10816 52807 52808 53063 10734 13539 10735 10821 9546 11246 52812 11078 52388 11164 29949 10876 9721 29951 10742 11167 52903 9555 36415 13551 52907 11002 3777 16188 11003 11258 52229 9729 10919 9984 10835 9985 10836 11176 53168 16279 10839 10160 13051 10843 29373 29204 12887 9828 29038 10933 36521 29299 11959 10856 29896 53017 11112 10857 10858 11198 10688 52679 10862 52597 52853 9588 10693 10866 11461 52602 10783 28378 9509 10869 51159 10701 36456 10956 51161 52861 28382 11043 36458 12916 11046 10877
hp 40
t 47088 30811 30726 47473 32045 46368 47135 47136 32431 48411 26823 50061 31456 30053 46926 47781 32057 47697 31123 47106 32018 32041 32019 30830 47192 47362 47491 47278 47534 32022 48513 27433 46898 30792 47835 9458 29985 31476 48562 30840 47500 30798 30755 47288 31266 49796 46908 47843 47375 30845 47463 47549 47081 30805 49717 47508 47806 49973 66592 47129
hp 63
t 53952 54335 52572 53794 54369 32789 53371 53806 54000 54011 53300 36110
ap 19
hp 376
 57078
ap 20
hp 139
t 28480 317 48 3575
ap 21
hp 377
 28607
ap 22
hp 378
 73702
ap 23
hp 379
 60664
ap 24
hp 58
t 53802 75180 69784 76715 75654 74294 74974 77359 53431 77062 56194 56242 53565 53523 70141 77155 75158 70955 76311 77631 53365 75252 69770 70493 74488 53366 76317 75000 74873 76913 54091 75130 74791 70031 53929 77644 53419
hp 42
t 19122 68422 75649 19124 75650 34170 53466 34427 53382 76502 74888 19043 69790 53470 76507 75404 53474 76340 18200 19135 18881 76171 19138 75665 76855 75835 18206 76431 19057 18888 70057 75838 69803 76350 70486 19146 76352 77458 75249 75080 75846 33433 53750 76871 34457 18224 76366 54096 76285 76457 76543 76291 53426 71192 69747 76378 53684 70856 77575 53266 17822 75794 76219 70525 17742 18253 74268 19103 70868 76309 76564 17420 75460 17745 76310 77588 18855 19110 17413 70029 35605 77085 18521 63572 76237 70117 33824 76579 17590 76325 34420 18952
hp 65
t 53058 52804 36422 36317 33874 12795 12370 11882 12478 10315 16245 31013 52901 36390 13462 14164 13994 13740 16547 11362 34035 12341 17038 53016 12875
ap 25
hp 97
t 21292 20613 21211 4211 21297 20960 21006 4984 21091 20625 5028 20796 44130 4521 21182 42900 44389 20632 5120 21440 20977 21444 4232 44310 44353 42271 4106 4278 44313 4108 4450 44274 21453 44234 44277 5097 4838 21329 44365 42878 5181
ap 26
hp 92
t 6882 61029 60689 16830 37230 60692 60948 18109 61204 39360 18110 61205 19216 18111 38087 37153 60868 19219 61209 37921 61041 37412 37159 61385 38012 19397 19228 36993 36910 61392 24162 61139 19234 18044 59355 19235 19405 19404 37000 19237 61143 39894 19409 37089 58510 39810 19241 18136 59362 61234 18140 58686 60726 61322 60557 36928 60558 37100 37016 61326 37697 59372 57759 61245 18067 61419 16711 18157 18752 23600 61259 18931 57946 61093 37464 37381 61098 60929 61103 37473 61274 23960 61021 19288 16655
ap 27
hp 60
t 56310 55630 55673 55801 54655 55804 55593 55595 13355 54582 13442 74812 54583 55179 54585 56073 56159 55225 74436 54766 74147 32923 34835 74447 54557 55280 54983 55580 55751 74794 55670 55586 55715
hp 39
t 55674 55037 55717 56015 75480 55677 74293 54616 54577 74212 55587 55602 55603 54626 54882 74391 74774 54587 54715 75157 74648 55735 54716 56290 74440 55570 74781 55486 74485 74826 54982 74449 56004 74112 55752 74282 56305 55582 55583 55754 53501 55584 55629 55035
hp 47
t 55588 54973 53359 74312 75120 74482 56315 55678 55636 56296 74784 55001 55405 54534 55640 74914 56301 55474 74238 56284 53500 53503 55605 74987 54736 54799
ap 28
hp 81
t 44028 26858 62218 44029 42839 43859 44539 43860 43520 42498 21418 44881 43862 42842 43864 62395 44884 43865 42846 43866 62397 43867 43529 44721 42681 42511 44382 42682 43532 43873 42853 44384 44046 43877 43537 44217 42858 43199 44223 42523 43884 43885 43546 44226 43887 43547 44228 42868 42869 44400 44231 44404 62084 42365 44236 44407 42536 44917 62088 42198 44239 44919 42200 44920 43901 44241 62092 43902 61922 43394 42884 44926 44079 43569 43061 44253 44254 41365 42895 42896 43407 44257 41708 42901 42221 42903 42223 42905 44096 43416 43078 44438 62459 44269 42909 43589 42910 44271 42912 43592 41383 42496 42914 43594 43595 44955 44276 42916 44450 42920 41051 27792 44963 42924 43775 42926 44286 44117 42587 42927 43607 43778 44119 43438 43609 43780 27800 43781 44291 27803 44294 42766 43616 44636 44297 43788 42597 44129 62319 43620 42940 44642 42602 42943 44134 42603 42944 43284 42945 44136 43285 42606 44306 44137 42947 42607 42948 44308 44139 44309 43969 42950 42952 44143 43973 44484 44144 44994 44145 43976 44147 43977 44490 43810 44150 42961 43812 44322 42962 43813 42963 44154 45002 43984 43135 44155 42965 43645 43986 44157 45006 43987 45008 43989 43821 44161 42971 43991 43992 43823 44163 43993 43313 43994 43314 43995 44166 26487 44168 43320 43153 44003 44174 44344 44345 27177 44347 44518 44009 44351 43842 45031 44692 42993 44013 44184 44354 43844 26844 44015 43845 42144 43504 42826 44017 42148 69178 42998 44698 44018 43849 26680 43851 44871 45040 42662 44363 43854 43343 42835 43005 43856 44026 43857 44707
hp 79
t 43179 23290 61202 43863 78034 78375 22785 22617 61378 58998 42680 57470 78721 41662 59002 22793 43875 22795 59007 62747 62577 58838 62750 22800 59351 42520 22801 59352 22802 22803 59354 22804 22975 61396 42696 22806 61398 22639 42700 58683 62594 22815 65316 59367 60728 23329 78410 78411 60052 79092 59373 42713 22656 60056 65496 61417 65157 78247 59038 22827 65497 65498 65159 22660 62610 78591 62611 65162 22832 42043 62613 22664 22833 22834 23514 62785 22835 41366 22836 23516 42047 23517 78258 22838 23519 23520 61431 22671 22840 23521 65512 23522 22673 62622 23523 41714 23524 23525 22845 42565 22846 60077 22677 59397 23526 22847 23527 78779 65007 22848 23529 23530 22681 65350 62631 22682 23532 41553 41554 62634 23535 22686 62806 23536 62638 42579 42412 62642 22693 59243 62644 42585 58736 62646 62647 42588 22699 77949 41570 59421 62650 42591 59082 59085 62655 59937 62830 22540 77960 41920 62831 57392 22542 43282 65516 41583 42604 22885 22887 22718 41588 22890 77970 65222 60292 78823 39726 41601 41602 59794 41604 41605 60305 41607 60307 22567 65238 41440 41441 60142 41442 41612 77992 41613 41444 59804 41614 41785 77994 41615 37026 41445 23256 41446 41788 41789 41619 59810 78851 22922 41453 41624 41455 59476 22586 44010 65261 23272 57443 59485 23276 62717 22938 62719 59833 23284 41646
hp 85
t 41648 22609 41649 41650 60011 22614 22784 60016 22786 60017 22788 22789 22960 22790 22961 60022 22962 22792 60023 64783 22624 22964 22794 60025 22965 59855 64615 42004 64956 22796 22967 22797 22628 78728 22798 22629 22799 22971 60031 22632 22972 22633 22974 64796 64798 59868 22808 22640 64800 64801 79081 23491 22642 64802 22643 64804 22645 64805 22646 64806 42026 64977 64808 64978 22649 64809 64810 63450 64980 41691 64640 64811 22652 64982 62604 22655 22658 22828 78759 64821 60064 64826 63466 78767 64827 63467 65510 63471 59223 22674 65514 22676 79286 22679 59229 59061 65521 65012 22684 64844 78445 22685 64845 57366 22687 59409 57712 57543 42074 22695 22696 22698 58398 22528 57719 64519 22869 59420 64522 41743 64523 22873 22704 64864 22534 22874 22706 64526 22876 22707 63424 22877 22708 22538 60449 22709 22711 22881 22712 78472 59262 41753 22882 22883 22884 22716 22717 41757 22547 22548 22719 22888 22549 58420 22889 57399 57400 22891 57402 22892 59104 65054 58935 22895 22556 60127 59107 22727 62676 57408 60298 22730 58942 65063 65064 65065 64896 41946 64897 23248 65068 65239 41780 60310 42630 65242 64904 42466 22576 58107 64907 42977 78340 41791 22581 64912 22923 41457 64918 22929 22591 22931 22933 41804 62544 59314 57444 22935 41298 60170 59320 23281 65101 22943 60174 57455 60347
ap 29
hp 48
t 26688 69358 66639 69020 69022 69363 45905 65965 69365 45737 69369 69201 66653 68864 68865 69375 27555 66655 69036 66317 30788 68868 46598 26709 62412 68704 27056 62416 26716 62417 62419 46782 45932 68883 69053 62424 68884 69054 26725 68885 68887 66168 66173 68897 45947 68898 69408 45269 69409 26741 68902 68904 62446 69247 68907 26748 68909 47999 69591 32023 69423 68914 69255 62455 30667 45973 68753 69094 45125 68925 66719 45980 45300 45981 69614 69616 66728 30688 69619 69109 66729 68940 27121 69281 45991 68942 62312 69113 66733 45144 66734 45826 69116 66569 67249 26790 68612 46004 62325 68616 66577 46007 62328 66579 68619 46010 66241 68111 62331 46012 26803 66243 62333 26633 47373 68794 68963 68965 43126 26976 69307 65907 68797 31908 26978 26809 68799 62340 46021 69313 26644 68635 68636 66598 45858 26821 66261 26651 42634 66265 47735 26826 66266 69327 26828 68989 41279 46891 69331 68655 69337 45197 69338 26668 69508 30580 69340 69341 66288 61699 46059 65950 69350 69351 69010 30761 66292 65953 69354 26684 69356 65957
ap 30
hp 62
t 52677 28772 53060 15088 13984 13283 53170 53703 28883 52683 53024 10375 52810 36321 53004 53025 50369 52984 29439 29779 52815 11230 13951 52691 16865 52735 53097 52674 36481 53078 15191
hp 64
t 13906 53633 13757 37777 70481 77502 54350 12530 53715 51568 55011 13796 53725 77283
ap 31
hp 46
t 47853 30856 69021 69618 67068 69620 47181 69621 30947 66223 45824 66565 69540 65886 69117 69372 66312 69545 45320 26793 49659 45920 69551 65896 67259 68875 66837 27057 68879 30800 68880 47121 66928 65910 47551 31911 69570 66426 68893 45094 66260 66091 66263 30988 47146 69416 67207 30658 69334 47235 66701 66617 30663 30837 30670 68921 30671 62291 30672 30758 47844 47845 65952 67231 30001
ap 32
hp 380
 39865
ap 33
hp 381
 20398
ap 34
hp 382
 52475
ap 35
hp 112
t 76416 76417 76418 75400 75401 75402 75403 80588 75659 75234 75408 76258 75409 76599 77791 75241 75412 75242 77113 76433 76603 76604 76436 76438 76439 75079 75420 75421 71256 77801 75166 75422 76443 75423 75168 76444 75169 75171 75431 75432 75433 75434 75183 75184 75442 75444 77740 76635 75446 76471 75453 76728 75454 75455 76561 77157 76563 75376 76227 75378 77164 74787 75382 75467 56258 75470 75385 75387 74367 76664
hp 277
t 22651 64599 65153 41183 77989 78712 65241 42717 41443 41786 41787 42723 77956 64911 77959 65253 59517 65256 78133 41542 65258 22843 41417 42522 65218 65262 65264 59611 65265 41381 42699 42572 65227 65100 65271 65272 78787 65102 41686 77939 42750 65233 65276 22691 42624
hp 249
t 67998 61878 64258 61539 64259 61540 61541 68001 61542 68003 61883 64263 61544 61884 68005 61545 61885 61547 68687 61551 61897 64281 64283 63945 64286 63617 64299 67361 67363 67364 67365 64306 63627 64307 62948 68729 68731 68734 63640 62963 61606 64331 63992 61616 64337 67401 61622 67064 61625 61626 61627 62987 68769 62990 68771 61633 61634 62994 61636 68096 62997 61638 68099 68100 63000 67421 68102 61643 68105 68106 63006 64366 68107 63007 61648 61649 63009 61650 63010 63011 68112 68113 68114 61655 68115 67435 68116 63015 68117 68119 63019 68120 61660 68121 67441 68122 67442 68123 68124 67444 63024 68125 63025 68126 61666 63026 68127 64386 68807 63027 68808 63028 68809 63029 61670 61537 64390 63030 68811 63033 64393 68813 63034 64395 61676 67456 61677 68137 64397 68817 64398 68818 67458 64399 68819 67459 67460 63040 64400 67461 61682 68142 67462 67463 68144 68145 67465 63045 68146 67466 68147 61687 63047 68148 61688 67468 68149 68828 67469 68150 68830 63050 61691 68151 67470 68152 67471 64411 68153 61693 63052 68154 63053 67473 68155 63054 64415 67476 63056 68157 67478 68159 67479 61700 67480 67481 67482 67483 61707 61708 61709 61711 63071 68851 63073 68853 61716 67500 63761 68861 68182 61723 68863 62064 68185 67506 63767 68192 63775 67516 63781 66841 66842 66845 64465 68206 66846 64470 67535 67536 61762 61765 64492 64493 61777 61440 61780 67560 61441 67561 61442 63822 61444 61445 61448 61449 61450 61790 61451 61453 61455 61457 61458 61459 61460 61461 61462 61463 61465 61466 61468 61469 61470 61471 61472 62495 61479 61819 61480 61481 61482 62505 61485 63186 61828 61488 63188 61489 63189 63190 61491 62171 63191 61492 62852 63194 62854 62855 61496 63196 61837 62517 62857 63197 62177 63198 61499 62519 67959 62858 63199 62859 62521 61841 62860 62522 63200 63201 61503 62523 62861 62524 68304 62862 62863 63204 62185 63206 63207 63208 63209 63210 62872 63212 63213 61854 63214 62875 61516 63216 63217 63218 63219 63220 63221 63222 68323 63223 61864 63225 63226 63227 63228 63229 63230 63231 61872 61873 61875 61536 61877
hp 119
t 75021 77188 77551 77159 54263 75683 76801 76812 75112 77004 77166 75063
hp 78
t 62911 44892 42513 62574 42530 44912 62595 41517 42539 65319 42541 42542 65322 22824 65324 44924 22825 22826 64988 22829 22831 62612 41194 41536 62616 62617 41540 42560 41541 42562 41543 41544 42564 41545 41546 65346 42566 41547 42567 41548 41551 42571 41552 23533 41555 42575 65355 41556 41557 23537 23538 42578 23539 41560 42580 41563 42583 42590 22872 42593 62654 41575 41579 42599 41581 41582 42609 42611 42612 41594 22894 42615 41596 41597 41598 41599 41600 42620 42622 41603 42623 41610 65072 44339 42985 41293 41634 41635 45035 41295 41636 41296 41299 41300 45383 41303 44024 41305 62726 41647 40968 41308 62729 41990 41651 41311 41992 62732 41315 41995 42675 42677 41659 42000 42001 42002 41322 42003 41665 41666 42006 41667 42007 41668 42688 41669 41670 41330 41671 61731 41331 41672 42691 41332 41673 42692 41333 41674 42693 41334 41675 42015 42695 41676 62755 41336 41677 41335 41337 41338 41678 42697 41679 42698 41339 41680 41681 42701 62762 41683 41343 42024 41685 41345 41687 41688 42368 41689 42369 42710 41692 42372 42032 65154 42374 42375 42715 41696 42378 41699 65500 41360 42382 41702 65502 41703 41362 41704 62784 42045 41706 41026 42046 22669 61770 41712 42392 42393 42733 41034 42734 41715 42395 41376 41716 41036 41717 41377 42397 41378 65517 41379 41719 41039 41380 41722 41382 41723 41724 41725 42746 41726 41727 41387 41388 41390 63150 41391 42413 23376 42420 22703 62824 41404 41746 43789 43790 41751 42775 41416 57738 41420 41421 41762 43803 41765 43125 41426 41089 41090 41771 41092 41093 41094 41434 41775 42455 41776 41777 42117 41098 41778 41099 41783 41784 44845 41447 57427 41449 43490 41451 41452 41454 41456 41797 41798 41458 41461 42146 41467 41475 42497
hp 200
t 14421 14403
hp 247
t 33488 15298 33489 18358 34679 34171 33831 33491 33832 34173 33833 33493 33835 34175 33836 33326 33497 33837 33838 33498 33840 33841 34184 33845 17695 14636 32828 15319 18210 35380 15323 33855 34196 17876 17709 33861 33522 33523 71263 34204 33185 17715 15336 14659 34720 33871 34040 17213 34214 17215 33535 14665 34216 33196 33368 18240 34732 15354 15355 33376 6687 18248 34058 34060 17741 34232 18425 18426 33897 33900 17750 33901 33222 14694 18266 18269 33230 34084 33405 18280 34262 6723 34773 34095 14376 10469 34271 34101 18292 14723 34105 34785 18298 17110 34112 33432 15073 34116 14396 14397 15077 34800 18312 19674 33444 18996 34126 34809 14750 34131 6763 33793 19007 33800 33463 33804 33805 34147 14768 35681 34152 33813 33815 14436 33818 33819 14781 33481 33823 14616 34166
hp 319
t 33235 33151 32805 33238 14368 14369 33240 33070 33241 33242 34349 14545 32807 33248 33250 33421 33253 17698 14469 33254 17699 33170 14725 18211 14727 17702 14728 14647 14733 33519 18219 15075 15330 17031 33182 14739 32845 14740 33441 17123 15087 14749 33280 17045 33708 19004 14754 34305 33455 33202 14757 34477 14759 34056 33717 34057 34314 18250 35677 18254 14684 33555 14430 14685 33217 17747 33218 33474 32794 34240 33902 17157 17328 35688 32800 32801 14696 33227 18352 14442 33398 14698 17078 33144 33485 34337 33487
hp 248
t 61538 63238 63239 63240 63241 64261 63242 63923 63243 63244 63247 63248 64268 63929 63249 63250 68011 63251 63252 63253 63254 63255 63936 63256 63257 63938 63258 63259 63940 63260 63941 63262 63943 63263 63264 63946 63266 63267 63948 63268 63269 63950 63270 63951 63271 63272 62932 63273 63954 63274 63956 63276 64296 63277 63958 63278 63279 63959 63960 63280 67360 63281 63282 62942 63283 63964 62944 63284 64305 63285 63286 63287 62947 68727 63969 64309 63970 62950 64310 63971 68730 63291 63972 62952 63973 62953 63293 63974 62954 64315 63295 62955 61598 63298 63299 63980 64320 62960 63981 62961 63982 64323 63303 63995 63996 64336 63997 62977 62978 67398 62979 62980 63320 63322 61624 63332 64357 63338 63339 63340 63342 63343 64375 61656 63016 64384 64385 64387 64388 64389 68810 63031 64391 64394 63036 64396 63037 61681 61690 61692 63055 67475 61701 63065 68845 63066 63067 68167 68848 63068 63069 68849 68850 64096 63416 63076 63079 63082 63085 63086 63087 64448 63772 64112 63774 64456 63777 64457 64118 64459 63782 63784 64464 63785 63791 64472 64133 64474 64135 64475 64141 63802 64143 64144 64145 64146 64147 64148 64149 64150 64151 63812 64152 64153 64154 64494 64155 64156 63817 64157 64158 64159 63819 64161 64162 64163 63824 64164 63825 64165 64166 61446 64167 63827 64168 64169 64170 63832 64172 63833 64173 64174 64178 64180 63840 63500 63502 63843 62144 64188 64189 64190 64191 63515 61477 61478 63860 63863 61483 63864 63867 63868 63869 61490 67972 68320 63901 63224 68328 63910 63912 63232 62892 63913 63233 63234 63915 63236 63237
hp 315
t 14533 14448 33233 33234 14704 14535 33236 33237 33578 14453 14540 14372 33243 14458 33584 33244 14714 33585 33586 33587 17182 33247 33588 14463 15313 17693 14633 33589 14465 33079 33590 14466 33591 14552 14468 33255 14470 33595 33256 14471 33171 14557 33258 33598 33683 33599 33259 14389 14475 15325 18132 14479 33774 33265 14480 16861 33693 33702 33536 14498 14668 14499 34048 14502 33712 33543 14503 15353 33546 32953 33548 14763 33549 32955 33550 17400 33551 14511 33552 33553 33468 14428 33554 18424 33725 33556 33557 33558 32878 33048 33220 16390 33051 33563 33139 33565 33651 33567 14529 14444 14532
hp 317
t 61729 68766 62095 62286 61925 62329 61779 61758 62225 61907 62440 62504 62441 61697 68710 62229 61720 61763 61806 43149 43128 62253 68630 61702 61703 68674 68653 61747 61748 61621 62408
hp 329
t 69018 62389 62390 62391 62392 69362 43099 45394 62396 62226 66817 69622 69368 43019 68688 68774 62314 26701 69371 62231 26789 61724 68950 26705 69120 68951 68866 26877 69038 68699 62326 43881 69212 43117 61818 66833 68873 62414 66664 26630 69045 69130 68878 68624 68627 43212 61743 68798 26894 68631 69312 69142 43133 68634 68722 45944 69321 62436 26822 43227 68645 26655 66691 68649 69330 62445 44001 62447 68737 26750 44005 69336 26665 44006 43074 43075 43076 69342 67557 69598 68919 68750 62377 68752 66712 45972 62209 68672 43089 69357 69612
hp 115
t 74097 80919 74459 74162 74588 73740 55443 55594 55445 80925 74073 80926 74169 81437 74148 80907 74149 55408 74150 74172 74151 74173 55389 74153 55560 80912 74156 74370 74625
hp 257
t 65618 71738 72418 67999 72419 72079 71742 72422 68006 68007 67328 68009 72429 68010 72430 72431 68012 72432 68013 66994 72435 67335 68017 72437 68357 68018 63598 68359 68020 68360 68361 68022 67342 68023 68024 68364 68027 68028 67008 68029 68369 68030 68370 68031 67011 68371 68032 67352 68033 67014 68034 72114 68035 65655 63616 67017 63620 68382 63963 63623 68383 67024 67025 63626 68047 67028 63628 63629 72131 67032 72132 67033 67374 68055 67375 68056 63636 68057 68058 67038 63638 68059 67039 72138 68060 68400 67721 67041 68401 63642 67043 68403 67383 68064 68404 67384 68065 67385 72145 68066 67726 68405 68067 68406 68407 68068 67728 68408 67729 68069 67049 68070 67730 68409 67731 68410 68411 67052 67732 68412 68073 68413 68074 67734 68414 68075 63655 68415 68076 68077 67057 63658 68078 68079 67399 67740 64340 63662 67402 67403 67065 67748 67069 62989 64349 67070 67411 67412 67754 67414 64356 68097 68098 67420 63001 67082 68104 67764 67767 67087 67768 67089 67769 68449 68110 68451 67772 67092 67773 67436 68118 67439 63020 64382 63022 67443 63032 67452 68812 67457 63043 67124 63044 67806 67807 67467 64409 63051 67472 67815 67136 68156 68158 65781 72242 67484 67486 67487 65788 63749 67150 63072 67154 63757 68178 67498 68180 68183 63763 68184 67504 67505 68186 63766 67847 68187 68188 67168 68189 68190 71930 67510 68191 67851 71932 63773 68193 67853 68194 71935 67515 68196 66836 68197 67517 68198 67518 68199 63779 67519 68200 66839 66840 68201 72416 68203 63783 68204 68205 68207 67187 68547 68208 67188 66847 68209 68210 63790 67190 68211 68212 63793 68214 63794 63795 68219 63800 64480 68223 63803 68224 63804 68225 63805 67205 68226 68227 68228 67208 68568 67209 68229 63810 72311 67212 68232 68234 68235 67215 64495 67216 68236 68237 68238 67219 68239 68240 67221 68241 68242 68243 63823 68244 67224 67564 68245 67225 68246 63826 68247 68248 68249 66889 68250 66890 68251 63152 68253 72333 68254 68255 68256 67236 68257 68260 67580 68261 68262 67242 68263 68264 68265 67245 68266 68267 67247 68268 68269 68270 67590 68271 68272 67932 67592 68273 67934 68274 67594 68275 67935 68276 67936 68277 67937 68278 67939 71679 68281 67262 67942 68283 67944 66924 68285 67945 66925 67946 68286 72365 68287 67947 66926 66927 67952 67612 68293 67953 67613 68295 67955 71695 72375 67960 66940 67961 66942 67963 72043 71710 72390 67973 67634 67976 67977 71717 67978 63560 72400 72401 68322 71722 72743 68324 67984 72744 68325 67985 68326 72066 68327 67987 65607 67988 72068 68329 68330 72750 72410 67991 72411 72072 72752 72414 65614 68335 67996 67997
hp 273
t 72014 68508 71675 76499 71592 72655 71572 72911 71509 71575 67346 72149 76167 75658 71493 75660 76510 71538 72155 71582 71497 72053 71671 72797 72139 71673
hp 318
t 63408 79389 78539 77860 78025 79392 78075 78585 78033 78076 77948 79861 78418 78036 77824 77866 79609 78887 78590 63334 78422 79401 78891 77830 79614 78850 78935 78553 64104 78257 78895 79575 79407 78260 77836 64746 77922 78220 63389 60329 78349 78945 79456 77841 78185 79587 78270 80781 78062 78829 79213 78194 78874 78875 78237 78027
hp 298
t 42668 42669 42670 42671 42672 42673 62393 27883 42674 42676 42678 43868 42679 42852 42683 42684 42685 42686 42687 42347 40989 42012 40993 42013 40996 43886 42190 43890 42533 43724 42705 41350 42885 42036 42546 44255 44258 41029 41030 43752 44264 42736 41210 44273 42744 42574 42066 43768 43598 43599 43092 43093 43776 42076 42077 43777 43097 42078 43779 42589 43782 43783 43784 42594 43785 43786 43787 42767 42427 42598 42601 42433 42434 42435 42605 43116 42097 42778 43968 43800 43515 42101 43801 42102 42953 42104 43634 42105 42955 43130 42960 43811 42111 42453 43814 43815 42625 42456 42626 42457 42627 42967 42459 42629 43822 42635 42640 27171 42641 42642 42643 42474 42644 42645 42476 42646 42477 42647 42478 42648 42649 43840 42650 43841 42651 42652 43843 42653 43505 42145 42655 43846 42147 43847 43848 43509 43339 43511 42661 42663 43344 43855 43006 42667
hp 338
t 52953 52955 52654 52620 52960 52621 52068 52962 52623 52410 36430 53219 52242 52285 51180 36432 52966 50629 52244 52967 52414 52245 52585 52968 51140 52928 36523 52931 52974 36272 36570 52805 52934 52382 52341 52936 52270 52937 52980 52768 52939 52811 52983 52644 52985 52560 52603 52986 52944 52987 52945 52946 52989 52393 52947 52990 36585 52949 52609 52312 52950 52951 52398
hp 328
t 34083 33830 34259 33154 34260 34090 34261 34093 15139 34096 17011 33842 18202 34097 18203 34608 34780 34781 33592 34187 17102 17017 10474 18975 34531 33852 17107 33854 33514 17449 14732 17115 6746 18222 34799 33526 34633 35993 15338 33529 34636 15341 33448 34811 36087 33283 34645 33795 14336 17907 33972 17909 18335 33975 33380 34571 17060 34062 34233 6694 33809 33469 33895 33216 33983 33814 34074 34160 14695 18181 34076 33396 34162 19032 18182 34081
hp 294
t 79388 79390 79394 79396 79398 79400 80765 79406 80766 80767 79408 78049 79409 80770 64113 79414 79415 78055 79416 78056 78057 79417 78058 79419 80780 78060 79421 80782 78064 78065 78066 79426 79428 80789 78070 79430 80791 79432 78073 78074 80794 80796 80797 80798 79439 80799 79611 79443 79444 79446 80807 80808 80809 80810 79451 80641 79453 79454 79455 80818 80819 79462 80654 80830 80746 79473 79474 80154 79475 80837 80838 80839 80841 80163 80845 80168 80850 79320 80853 80173 80683 80854 80855 80860 64030 80861 80863 79509 80870 63360 80872 80873 80704 80875 65235 80705 79517 80707 80708 79519 80879 80709 80881 63371 80882 64051 63372 80883 63374 80375 64736 80717 64738 80718 80719 79530 63380 79360 63381 64232 64742 80724 80728 80729 64240 64070 80730 80731 80732 79372 80733 80735 64246 80736 80737 64248 80738 80739 79550 79380 79551 64251 79383 80744 80745 79386 64087
hp 279
t 43730 62388 62091 43562 61796 43011 62268 61759 61929 61888 43571 61721 61722 61934 62105 61893 62404 62532 61894 42897 61895 43876 43112 62364 43580 61898 43624 43539 61773 61900 62369 43542 44011 43586 43545 44014 62247 62080 61910 62081 43593 43551 61912 62083 43893 43342 62085 43258 61789 43516 62089
hp 283
t 34423 34169 33404 34510 34425 34511 34426 34341 33406 33495 33155 32816 33496 33156 32817 34603 34433 34605 32820 33415 34181 34182 34183 33249 33844 33504 33846 33166 34526 33507 18293 33848 34188 33849 34189 33510 33850 34276 33851 34191 14386 33513 33853 71339 33515 33091 14648 34454 15329 34285 34541 15331 34542 14737 40492 34203 34289 34290 34206 32846 34207 36077 34209 34464 34210 34465 34211 34297 34467 34638 34127 34470 33025 34557 14413 34219 33454 34389 34251 32777 14675 18246 34055 32952 33377 34059 34230 14510 33381 33722 33979 34149 33810 34236 33811 33472 33727 33473 33475 33816 51327 33477 34072 35603 33817 32798 34246 33821 34416 34247 18267 34417 33483 14783 32976 33231 33401 34167
hp 331
t 69443 66978 66724 69275 66215 66216 69532 68930 69108 66730 66645 68941 66731 45311 66647 68931 66648 66651 66737 66652 45488 69373 66230 66231 66742 66148 66235 69296 66236 68958 66753 68964 69391 66164 46019 66165 69395 68886 66167 66933 66170 66171 66599 69404 66601 66092 66773 65584 66605 66180 66606 65927 66777 68988 67289 67290 68906 66781 69335 45365 45196 66191 69081 68915 66199 69429 69517 66629 66204 66716 69436 66802 66717 66293 66294 69270 66636 66891
hp 306
t 81428 81429 81430 81431 81433 81435 81436 81438 58318 81439 81609 74640 81610 74641 81611 55432 74646 55440 55441 55613 81623 74143 55444 74144 74145 81456 81457 81458 55454 74155 73986 55455 73988 73989 73990 74160 74161 74163 55464 74164 81475 74165 73825 74166 73997 81306 73827 73998 74167 74168 73999 74170 74171 55473 74685 74686 55476 81319 74183 74694 74697 81327 74699 74701 74703 58232 81527 74048 74049 74050 74052 74576 58257 74068 74577 74069 74579 74750 74071 74072 74074 73735 74076 74077 74078 55378 74079 74080 55380 74081 73741 74082 73742 73912 73743 74083 55382 74084 58273 58274 74085 58275 74086 73915 74087 73917 74088 74089 74090 55390 74091 55391 74092 74432 74093 74094 74095 74096 74098 81408 74099 81409 74100 55569 74101 81411 74102 81412 81413 74104 81414 74105 81415 74107 81417 74108 55409 81419 55410 81420 55411 55412 74622 81422 74624 81424 81426 74627
hp 165
t 48268 48409
hp 169
t 49808 30980 49682 49853 29793 49811 31726 30729 31727 49855 50408 31074 30989 31713 49847 49800 31016 49845 49633 49719 31020
hp 106
t 74460 74461 74972 74462 75482 74463 74795 74464 74380 74976 75146 74807 75148 77700 74980 75150 74472 74473 74984 74813 74474 74814 74223 75498 74990 74480 74481 75332 74287 75333 74483 75334 75335 74146 75337 74487 75338 73807 75509 75340 75511 74152 74154 74327 74242 74157 75519 74253 74177 74434 74351 74437 74947 74182 74438 74439 74270 74951 74186 74782 74103 74444 74445 74785 74955 74106 74362 74280 74792 74793 74454 74455 74285 74200 74371 75307
hp 80
t 59498 59500 64941 78373 61203 41656 78037 60019 59004 59516 22627 59519 23650 78392 22805 22807 78059 78400 23321 22811 23322 22812 59363 22813 22814 58514 78407 39137 78069 22820 23332 78753 78415 23508 79099 23340 23341 79101 60062 59892 60068 59728 23518 22670 58881 22842 60074 60075 57525 59226 58548 78439 58719 63310 78781 59741 23531 65522 60084 22688 41559 78790 78110 41561 41562 43096 59588 41572 59083 41573 78805 64525 22875 60108 78128 59938 60109 59768 78129 22710 78811 59943 78815 77965 77966 78138 65219 63349 60121 60293 60295 58936 77978 41769 41429 60299 65059 77979 78831 65236 59797 77987 57588 41779 65240 41611 58271 41782 65071 64902 59802 58953 65243 59805 59806 43996 59976 22916 78337 59807 65247 64910 65250 58791 59813 59474 64915 64916 65088 64920 64583 78015 78016 65267 64927 59828 60338 59830 59491 60341 59832 58642 65273 60344 60006 59327
hp 266
t 67213 65966 67185 66763 67250 67167 67263 68230 67433 68231
hp 321
t 79814 81898 78413 78923 78245 78925 59844 78544 78588 78886 78589 78420 78250 78548 78208 58319 78848 78253 81017 78552 78255 59684 60067 60322 78555 78854 81747 79282 78985 79240 79071 79114 81536 78860 79838 78988 79245 59486 78993 81545 81588 78995 79293 79082 78912 78573 78235 78364 80999 81340
hp 330
t 30810 66553 65873 65874 66554 65917 65875 65918 66040 65919 65876 66467 65538 65878 47139 66519 65883 66181 50116 65671 47142 50119 65718 66017 73287 66190 65895 30835 73462 73250 65872 65643 73294 65857 65900 65941 73251 47246 66031 65948 65906 48099 65908 65695 65909 66504 65824 65867 65825 65826 66549 47169 65827 65870 66508 65871 66509 66552 66551
hp 246
t 50149 68213 66853 61800 67495 67496 68816 66819 61805 68606 61467 63083 66867 62193 61726 67081 68101 67507 67422 67423 68486 68233 67425 67513 67429 68280 68195 68452 68496 68071 50136 67477 61740 61742 67394 68457 68331 67524 63786 61706
hp 258
t 72928 72248 72929 72930 72760 72932 72933 49303 72936 49306 70897 72938 73108 72939 70729 65969 72769 72940 72771 72772 65632 67165 73115 72947 65637 65638 68529 73119 68530 67170 72950 67171 68532 68534 73464 68535 68365 71596 67176 49325 68537 72957 65647 73298 49327 73302 68543 65653 72793 73136 73138 72970 66510 73311 73142 65663 67199 71621 65674 65676 65848 73330 73331 67217 67218 71298 67220 67222 71643 67223 71645 73346 65696 65697 73348 70797 70969 73351 73014 71656 73186 73357 73187 73358 73527 73528 73359 67239 73529 73360 73530 65710 73532 67244 65715 65716 73367 71330 67080 67251 67252 73372 73373 70823 73374 67084 68445 67256 67086 65731 73384 73554 73385 73386 68459 67099 67100 72711 65575 73396 73566 73061 73062 65754 73066 73067 66608 65760 65761 65762 72733 73584 67125 65766 67126 67127 68487 65767 68488 65768 67129 68489 67130 68490 65771 67131 65773 65774 68494 71554 65775 72746 68495 71556 72918 68498 71558 71559 72749 72751 72922 73093 71563 49294 73094 71564 71565 72926 65617
hp 295
t 63496 63880 63583 63882 76590 63504 80036 80037 63505 63888 63506 63889 80038 63507 63890 64187 63508 63891 63551 63509 63892 80041 63510 63893 63511 63894 63895 63896 63514 80047 63516 80092 76183 79966 63519 76609 63903 63917 63521 64074 63523 63524 63736 63525 76105 63908 63526 63527 63528 63530 63531 63532 80109 75987
hp 226
t 78368 79558 60349 78369 78370 78371 77862 78195 79054 57465 78885 79056 78546 79057 78547 81778 78888 77868 78209 78549 78889 78550 77869 78890 78551 79570 77871 78892 79063 79572 78213 79404 78894 79236 78556 81787 78557 79577 78048 78558 78559 79070 78900 79241 78901 79582 81793 77882 78902 81794 78394 79244 78904 79076 79246 78228 79248 79079 59869 78230 78570 78231 78913 78404 78234 78915 78406 78576 78916 78577 78408 78068 78578 78409 79429 79259 77898 79599 78580 78920 79090 78581 79261 78412 78582 79602 78922 78583 78414 79094 78584 79095 78924 78586 78246 78417 78587 79097 79098 79268 78248 78928 78251 78252 78423 81312 78933 79103 78425 57516 78256 78427 78936 78937 79278 81829 78259 81830 59050 78940 78941 78262 78944 78265 78266 78946 78267 81838 79118 78268 81839 78269 79290 78951 79291 79292 78444 78954 79465 78446 78956 78957 81678 78958 78959 78961 78963 79817 79818 78969 78971 78972 81863 81014 78974 79486 78976 81868 79091 81026 81366 78996 60297 79060 60301 79002 81725 79006 79007 81053 78164 81734 81054 77826 79868 81058 79018 77829 79019 77831 78341 78852 79362 78853 77833 78174 78175 77835 78857 60327 78858 78859 77840 79201 78862 78182 79032 79203 78863 78184 77846 77849 79209 77850 79040 79041 79042 78873 79553 79043 81763 60343 79554 78534 79044 78876 79046
hp 264
t 71908 76498 71909 72249 71910 76500 71911 71571 76501 71912 71913 71573 71743 71914 76503 72423 71915 76505 75996 71916 71745 71917 75997 75826 75998 71918 76506 75999 71919 76508 76000 71920 71921 76511 72262 71923 72094 76005 76515 76006 71926 68016 71927 76007 71757 76008 76009 67169 71759 76010 68019 75839 76011 72782 76354 75844 71936 76016 68026 76017 75847 76018 76528 76019 72279 76529 76020 71940 76530 76021 71941 80102 76022 75852 76023 72283 75853 76025 68545 75855 76026 68546 71776 76027 72286 71777 76028 71948 76538 71607 72287 76539 72288 76031 71951 68381 76541 72292 71782 72294 71784 72295 71785 72297 68557 72298 68559 67370 71961 67371 80122 71962 71963 72305 67035 72475 67376 68396 63637 71968 68398 71969 72309 71970 71971 72481 71972 72482 71973 72483 71974 72144 71975 72484 72147 71980 72150 71982 72493 71985 71815 72328 65698 72672 71822 71993 71823 67743 71824 67744 71996 71826 68427 67749 72343 72513 71494 72516 67927 71499 72351 71844 72355 72525 72696 72356 72526 72527 72020 71510 71681 72195 67776 67777 72028 72537 72198 72029 67779 72199 72201 72202 72034 72374 71865 72036 71866 72037 72038 71698 72039 71700 71701 72042 72383 72214 67626 72216 72558 72218 72729 72050 72052 71716 75797 71547 71719 71889 76480 72060 72062 71892 72232 65604 75805 71895 75806 75808 71728 71898 71900 75811 69691 71901 76321 71731 71902 75813 65783 76323 75814 68504 71905 71906 65787
hp 172
t 32658 32617 32660 8394 32661 32640 8396 32642 32645 32667 32646 32605 32689 32692 32671 32374 32614 32616
hp 176
t 46408 47089 46409 46410 46750 46411 46751 46752 46413 46583 46754 46415 48285 46416 48286 46417 46588 46928 46760 46421 46423 47103 48293 47784 48295 46426 46427 46099 46745 46444 46785 47807 46787 46790 48492 46453 46747 46454 46796 46966 46457 46797 46798 46458 48498 46460 46970 46461 46462 46467 46490 46496 46497 46500 46501 46502 46504 46509 48384 48386 46857 48387 48388 48392 47712 46353 48226 46869 46359 46870 46530 48400 47723 46534 46364 46535 46704 46366 46367 46707 47048 46709 46540 46710 46370 47050 46542 47052 46372 46373 46713 46714 46375 48415 46376 46208 47058 46889 46379 46380 47062 46722 46383 46724 46384 46215 46385 46406 46219 46389 46220 46407 47070 46391 47752 48263 48433 47073 46394 46735 48435 48266 46397 46738 47078 46399 46401 48442 46402 46234 46574 46404 48444 46405 46576 47086 48447
hp 109
t 79218 79219 79220 78880 79221 77861 79222 79563 79223 79224 79564 79735 79565 79225 79226 79566 79737 79227 79567 79738 79228 79229 79569 79230 79231 79571 79573 79574 81786 79592 81803 78236 79263 79264 79265 79266 79267 79270 79216 79271 79272 79273 79275 79106 79617 79108 79109 79619 79450 79280 79111 79622 79624 79116 79117 79627 80988 79119 78950 80990 80991 79632 79633 78953 79634 79635 78955 79636 79297 79808 79638 79809 81000 79811 81001 79812 79642 79133 79134 79304 79816 78966 79647 79308 79479 81008 79309 79480 81009 79310 79481 79141 81011 79482 79823 79824 79314 79315 79826 79658 79829 81019 81870 78979 79830 79831 79832 79833 79834 81024 79835 79155 81025 79665 79836 81027 79668 79839 79840 78992 81032 81033 79673 79844 78994 81204 79845 81715 81035 79846 79847 79677 79848 79338 79678 79849 79679 79850 81040 79851 79852 79853 79003 79854 79855 81045 79176 81046 79177 81047 79178 79858 79348 80539 81048 79349 79520 79688 79350 79521 81050 79351 79522 81051 79012 79523 79692 79863 79184 79525 79185 81055 81395 79865 79356 79527 79186 79357 81057 79187 79358 79867 79188 79699 79189 79871 79191 81061 79021 79194 79024 81065 79025 79196 79026 79197 81067 79198 79028 79199 79029 79030 78861 81070 79031 79202 81072 81753 81073 79033 79034 79204 79205 79035 81075 79207 79038 79039 79210 79211 79381 79552 79212 80574 79215 79556 79217
hp 332
t 69442 66723 69444 69019 69359 69530 66640 66725 68936 66641 66726 68937 66727 68938 66643 68939 69015 66732 69112 68944 69016 69454 68945 68946 69031 69032 68948 69033 68949 69017 69034 66654 66740 69035 68953 68954 69549 68955 69550 68956 68957 68959 69044 68960 69046 68962 67007 66073 68796 66673 66675 66635 66762 68973 66678 68974 66679 66680 66766 66681 68892 68977 66682 68978 66683 69574 68979 68980 66685 66686 66602 66772 66604 66775 69410 69581 69496 69411 66776 66097 69412 69583 69073 69584 68990 66950 68991 66952 66782 69417 68995 66787 66794 66709 66625 66710 62461 66711 66713 66714 66630 66631 69012 66632 69013 66634 69099 66125 66720 66721
hp 105
t 80068 75989 80070 75990 75820 80071 75821 75822 75993 75823 75994 76163 76166 80077 76168 80079 76169 80249 76002 63935 76176 75837 76177 80089 76179 80599 80090 75840 80091 75841 76012 76182 75842 80263 75843 76014 76184 75675 76185 80096 76186 76187 75848 75849 75850 80101 75851 80614 80105 80106 75856 75857 80108 75858 80278 75859 76030 75860 75861 75862 80623 75863 76204 75864 75865 76205 75866 76206 75867 75871 80295 76049 76222 76223 80305 75885 75886 75887 75890 76230 75892 75893 75894 79467 75901 75902 75903 79989 80161 79992 80503 80675 80172 75986 64535 63517 75595 63529 80065 63873 80194 80025 75776 80026 75777 80198 75778 75779 80201 75782 63883 80033 75784 80034 80035 80376 75787 80039 63550 75792 80042 75793 63553 80214 75795 63555 80045 75798 75799 75800 75801 76481 63731 75802 76482 80051 76483 75803 63563 75804 63734 75976 75977 63569 75979 75810 80743 75984 75985 80066
hp 224
t 74288 54910 74376 74291 55592 74292 54914 74295 77695 75485 54918 56193 74300 56195 74301 74302 74303 55009 53480 56286 54928 74309 56204 74311 54678 74313 56293 74314 54934 56294 74315 56295 74316 74486 56297 74317 56299 74319 74489 74320 74321 74491 56302 74323 56303 74493 56304 74494 74240 74495 74326 81466 54946 56307 55626 74241 56308 74328 74243 56309 74329 74244 74330 74245 74331 56228 74248 54868 54784 54785 74251 74762 74424 54790 74256 55642 74258 54793 54964 54879 54794 54965 56239 74260 74261 54796 74262 74433 74263 56074 74349 74264 74350 74265 74266 74946 54972 74267 56247 74269 56249 56250 74441 56251 74272 54811 54897 74448 54898 54900 74451 74366 74453 54903 77685 74286
hp 289
t 36122 70891 49387 52121 50679 51615 51956 51959 70235 51963 52048 70068 51967 52137 70328 70243 52138 70329 36584 51631 69651 70161 35396 51972 70162 36592 36593 70255 70170 35406 51898 35578 35579 49266 51987 51906 51992 70183 52078 70779 51910 70185 52080 51911 52081 51912 51915 36105 73252 51834 51920 51835 51921 51836 52091 51922 49373 50736 52014 50739 52100 52101 52272 70207
hp 98
t 79568 79549 75299 75438 80847 79557 80490 64032 79269
hp 256
t 63750 63920 75991 63921 67661 63922 63755 63585 63926 63586 64437 63587 63927 63588 67839 63589 63760 63930 76001 63591 63762 63592 76003 63593 63764 76004 63934 63594 63765 63595 64444 63596 63597 80088 63768 63769 63599 63939 63770 72270 71931 63771 63601 63942 76013 68362 63944 76015 75845 64116 80097 80098 80099 63949 80100 68202 63612 63613 63953 63614 63788 63619 80111 63962 63625 63796 72125 63966 68217 63806 63807 63808 63809 63639 63811 63641 63643 63644 67827 63815 63645 63646 63647 63821 63656 63657 63828 63659 63830 63490 63491 68081 68252 63492 63493 67063 63494 63664 64175 63835 63665 63666 63497 63667 63668 63499 63669 63670 63671 63842 63672 61632 63503 63673 63844 63674 63675 63676 63847 62996 63677 63680 63681 63682 63853 63513 63683 63684 63855 63685 63686 63687 63688 63689 63690 63691 63522 67091 63692 63862 63865 71686 63696 63697 63698 67778 63699 63700 63871 63701 63702 63533 63703 67614 63704 63535 63705 63706 63707 63708 80067 63709 68300 63710 63711 63712 63713 67793 63714 67794 63715 63035 63716 67796 63717 67797 63718 67798 67969 63719 67799 67970 67800 63720 68140 67801 63721 67802 63722 67633 63723 67803 63724 67804 67635 63725 63556 63726 63557 63727 67808 63899 63559 63729 67809 63730 67810 67811 63562 63732 67812 67983 63733 63564 67813 67814 63565 63735 63566 67816 63567 63737 67817 63738 67818 63739 67819 63740 67820 63741 67821 63742 67822 63743 63914 67823 71904 67824 67825 63746 63577 71907
hp 76
t 62728 41309 42584 42499 62730 62645 42502 62311 42507 41318 42423 62909 65460 41405 42596 62827 26702 62487 43957 41645 62658 43874 62405 41410 62491 62748 42518 41159 62751 41419 61734 41591 43292 41340 41595 41682 62593 41344 43129 69225 41176 62767 62090 64981 63453 62773 43988 62776 64816 62607 64818 64819 62609 62866 42381 65504 64654 63465 62614 65505 65506 62615 62531 65507 43321 62533 62789 62619 62535 41371 61941 63472 62621 44008 65428 43329 65515 45966 65518 41633 62288 62629 62460 63480 41638 62633 62464 42573 65524 62805 65438 43171 41301 62636 62807 69182 62724 62470 62725 41306 44027
hp 259
t 66299 73100 65620 73440 73101 66981 67321 66556 65877 73443 65879 66559 65964 66644 65795 49305 65540 65541 65881 73109 65885 73110 73281 65887 65633 73199 65634 73370 65636 73116 73289 73290 73291 73292 66578 73295 73465 73296 66496 73466 73297 71342 73467 66244 66499 67265 73300 66500 66245 73301 66501 65566 66502 67266 66503 65570 66505 67270 30975 66506 66507 73137 65574 73309 73564 65915 73310 73140 66511 65577 66512 66172 66513 65579 66514 66515 66516 72722 66517 66262 71107 66518 66603 49264 66944 66264 66945 66520 66522 66948 66523 66949 66269 66865 67121 66527 71288 49358 73329 65678 49274 65850 67294 71374 66531 67297 67299 66534 72741 67301 49282 72742 66962 66283 65946 65947 73088 66289 70199 65694 66290 67312 66548 65956 70206
hp 322
t 34082 34763 51083 51765 36040 34085 34086 34257 34087 34682 33409 34684 34770 34602 34772 34092 34774 36049 51775 34775 35541 34776 33417 34269 34675 34100 51100 34696 34782 52463 34106 34788 33428 36064 15324 34792 33858 34793 34794 36069 35390 34797 34288 51118 36073 33524 33525 34631 34716 36076 34635 34125 34640 51895 34810 34217 34132 34728 18408 34644 34729 33880 33797 34052 34053 33799 34566 33801 14592 14677 34738 33889 33294 34144 34145 34146 34061 33892 33808 34063 34234 34235 34150 34576 34066 35429 34666 34071 34668 34583 51074 14526 34587 34163 34758 34249 34589 34759 34590 34080 51081
hp 320
t 81175 81685 59840 81176 78965 81261 59841 58821 59842 81263 59843 78883 81264 81689 81180 59760 81520 79821 81862 78377 57637 81693 59764 78379 79825 59765 81526 57641 59766 81867 78382 79742 81698 59769 60110 79065 81276 78388 57650 81705 57480 81365 57481 81877 57482 57653 81711 57486 58337 81203 79078 58339 57489 81885 81886 78401 57491 57662 78997 81548 81718 78405 81041 79089 81384 58351 81557 81812 79859 81729 59884 81730 78416 58356 81907 59808 59809 78424 78339 60065 59811 60066 81578 81153 57608 78435 80901 80903 59740 79206 80906 57616 80908 78359 81250 81675 81335 81338
hp 269
t 71657 70935 66005 66303 71022 70809 71618 52110 70940 50158 71665 67077 71670 70777 70948 66614 70949 68484 70950 65765 70951 70953 70954 49321 71677 71507 68491 71000 70915 52087 72785 70916 71001 72235 68538 68497 71644 68501 71647 49334 70925 70755 73306 65912 70970 70971 66806 68507
hp 308
t 55333 55376 55334 55377 55335 55676 55379 55421 74377 55337 55338 55296 55423 58143 38977 39020 55340 55723 39021 55300 38938 58233 55601 39029 38944 55647 55392 55691 38949 55737 55313 55696 38951 55315 55699 55317 38955 55319 55363 38958 55703 55322 56300 55324 55368 55369 58301 55327 58345 58133 58346 39010 55672
hp 296
t 77858 77859 77940 79391 79393 77863 79397 79399 78039 79403 78045 78046 78047 79237 79579 79411 79581 79412 78052 79583 78054 77885 77888 78061 78063 77893 77894 77895 78067 78239 80790 78071 77901 78072 77902 77903 64729 79435 64730 79436 64731 79437 78077 77907 79438 78078 79608 78079 79607 79440 64735 79441 80379 64743 78261 80812 77842 77845 78187 77848 77851 78193 79555 77856 77857
hp 307
t 81768 79048 79049 81599 79051 78372 79055 81776 81777 79058 81268 81779 81269 81780 81270 81781 81271 81272 78893 57474 81785 78896 79067 81277 81788 81278 81789 81279 81791 57655 58336 57660 78402 79085 81810 81814 81815 81816 81818 57508 81308 79100 81821 78931 81822 81823 79047 81826 81828 57518 81318 81831 81321 81832 81152 78942 81833 80983 81323 81154 79284 79285 81836 79287 78948 79288 78949 79289 81669 81161 81162 81843 81163 81673 81164 81674 79294 80995 81676 78447 81168 80998 81169 57539 81680 81171 78960 81682 81002 81683 81854 81003 81004 81855 81856 81686 81857 81006 81687 81858 81177 81178 79819 81349 81690 81350 81010 81691 81352 81012 81353 81864 81184 81865 81525 81355 81866 81185 79827 78977 81869 81190 81700 81871 81360 81191 81872 79152 81873 81874 78984 81875 81195 81876 81196 81367 81878 81198 81708 81879 81709 81370 81881 81882 81883 81713 81884 81546 81887 79001 81723 81214 81383 81726 81727 81388 81219 81559 79009 79860 81900 79010 81561 81733 81904 79013 81905 81565 79015 81906 81736 79017 81908 81738 81909 81739 81910 81740 81911 79020 81741 81912 81060 81231 81913 81743 81914 81063 81744 78855 81915 81745 81916 79023 81746 81917 81064 81577 81918 81748 81919 80899 81579 79200 81751 80902 81071 78864 81074 80905 79036 81077 81757 78868 81758 79037 81078 81079 81759 78871 79045 81767
hp 84
t 64940 59502 64942 59503 64943 65275 78545 64945 57805 64946 57468 57808 64608 64951 59511 64612 59514 64955 64957 59518 64959 64960 58845 57488 64976 78238 57501 59541 64642 64645 64987 64649 57849 57511 57515 57856 78600 57528 57529 57531 58894 65015 77936 57537 77941 65023 59584 57545 59585 59586 57547 22529 57549 59590 22530 77950 59591 59592 22532 22533 59593 59594 59595 22535 57555 77957 22539 22880 59600 22541 59601 77963 22546 59606 39887 61308 59608 41928 64935 77974 22555 77977 41937 22559 60300 41941 57587 22569 22571 77991 57594 22578 57598 22921 57602 57605 57606 59646 59647 22589 63392 57613 65093 57614 57615 60336 23277 57958 22603 57964 60346 22615 22616 78716 22618 60018 22619 22621 22966 22968 22970 22630 22631 22635 78395 22636 22637 61397 22638 81799 64799 78740 61403 64803 78745 81806 79086 81807 64807 78752 78754 63454 78755 59717 64817 61418 60058 58018 78419 64820 58021 58026 57687 58027 65168 60069 78772 59396 57697 78097 57698 57699 78780 57700 57360 57701 78782 59742 78783 59063 57703 59404 59405 59406 57706 64846 59407 59068 81848 57709 78795 78796 64516 78797 78799 58400 23380 78800 57722 64524 57726 78807 58409 58411 59431 78135 22715 58416 78136 65217 78137 78818 78139 78140 59835 78821 58423 78143 58424 58764 57404 58765 58425 58426 78828 65234 57415 64557 57418 64898 64899 64900 58100 58102 57422 58104 65245 65246 58111 65251 59472 59473 64913 59814 65254 64914 59475 59815 64917 59478 59479 64919 59481 64921 59482 64922 59483 64923 57784 59824 59826 59829 65269 59490 65270 61190 57451 59492 39772 59493 57793 59834 57795 57797
hp 314
t 57458 57629 78879 79050 57460 57631 60351 57461 81092 57463 57464 57467 57809 57469 57810 79061 57811 58152 78383 57812 79064 79066 57986 79068 79069 81792 79074 79075 81796 57656 39806 79077 81797 57826 81798 57828 57490 81801 78911 57832 57663 79084 78914 81805 57495 57496 79087 57497 79088 81808 57838 81809 81811 57502 81813 57504 57505 57506 81817 57677 57507 57847 81819 81820 57510 79102 58023 57513 57684 57514 57685 57855 57517 57690 58030 57520 57691 57692 57693 81834 57527 57530 81842 57532 81672 78443 57534 79295 57535 57536 58216 81850 57711 57541 81853 58224 57716 78967 39702 57552 57725 57560 57561 57563 39714 57575 60296 81547 57578 58940 60302 60304 79005 60306 57417 79008 81899 81564 57428 78849 39922 39923 39927 39760 57440 57610 78350 57611 39422 39935 57449 57619 60340 57794 57796
hp 168
t 29546 53101 50414 53081 53124 52731 53018 52701 53169 53096 53035 53076 29479 53079
hp 123
t 63897 76669 80250 79326 79337 80251 79562 79425 76450 76419 80575 80171
hp 290
t 62982 67904 63495 63975 63498 63933 63976 63488 63329 64128 75836
hp 69
t 29153 29154 30259 30090 29326 29157 30092 28904 29330 29245 11225 29756 28905 30437 28907 30267 29761 11232 29763 11233 32655 30446 29766 11236 29087 29768 29938 29344 29236 11240 29092 29093 29094 30454 29350 29097 28927 29183 29185 53240 29100 29950 29781 29186 30291 29782 30036 13207 30463 29698 29699 29020 29107 29193 30047 30302 29285 30136 30139 29800 30311 29207 29377 29208 29717 29209 29804 29974 29805 29211 29806 10537 28787 29297 29215 29895 30323 29134 29899 29135 29391 30326 29393 28884 29140 30330 30417 52688 29143 28973 30333 52519 30082 28893 29742 29743 28894 28895 30256 29151 30257
hp 104
t 79559 80240 76671 79561 80241 80242 80582 80586 80246 80587 80247 80248 80252 80592 80253 80254 80255 80256 80597 80257 80598 80258 80260 80262 80603 80271 80613 79427 80277 80620 76544 76545 76546 80286 80457 80288 76548 76720 76550 79442 76552 80632 80293 76553 80294 79445 76555 80296 79447 80297 80298 80299 79279 76560 79452 76562 80643 76566 80477 80308 76571 76743 80653 79974 76667 76406 76748 79468 76749 76750 80152 80156 80328 80159 76248 76250 76592 76252 80332 80673 79484 80674 79485 76254 76595 76594 80505 76596 76256 80506 76597 76598 80678 76260 75411 76262 76263 80003 76606 80686 80177 76607 76267 76440 63520 76271 76624 80535 76625 76626 76628 80199 80028 76629 80200 80541 63881 80542 80202 76632 80203 80543 76633 80204 76634 76636 80377 79528 80208 76638 63549 80378 76637 76639 80209 80210 80213 80044 80215 76645 80216 80217 76647 79538 80218 79539 80220 76650 80221 80222 76652 76653 76654 79545 76655 76656 79547 76658 76659 76660 76661 76662 76663 80234 80235 76665 76666 80237 80334 80407
hp 335
t 53038 30260 28906 49477 49479 50839 50840 52540 50841 49481 49482 51182 52032 49483 29592 49484 50674 29595 53056 53057 29598 53229 53059 52381 53061 53062 52724 52555 52725 31645 52726 49497 52386 53067 50178 29607 52728 53068 53239 53066 53070 50181 53071 50862 53072 52053 29784 53074 53075 50187 29617 50191 53082 50193 53085 50196 53086 29966 49517 50198 50368 29631 53095 50206 49526 50207 29807 52248 53099 52420 50381 53104 53105 28965 49536 53106 49538 53108 49539 49540 50390 50224 50225 52605 53115 50226 50396 50227 53117 49888 50228 53118 49889 50398 53119 50230 53121 52952 53122 49894 52954 52958 50239 52959 49559 49560 49901 49903 28823 52965 50415 52287 52970 53140 52972 53144 51104 53146 53148 51108 49580 53150 53151 49582 52982 50263 50265 28846 53156 50437 52988 50438 53159 53160 53161 53162 52313 53164 53165 53171 50452 28863 50453 49604 50454 50292 52502 50295 35845 53019 51151 52342 51153 53026 52347 50307 50648 51158 53030 52521 53034 51165
hp 175
t 29790 30045 29791 29792 29878 29964 28902 29881 29965 30263 29797 29883 29798 30266 31670 29801 29802 30269 29803 29931 31590 30145 30572 29811 29986 29777 29905 29778 29907 29822 30714 29780 30162 30207 29783 30040 29955 29998 29786 30041 29788 30044 29875
hp 268
t 68072 68402 67214 67257 68533 67260 67261 67230 68367 67210 67253
hp 297
t 53590 77391 35018 54188 54061 54147 77356 76846 77357 77186 77445 77191 53308 12511 53566 54119 77537 77538 77198 77199 54165 77541 54124 54040 76863 77374 53914 77543 54127 76823 77333 77545 77334 77546 77377 75677 77378 77336 77337 77380 54089 77338 36792 54049 77339 77552 77383 77554 77556 77557 77388 77558 77389 77559
hp 232
t 55631 54654 56014 56312 54739 55590 54570 55760 55802 55633 55761 54572 54912 55762 55805 54955 55763 55806 55679 55764 55807 55890 74806 54919 55644 54567 54923 54628 55180 55266 56287 55863 54548 55314 54565 54905 55316 54551 56634 55318 40145 55701 54554 54555 55624 54562 55753 55796 54735 55713 54948 55799
hp 339
t 51720 73269 52318 51979 29071 52278 47179 51771 51900 50370 52327 51689 50373 51139 35925 52034 52375 52418 52419 51102 49616 50254 52337 52422 49618 52296 49748 50302 66452 51110 50559 52471 28969 53152 51112 52813 51199 51114 53154 49502 53158 73133 49802 28977 50483 50273 51080 51166
hp 291
t 61623 43094 43095 61880 69361 43181 68767 62222 61628 61714 69364 61719 62400 62230 66736 68778 62406 69207 68784 61815 43200 62327 66751 68706 43971 68792 68709 62420 68625 61913 68629 61745 62426 62087 61750 61920 68637 68638 62262 68640 68642 68644 61761 68648 62444 61764 43150 68905 68651 62107 61768 62450 61604 61775 62284 62456 44012 62458 66708 61781 61613 61614 68670 61615 68926 61533 69353 68676 68761
hp 101
t 77305 77603 74970 77818 77692 53424 54402 77056 53682 53469 77696 53726 74977 74297 53472 74298 53473 77698 74979 53430 77612 77614 53475 53645 77657 53647 74982 53477 77659 54840 53651 74986 54841 53483 53314 53484 56205 53953 53954 56206 53998 53659 53744 77800 77758 53363 77207 53579 53581 77807 53922 53373 77684 53756 77642 77812 53460 53334 53249 53632 53675
hp 333
t 68935 66050 45141 69111 69026 69537 69367 46078 69538 45908 69539 45907 69453 69114 69286 69627 68947 26788 66993 45913 69290 46000 69291 69546 46001 26707 45917 46003 45918 45919 26710 46005 68871 68786 46006 69042 68618 65983 66919 69300 66920 66921 66752 62418 45928 43124 45930 43210 66076 45931 66932 45937 69568 46023 45938 69571 66086 46028 45943 46624 66600 68896 69491 45946 46031 68899 69526 45949 69582 66779 66780 66951 67292 69418 69589 66955 69590 69592 69593 69594 26669 66960 69595 69596 67302 69597 69088 69599 66964 69089 66965 66966 45971 68754 69522 68758 66974 66975 67400 69271 46066 66977 68932
hp 160
t 47677 46862 48406 48482 32164
hp 293
t 34168 33829 17171 34172 33492 33834 33494 18365 18367 15307 17688 33839 33500 33501 33502 17862 32822 33503 33843 17864 17865 18205 15317 15321 33512 18213 34194 34534 33517 33518 15328 33859 33520 33521 17201 14651 33351 18223 6834 33870 33531 33537 17728 18241 6681 18242 18243 17733 18244 14674 34225 18245 14505 34226 17738 34229 33378 17739 17910 34231 18252 17912 18255 18256 18258 33219 33729 33389 33391 17072 33392 18264 14354 18265 17755 33397 33229 33400 33402 14702 33403 18274 34255 18276 14366 18278 33410 18281 18961 33411 18282 33412 33413 18964 18286 6726 18287 34098 14721 33252 18972 17101 19653 33423 33594 18356 18295 14387 14388 14729 33260 14391 33262 33431 15072 14731 34113 33435 34456 33438 14738 15079 14741 33442 19673 14743 33443 15084 33446 18997 14747 34468 17469 33450 34471 18322 34642 14752 33792 33452 33453 33794 34475 19006 33974 33976 33807 14767 14769 14770 14772 14775 33486 33476 33478 14778 33479 33480 33820 14780 33482 33822 14782 33484 15296 33826 14447
hp 292
t 80110 75988 63323 76029 63728 63261 67366 63924 63904 63841 72023 64182 76358 80078 75828 63866 63845 71835 63590 63442 80103 61680 72582 80064 80107 76497
hp 272
t 72673 71983 72055 76341 71944 67227 71286 76513 71967 71850 72551 76165 71991 71992 71195
hp 218
t 54313 33743 53718 54399 33576 33661 33747 33663 54320 53980 53981 53982 13863 32908 32909 57136 53992 53737 53909 53824 53825 32831 53828 53829 53830 54001 53831 54002 56977 32922 53832 35812 53833 54004 53834 54005 53835 54007 53840 33696 54012 54014 53844 54015 53845 54356 53846 33617 53847 53762 53593 53848 53594 54361 54276 53851 54278 54365 53600 54366 32946 54283 54370 54285 54287 54457 54288 53863 53949 54290 54377 57012 54037 53869 53701 54381 53702 54384 53874 54300 54046 53963 53879 33734 53625 33653 53969 53886 53887
hp 235
t 77817 76288 76800 77098 76802 77440 76293 76294 76805 76806 76296 77189 77232 76808 77190 76809 53391 75110 77532 76811 77533 77193 77194 77237 76302 77535 77238 77239 76816 77326 76817 76818 76860 77243 76819 76861 77540 76820 76862 76821 77798 77203 77246 77460 54212 77290 75081 76312 76909 77464 77167 76827 77381 54138 77346
hp 267
t 66596 50743 67318 66256 50744 66597 66257 65578 67279 73102 66982 65836 72763 67323 67243 66521 66990 65673 65546 66991 65589 65551 65594 66277 66659 73459 65555 67298 66959 67172 67300 65642 73463 65644 73095 65645 66624 65905 65864 72919 65568 65866 65569 52140 65571 71139 65998 67147
hp 173
t 48873 48874 46919 32471 32386 32217 32387 32218 32473 47008 46414 31794 32560 32561 32476 47096 47011 32563 47098 32481 32142 32482 32059 32060 32231 32571 32487 32233 32235 32576 32491 32151 32492 32152 32322 32153 32239 31899 32581 32156 32071 32072 32583 31818 32584 32669 46950 32501 48567 48397 32588 32078 32589 31909 32165 32335 32166 32591 32167 32422 31913 32083 32170 31745 31916 29877 32172 29962 32173 31748 31749 48324 32175 29882 32604 32690 32010 46886 32691 31757 32012 31843 31758 32099 32014 32105 31871 32021 31767 32618 48514 48176 32451 31771 32367 32113 32028 32454 32455 31775 31861 32458 32289 48867 48868 48530 32211 48446 32127
hp 68
t 50402 49722 30768 49723 31618 50403 49724 31619 49725 50405 53125 49726 49981 50406 49727 50409 49731 49732 30863 53133 30866 31037 31633 49742 31638 30789 53145 31640 31725 47538 30879 30795 30882 30797 31649 49669 31650 30801 49671 47547 31652 30803 31654 30937 49675 49761 30893 49848 47298 49679 49850 49936 49681 49937 31662 49683 49854 31663 49940 30902 49773 30904 49775 30990 30737 49952 30744 31681 30832 31684 49706 49711 31616 31610 31695 53120 49721 49807
hp 171
t 32213 32468 32215 48875 32385 32474 32220 32135 32221 32222 32477 32223 32478 32480 31290 48888 32229 32484 32486 48552 48468 32488 32234 32489 32490 32150 32236 32577 32407 32578 32494 32495 32497 32327 32498 32499 32500 32331 32162 32248 32503 32504 32590 32505 32507 32508 32764 48531 32599 32174 32345 32601 32602 32265 31755 31760 9072 32364 48516 32212 32537 32538 48518 31944 32116 48862 32117 48865 32546 32292 48528 48869 32210 48871 48872
hp 225
t 54653 54993 54909 53975 54995 54911 54826 54997 54832 54664 55004 54665 54835 56196 54327 54667 54668 54329 54669 56199 54330 54331 54332 54672 54842 54673 54843 54674 54334 54675 54676 54677 56207 54848 54679 53319 54850 33686 53492 54684 54856 54687 54858 77809 54690 54860 54692 54693 53248 55033 55034 54864 54695 54610 55036 74246 53252 54867 54698 53254 54700 54531 53257 54703 53259 77060 53346 53687 53263 74259 54710 54795 56241 54630 53270 54805 54636 54806 54637 54807 54638 54810 54984 54901 54817 77599 54990 77601 54907
hp 231
t 53380 77267 53377 77268 77099 77269 77270 77441 77101 77271 77272 77273 75744 76935 76426 77192 77534 77365 77195 77281 77196 77792 77197 76858 77539 53400 77200 77456 77201 77626 54167 77202 77542 75502 77629 77544 77630 77294 53494 77041 77127 76958 77130 77215 76961 77132 77301 77133 77303 77134 77304 77646 77306 77562 77308 77309 77310 77311 77057 77058 75104 77059 75106 77317 75108 77233 75109 76810 77236 77152 77153 75113 76898 77154 76814 77156 77071 77496 77241 77497 77242 77158 76988 77244 77245 69765 77586 77247 77587 77163 76826 77081 69773 54134 69775 76916 54139 76921
hp 217
t 53123 52699 52700 53126 29072 52702 53037 52703 29159 53044 53131 28994 28995 52712 53141 53142 11237 28834 52721 52892 52722 52723 53149 52897 36493 28845 29525 10570 10656 29527 29017 52820 52821 29616 52992 10662 53077 52993 52995 10750 29620 52696 53166 29622 53083 53084 29543 52919 53005 29547 53092 29632 29463 53093 52924 53008 53094 29634 10425 10595 28955 53010 29551 52927 53012 53013 52673 53098 53014 53015 53100 28877 53102 53020 10690 53021 53022 49707 28967 53023 10696 52687 29142 52856 10443 10700 10616 52692 53032 52693 10703 49718 29149 52695 10705 50400 52697 52867
hp 299
t 43009 43519 44030 43861 43521 42844 42845 42848 43528 43704 43534 42855 43535 43027 42857 43028 43029 43540 42860 43031 43541 43712 43713 43033 43543 43714 44224 43715 42865 43716 43038 43718 43397 43719 43549 43720 43721 43722 43723 43398 43554 43725 43556 43047 43557 43728 43399 43729 43049 43559 43900 43731 61921 43732 43052 62093 43053 43563 43733 43393 43735 43395 43056 43736 42886 43057 43737 43396 43738 43058 42888 43059 43568 42889 43740 43739 42890 43741 43060 42891 43062 43742 43402 43063 43743 42893 43744 43064 43403 43745 43404 43405 43746 43066 43406 43067 43747 43577 43748 43069 43749 42899 43750 43751 43071 43753 43583 43754 43755 43585 43756 43077 43587 43758 43419 43761 43762 43764 43765 43596 43767 43597 43770 43600 43772 43602 43773 43774 43604 43605 43608 43610 43612 43613 27294 42934 42765 43618 43619 42939 43791 43621 42942 43623 43626 43627 43118 43119 42441 43974 42954 43636 43637 43979 43639 44153 43643 43644 42964 44156 42966 43646 43647 43990 43656 26657 27169 27174 27005 27178 42822 26672 26673 42994 26845 42825 26675 42997 42999 42830 27360 43001 26681 27872 27022 26683 27363 42836
hp 113
t 76925 77097 76932 75064 77105 76425 77107 77109 76175 75666 76941 76432 75668 76434 75669 75670 76265 76437 75673 76353 77204 75676 76445 76446 76447 75685 75686 76368 75603 76370 76456 76371 76372 76458 76373 76459 76289 76460 75695 76290 76376 76292 76887 76464 76804 76380 76295 75530 76381 76466 76807 76467 76297 76298 76893 76384 76894 76385 76470 71200 76386 76300 75111 76387 76301 76472 76388 75708 76813 75709 76389 75199 75710 76473 77240 76900 76303 76901 76475 76815 75115 76903 76394 76479 76904 76395 77161 76906 76822 76399 69854 77165 77080 76315 76486 76911 76402 76912 76915 75981 76918 77005 75900 77007
hp 234
t 53462 53548 53463 53378 53549 53379 53550 77605 12496 53381 53467 53468 53383 54234 53554 53385 53556 53471 53386 54237 77443 54833 53388 77784 53389 77615 53390 77701 77275 53476 53562 53478 77618 53564 53479 53310 77620 77451 53567 53482 56202 77282 77624 77710 53485 77457 77627 53318 53573 77713 77628 53574 77714 53404 77633 53495 77467 54177 53329 53330 53331 53332 77813 77729 53335 53338 77733 77648 77819 53339 77820 53425 53342 53427 54195 77571 53262 77742 53347 53520 53521 53352 53522 53353 77663 53269 53524 53355 77495 53526 53527 53442 54208 53274 54209 77500 53529 53530 77501 54211 53446 53362 77503 54213 53448 53961 53451 77591 77594 77680 54221 77596 53456 54222 53457 54223 53458 53374 53459 54140 53546 53461
hp 177
t 46068 26691 45732 45733 45734 46075 27038 45739 45232 27552 45064 45747 27048 45748 27049 45069 27219 45070 45240 45072 45242 69383 26885 45076 26717 45077 27058 26888 27059 45759 27060 46610 45762 27063 26723 45763 45424 45934 45425 27065 27066 26896 27067 45427 26897 26898 26899 45430 26730 26901 46622 45433 26903 45435 26736 26906 45437 45777 26907 27587 45440 45441 27081 45781 27422 26742 45442 45102 45444 45784 45104 45445 26745 45105 26746 45786 26916 26747 45447 26917 46807 45108 45109 45789 46810 45450 45110 45451 45111 45452 27432 45112 45453 45454 45114 26924 45456 45116 45457 45117 45460 45462 45802 45804 46825 45805 27615 45466 45467 46827 45297 46828 26940 27620 45301 45472 26942 26943 46834 45474 27623 45134 46837 45477 45478 45480 27120 46330 46331 45652 45143 46844 45316 45487 46847 45317 27637 45827 45318 45829 45319 45660 26792 45153 45154 26964 45155 27135 45665 45836 45156 45326 45157 27477 45158 45328 45839 26800 45330 45161 45501 26631 26971 45162 45332 45163 45333 26974 45334 26634 45165 26806 45166 26636 45167 45339 26810 26811 45342 26643 45348 45349 45351 26992 27335 26995 45356 45705 45366 45879 45714 45716 45718 45892 46064 45725 45727
hp 323
t 50742 50658 52018 50998 50659 52019 50830 51000 52020 51680 51681 50832 51852 52021 51002 50831 51683 51854 49473 52024 51004 51853 52025 51685 50664 52026 50837 51262 52027 50667 31033 51688 50999 50669 51084 50670 50842 50502 51097 50673 50504 51693 52120 52035 50166 50741 49571 50167 36058 50996 49575 50682 52128 36068 70154 52134 36580 49160 52050 36582 52052 51968 52139 52054 51205 52055 51971 52056 52057 49557 51973 52058 70163 52059 50656 52063 50657 52015 36598 51644 51985 49521 51731 51988 51989 51991 49441 50972 52017 51993 50803 50919 52079 51995 50636 51997 51998 50553 51999 52084 52085 50556 50216 49537 70873 52090 49541 52007 52092 52008 50820 50652 50822 51682 51677 50823 52099 52016 50997
hp 270
t 76838 71398 35019 76839 70039 76840 35020 76841 35021 71401 35022 71402 35023 69703 76843 35024 75824 69705 35025 35027 35028 76848 54068 35030 76851 35032 76853 76854 76856 69717 76857 76859 35039 70059 70060 54080 35042 35043 35044 69725 69726 69727 72450 71090 53751 72451 76532 53753 70074 76876 35056 69736 76877 76537 69738 76878 76879 35060 76880 77560 35062 72462 72463 35065 76886 70086 35067 35070 54112 54113 54114 70435 54115 54117 54118 69760 69762 69763 54123 54126 51407 69771 69774 36794 69776 69777 36797 69779 69780 69781 34421 72501 69782 69783 54144 72504 69785 70465 54145 69786 54146 69787 72507 70468 54148 54150 69791 69792 54152 69794 69795 72515 54155 69796 69797 54157 69798 72518 54158 72519 72520 54160 51440 54161 54162 69804 54164 69805 54166 51446 69807 69808 54168 69809 54169 69810 69811 51451 54171 69812 71174 71175 71177 71179 71180 54183 72544 71184 72546 72547 35148 71189 72549 71190 72550 54190 71191 54192 71193 70514 54194 71194 54196 34817 54197 36858 54198 34819 72559 54199 54200 54201 70522 54202 54203 72564 54204 71205 54205 70526 34827 70527 72567 54207 71207 72568 77329 72569 71209 77330 71210 72571 71211 77332 71213 70534 72576 72578 76319 70539 72579 34840 77340 34844 35189 34849 72589 77350 76330 72590 34851 34852 77012 34853 75653 77013 77354 75655 77015 75656 34856 76336 34857 69878 77358 77018 69879 72598 34860 77020 34180 75661 34861 77021 77362 75662 76342 76343 75663 77023 69884 77364 72602 77025 76346 77026 76347 77367 77027 34528 77028 32827 77369 77029 72608 75671 77372 77373 70574 77034 72614 77375 72615 77036 77038 72618 77039 76359 34880 34200 34881 77042 34543 77044 34885 77045 69906 34886 77046 77047 69908 34888 34889 69909 72629 77390 77050 72630 34891 72631 34892 77052 70593 34893 70594 72634 34895 70595 77055 34896 72635 34897 70598 69918 34898 70599 34899 34900 34901 70601 72641 34902 34903 70603 70604 72644 70945 34907 72647 71287 34908 70608 72648 34909 70609 71289 34910 71290 36612 72653 36613 70614 51234 72654 51235 70616 72656 70956 70617 76835 70618 70619 72659 34920 34921 70622 35602 71302 51243 36623 34924 70625 70626 70627 34927 76837 34928 69948 71308 34929 69949 69950 34931 69951 72671 34932 34933 34934 34935 70636 34936 72677 34940 34941 70641 34942 34943 34944 71328 71329 70652 70654 71334 70655 34960 35643 34966 12526 34967 34970 34972 34974 34976 69656 54018 34979 54019 70000 34981 54021 35322 54023 34984 54024 36684 34985 54025 34987 54027 34989 54029 71369 54030 54031 34991 71371 71372 34993 34994 34995 34996 54036 70018 35000 54041 69686 71386 70027 71387 71048 76829 35010 76830 71050 35011 35012 76832 72600 35013 71392 76833 76834 35015 35016 35017
hp 265
t 72078 71740 72420 72421 71744 72424 72425 71746 72426 72427 71748 71749 72089 71750 71751 71752 68352 71753 72433 68353 71754 68354 71755 68355 72775 71756 68356 68358 72438 71760 68363 72443 67345 71766 68366 72786 72447 71427 68368 67348 68372 71432 72112 68373 76533 68374 68375 68376 72117 68377 65658 68378 71438 68379 68380 71443 65664 72124 71735 68386 68387 72808 67029 72810 71736 71737 72136 72137 68397 72818 67378 67382 72143 65688 72148 72154 68416 68419 67741 71484 68424 72165 72505 72166 72167 67751 72172 67756 67757 68437 68438 67079 68439 68440 68441 68442 68443 68444 71504 67765 67085 68446 71506 68447 68448 71508 67770 68450 71511 68453 72194 68454 67775 68455 68456 72196 72536 72197 71517 68458 71519 68460 72200 71520 68461 71521 68462 68463 72203 72204 72205 72206 72208 71528 72209 71529 72210 72211 72212 72556 67117 71537 72217 68480 68481 72222 68482 68483 68485 71549 71890 68492 71893 71553 71557 71560 71561 72241 71562 71903 68503 72243 72244 68505 72245 68506 72246 72247 71568 68509 71569 71570 68510 72250 72251 68511 72252 72253 71574 72254 72255 71578 71579 68519 68520 71580 71922 71583 71924 71925 67845 68525 68526 71928 68528 71588 71589 71590 68531 67511 71933 71593 71934 68536 72278 68539 71599 71600 72280 71601 68541 71602 72282 71603 71604 72285 71605 71606 68548 72290 71610 71611 72291 71612 71613 71614 71615 72296 72300 67201 72301 72302 67203 72303 72304 80126 72306 72307 72308 72310 68570 68571 72316 71637 71978 72319 68579 71646 67229 68589 72329 68590 72337 72338 71659 72339 72340 67241 68604 72684 67925 67246 67248 67929 72349 72350 71672 72353 67254 72354 71674 67255 67258 72021 72361 72362 72707 72369 72370 72031 72371 72373 72035 71697 72377 72040 72041 71702 72382 71704 71705 72385 71706 71707 72393 71714 72734 72738 71720 72063 71724 71725 65605 71726 65606 71727 72408 65608 65610 72413 65613 72074 65615 65616 72077
hp 100
t 74968 74883 56183 74884 75311 74889 75144 75229 75569 74890 56189 75231 74893 75065 75745 74981 76427 54837 74983 75156 76602 74988 74905 75160 74907 75164 75165 75336 74912 75167 77803 74913 75424 75085 77805 74915 77806 75425 74916 75172 75088 74918 75173 74919 75174 75090 75175 75176 75177 77728 75178 74924 75179 75435 74925 77731 74926 77732 77647 74418 77734 77649 77735 77650 75270 74336 75186 54786 75187 77738 54787 75188 77739 75189 77741 76468 54881 74773 54798 74776 74777 74948 75208 75124 75125 75126 74788 77763 74789 74874 74790 74875 75131 74876 75133 77686 74881
hp 219
t 34338 33662 32813 34343 14455 14456 14457 32819 32821 53907 33168 56968 33169 32829 33680 53571 32832 32834 33684 33685 32836 33687 32839 77719 40491 33692 33695 32847 53588 33018 34549 33699 33192 34553 33703 33704 33706 53597 33707 33538 32858 33709 33540 33541 32861 33203 33713 33714 33034 34395 33716 33719 32870 32872 33043 14344 57015 35767 32879 33049 33731 57022 33564 32884 33054 33566 33058 14530 33060 14531 32892 33574 14534 32894 33745 33577 33068 14541 32901 14542 33752 32903 56872 32906 32907 33084 32919 33600 33601 33603 33606 32926 33266 32927 33099 33100 53841 14401 14402 14575 33616 33279 53849 33620 33109 53850 33621 32771 53852 33623 32772 33626 33629 33119 33631 32951 33633 33634 33635 34317 33129 33641 53871 33642 33643 33644 57107 33138 33649 33650 56941 33652 33657 57117
hp 255
t 70889 51340 70296 52193 70129 51344 51515 52195 70301 51516 51346 52197 70217 51517 51602 70132 51603 34859 34094 51605 34520 34434 52031 51607 51608 51610 34270 51355 36141 51356 35292 51612 51613 36314 34277 51279 36319 52130 51365 51367 70238 51623 70325 70240 35305 51881 51456 51629 51374 70330 51463 51634 70335 51465 51380 51381 51637 35317 51382 70422 51467 51639 51214 51469 51384 51385 70256 51641 70001 51642 51472 51643 51984 51304 70429 36175 51479 51905 51908 32869 70015 51825 51486 70441 52167 36102 51913 51830 51831 52086 36193 52088 52174 70449 70110 70451 51923 51585 70115 70286 51587 70287 51335 51931 36121
hp 324
t 51848 52443 52274 52276 51766 52277 52023 51003 52279 52280 52961 52451 50666 52282 52622 51773 51774 50926 52288 36053 52289 50995 52290 36650 52291 29511 52292 52037 52294 36060 52297 49492 51109 30370 52387 36067 51113 51115 52306 50522 52308 52309 36244 52310 52315 51976 35911 51977 51897 51048 51134 49862 52329 36095 52247 52417 35928 36183 35843 51143 52335 52250 35846 52252 51147 49873 52253 52423 36699 51149 52255 35937 35852 50643 51152 50472 50984 50985 35855 50986 50819 52010 49885 50650 52013 52268 52608 50994 52269 50654 50824 35864 52271 51761
hp 334
t 30939 49810 49980 49474 50665 50671 49991 50672 53223 50163 28744 50164 49485 50675 49486 49656 49487 50676 50168 49998 50169 49490 28920 49494 28755 49495 50685 49496 50177 49498 49499 49500 50180 50182 49846 50189 50361 50192 52062 50194 49515 53087 49518 50199 49690 50201 52073 49524 50545 50378 50550 28963 49876 50389 50049 28970 49542 50394 49716 30850 50740 49892 49893 50063 30854 50404 49895 31024 49899 49900 30861 49561 31712 49734 53135 49736 49907 50247 53138 31718 50250 30870 49740 50422 50253 49744 30875 49745 30876 50597 53147 49578 50598 50429 50600 50260 49750 28841 50603 49755 49926 49928 49931 49591 49933 50274 50275 49767 49938 49939 49941 50625 49946 50627 49948 49949 50461 49442 50973 49953 49443 50974 49954 49444 49955 49445 49956 49446 49957 30917 49958 49959 49960 49961 50642 49962 50644 49964 52344 49455 50646 50987 50649 49969 50651 49971 49801 50653 30933 50655 49805 51167
hp 227
t 53973 54058 53719 54485 53636 53638 53723 53979 53640 53642 53643 53983 14713 53984 53644 53985 54326 53646 53986 53987 54328 53988 53989 53990 54670 53991 53736 53652 53993 53653 53738 53994 53995 53655 53997 53658 54083 53575 54085 53576 53746 54086 53577 53663 53748 12491 53664 53665 53666 53921 53836 53667 33268 53923 35053 53924 53669 53670 53671 54266 54055 53757 53673 53758 53674 54101 33701 33277 54017 53253 53933 54104 53255 53258 54448 54279 53855 34336 53518 53264 53693 53694 54289 53695 53696 53698 54039 53700 53531 57186 54043 53958 54044 54045 53960 36707 53962 53622 53877 53878 53709 53624 54304 53710 53965 53880 54135 53966 53711 53540 53967 53627 53712 53882 54053 53713 53883 54054 54224 53970 53885 54056 53971 54057 53972 54227
hp 208
t 49978 49809 30855 73398 29879 50025 49685 30860 30905 30864 30736 30865 30738 31716 49694 31717 30869 30914 31724 31683 30877 30921 49451 30881 31731 49797 49925 30843 49927 31694 49799 30972 30931 49844 49632 30890 31017 49972 50401
