ap 0
hp 376
 52991
ap 1
hp 377
 44859
ap 2
hp 93
t 53183 29580 53123
ap 3
hp 36
t 45500 69389 69559 47971 26892 26223 27413 46710 68895 46795 27501 47987 47563 46714 27164 27419 45272 45358 45273 47995 27425 26323 47743 46556 45369 27180 69086 46646 46816 69514 46904 45459 69344 46565 45291 46737 46653 46823 26423 68669 27530 24983 48018 69523 27367 45901 27542 46753 48028 69108 26438 46754 24996 45058 27123 45060 27295 69372 47953 27468 69289 62406 45576 45494 45073 27139 45755
ap 4
hp 378

ap 5
hp 379
 48864
ap 6
hp 380
 20431
ap 7
hp 150
t 8449 1577 1670 1517 2250
ap 8
hp 43
t 26674 27270 26208 27440 26251 43761 27230 42489 26807 27105 27276 26214 42492 43725 26428 43599 43768 25111 27960 27280 27450 26303 43771 62302 27451 27240 24607 212 27243 26180 28009 25674 43567 69195 27291 27929 62270 69327 27253 27125 24619 27126 27381 27383 25853 27384 27171 25855 25856 28025 26623 27218 25819
hp 47
t 27226 26376 26293 27569 43550 26296 26891 26976 26385 27405 42366 26387 26218 27410 26221 27326 46 26312 27251 221 24617 222 44425 28105 26321 1586 27172 25816 1592 25818 27265 25735 1595 42821 2957 27183 27271 27272 27273 27104 25150 26425 26426 27106 27107 27279 26432 27283 27455 42246 24991 26352 26355 27460 26360 25850 45745 26367 28069 45750 43712 27393 26288 26119
hp 39
t 27780 27229 25912 26295 42445 42785 27274 42787 43553 42322 27915 42324 26897 42325 42367 42326 42157 43390 43561 42329 27200 27286 42332 42333 27205 26655 42422 27207 45016 27294 43572 42426 42130 42173 27175 42264 234 27308 27904 43715
ap 9
hp 59
t 79819 79795 58551 18750 77932 60210 59892 79782 64845 80677 79529 77959 79786 80786 58729 79794 75269 79732 79710 65495
hp 55
t 27566 26207 26123 27398 26294 26124 26379 25105 26465 26125 25106 26213 25108 27574 27489 26215 25110 1565 26556 24604 26389 26305 26306 26307 27837 26308 44329 26224 26309 26225 44331 25887 27927 42887 27417 27502 26315 26146 42128 43576 26236 2946 26237 27512 28278 26238 25133 26239 25134 28109 25135 26156 25902 26583 26158 44349 25649 25310 26331 27267 26333 2958 25655 26590 26335 27783 25659 26424 45635 25151 25153 27448 26344 25324 26429 25154 27194 45046 27281 26431 27282 26177 27537 25329 26179 27454 27285 42159 27540 26181 26012 26607 26182 26013 26183 27543 25164 25335 26185 26187 2983 26189 45740 46080 26192 26363 26364 26194 26365 26366 26026 26196 26197 45577 26283 26368 26028 26029 26114 447 26117 26118 25099
ap 10
hp 381
 53247
ap 11
hp 155
t 32644 25143 25101 3002 1982 25188 24720 1558 2599 3025 8212 25319 1455 32650 3113 1285 24598 2370 25512 8580 2694 2865 2844 1421 48512 1678 3358 1594 2873
hp 161
t 3044 24719 32288 46229 1520 32377 2244 2543 32293 48189 2885 2163 32551 2421 9053 2976 1829 9054 32345 2852 2130 25505 8255 25513 48466 48721 2398 48767 2910 48682 9072 2867 8606 25268 25439 3042 25057
ap 12
hp 382
 57087
ap 13
hp 163
t 9800 9632 9294 9592 9762 9338 9976 9848 9934 9679 9893 9808 9937 9599 2587 9645 8200 9772 9730 8243 8948 9903 9733 8587 9671 9737 8251 9738 9273 9954 9615 8639 9914 9916 9619 11108 9748 9665 9666 2313 11196 9709 9668 8266 2444 9627 9754 9839 8268 9670 8949 8950
ap 14
hp 358
t 14919
hp 363
t 14883 15028 19971 14916 14925 17541 16995 17007 20422 17703 15898 17900 17680 17556 17520 20287 14937 17578 20306 20385 20386 20389 20384 14962 17585 17586 17681 18425 16910 7735 17562 14882 14951 17544 16992
ap 15
hp 61
t 41591 64924 17963 78952 80355 78273 79381 64550 17930 80831 60943 78538 16447 65279 59883 79179 41865 23294 76716 58910 22530 79608 79184 59890 63333 79738 37663 78337 37664 77827 59979 18626 79742 81400 18670 18585 61087 77877 78261 16807 64705 24118 18553 14344 79497 18555
ap 16
hp 383
 16383
ap 17
hp 384
 73727
ap 18
hp 38
t 57617 58554 39856 34883 58770 60045 60216 35565 58091 58517 57371 60264 57756 57502 57587 59117 58735 57588 81259 58865 58695 60395 58101 58105 58871 58446 58106 38431 59215 57558 39750 58876 58070 58666 57477 6564 61304 58627 58712 6566 58672
hp 50
t 14731 58847 38279 57830 14479 59020 57619 57364 58768 16863 57366 57367 39687 79001 58388 81084 19246 57369 58815 58391 19377 38590 14706 81558 56059 58398 81221 57891 58698 81351 58741 81734 57554 18582 39705 38558 37921 57899 81912 57646 15359 61302 81149 81320 16847 37461 81577 16809 57779 59140 57738 6570
ap 19
hp 385
 40143
ap 20
hp 386
 61375
ap 21
hp 387
 32719
ap 22
hp 388
 78846
ap 23
hp 389
 73662
ap 24
hp 44
t 47966 47967 45417 43039 27399 45419 45251 27231 26212 27402 69562 43722 27403 43724 27065 26216 69057 26217 69058 46788 25879 69399 46789 26899 26222 69063 26903 46793 69404 43394 46454 43395 69407 43737 43738 43740 69240 27422 69073 45274 46806 62277 69418 46640 46811 46132 45112 69083 69253 45455 61946 43416 45287 69427 25908 48009 26931 45292 62462 45293 45294 27445 43086 48017 45471 26942 62308 69450 48031 45481 45823 69283 42764 45488 48041 27471 69631 69291 45492 26792 26113 62324 69294 26800 45502 69134 46527 48060 62340 47722 46874 26136 26647 46713 47565 46716 27166 43147 69160 68992 66784 27346 66110 26670 46560 62371 62372 27182 26164 47925 45716 42146 27529 69520 42830 27021 26685 69016 62217 66128 46748 46751 27202 69194 69368 26700 69200 46761 45231 27212 62232 46765 62235 45408 27388 45748 27389 69378 46089 69380 45412 43033 27223 45414
ap 25
hp 81
t 50940 51706 52046 50941 52047 52051 50778 30974 51629 51460 51376 49506 50697 49166 49167 69992 51972 49508 49423 51633 49592 49594 51975 51381 51551 51639 51214 51979 50111 50876 49517 51557 51644 50879 71620 70262 70942 51563 49184 51480 51481 51482 50889 50805 49190 51705 49191 50638 50980 49195 49451 51491 49196 50812 49452 52002 50684 52003 70278 51663 49199 70279 51496 70366 51581 70112 50646 50647 70113 49373 51533 70284 70285 51677 70208 51340 70297 49474 70214 49219 70216 70217 70218 50160 52116 50163 52034 49400 52036 50932 70228 52039 50934 51530 50935 50853 50936 50937 50768 51534 51704 50939 52045
ap 26
hp 390
 54076
ap 27
hp 46
t 81583 57486 39128 80480 58424 81247 79802 79761 57704 81249 81463 74154 58089 57409 78959 81467 81511 81427 81470 81471 58396 78925 58057 81220 81094 57889 81264 80967 57593 79821 57977 81353 81523 81057 79144 81269 79740 57980 81016 57939 81102 39921 81275 58410 81276 81660 79620 58370 81279 81322 81068 80941 78944 57482 81411 81538 81327 39890 81413
hp 62
t 58420 58080 58251 39129 39130 79846 39642 79764 39901 38967 57413 38968 39904 81811 79859 39910 55357 39147 58102 57762 57934 57765 81481 81227 79868 81059 39154 81228 38984 39156 59131 81062 81317 81231 57348 81235 39586 39248 39333 39164 59225 39165 58971 39166 39124 81498 81329 39088 80908 39770 79805 57793 81254 80917 58392 81003 81344 81260 57375 39780 58397 39784 57380 38511 79820 57721 81267 79822 39618 81268 79823 58403 81015 78975 81270 39196 55516 81271 55518 81273 58408 81359 73965 81362 81277 58243 81363 81023 81278 57394 57395 55527 39122 81537 55528 58418 57824 39125
hp 49
t 59100 57404 58425 79676 55536 58086 58426 79762 58428 58769 58429 81126 55542 59112 81469 79857 79773 39909 79774 79860 79775 79861 58104 79780 73916 38981 55642 79698 57768 79869 79784 79700 79871 81233 81319 57689 57350 81406 80896 79792 79793 80984 81664 79709 81749 79711 58417 79796 39167 79797 80903 79798 79289 79715 81245 79291 81419 80909 79720 80996 58386 39177 79722 57538 60428 79810 81002 81257 81512 81088 38930 81855 79816 81093 77863 79224 58399 81350 79735 81775 79739 81014 81100 81355 39875 79741 79826 81017 79743 79149 81360 59090 81361 58245 81366 81197 58334 57484 58419
ap 28
hp 83
t 77206 77462 77293 54088 53493 77634 77464 70239 54090 71175 54260 54091 77211 53580 77635 77467 77639 77726 54267 54268 54099 54864 54269 54696 54271 77222 51382 77647 77821 69832 77655 53856 77231 77657 51307 70687 54201 77663 69850 51498 76998 71220 53542 54314 54230 76840 54231 54232 69874 77440 70386 77441 77442 77443 71239 77444 76850 77278 76853 70224 77448 70394 70225 70226 70227 77282 70397 54248 52211 71252
hp 79
t 51472 70215 69854 70385 70300 69876 52196 52197 70388 70977 70389 69667 77191 51385 52204 71223 71245 71246 70292 69995 70209 76860 70210 51468 70213
hp 85
t 31054 28844 47375 65650 50095 47120 65906 66417 66587 73218 31228 66419 65994 65909 47210 65912 66508 31065 65915 73226 31066 66427 66172 47983 30728 65918 66429 31069 66174 50110 66515 66603 47138 66351 31586 66607 30230 31676 28874 47407 28793 73251 72912 49282 30922 50048 31178 46989 47158 66370 31520 31011 65860 50052 31523 50224 66375 31101 31186 31697 31102 65867 47167 73262 65870 66466 31616 66382 65872 66383 65873 66129 65874 66385 47174 66555 53126 66132 48113 65963 31538 66474 66134 31199 66475 28905 48033 66563 73279 31121 66566 66483 66399 47105 31210 50081 66656 49913 31641 30792 50428 31219 47285
ap 29
hp 45
t 59526 64798 58934 60465 60381 78317 60042 80868 59194 60385 78576 63532 79428 63874 78749 79600 59200 59710 78580 59625 64811 78667 63877 51212 79263 79178 78498 63880 80796 79438 76634 79610 78590 41871 79611 79186 58873 63548 59468 35414 77829 80721 77916 77831 78003 59644 63554 78854 79194 77835 79450 41881 79366 59646 78262 77836 59052 77837 59139 39930 79200 14434 80819 80820 78612 63738 51753 76658 80823 14694 34074 59488 77849 77850 64081 78276 78277 78192 78278 78873 79384 58559 64933 78280 78875 79130 77856 77857 59668 80833 14619 78539 22780 14621 59756 78287 77861 80839 77865 59676 41911 78291 58826 77866 78546 78887 64947 78464 79147 59683 62744 78299 78469 78470 78301 77876 65129 65131 80856 80857 78308 78478 59524 78479 78650
hp 48
t 44226 26886 69557 61908 45078 26210 45420 69560 61740 45252 69563 43723 27404 45084 69566 69567 61747 69398 68888 47979 68889 68890 61750 46791 69062 61582 43732 45263 69403 45778 47990 62440 43061 66353 27597 25898 27598 68908 46130 66871 27264 43754 46474 69085 62455 61775 48007 25907 45458 62459 26760 46821 26933 69433 26934 43087 46828 26088 69554 42241 27623 26943 45813 27114 69445 68935 42079 2980 69280 45820 69621 26274 69455 69117 69627 69118 69119 68100 62490 45493 45666 63008 45838 48049 69472 62332 43467 69478 26299 25280 66760 69483 46024 46704 48068 45858 67449 69325 62186 68817 46888 27169 66949 42469 66101 43662 27514 69506 27176 27347 46047 27177 45880 69513 47923 66794 27359 47589 69350 27531 46571 43003 26853 47594 69525 62385 26176 26205 27539 46579 45560 65620 45391 45902 45393 26184 43356 46079 27380 27210 45402 45572 62403 45573 69374 27385 27386 45236 68699 61730 68872 69552 62414 26204 26885
ap 30
hp 157
t 8215 9678
hp 53
t 19152 6615 17858 7914 7404 6810 4324 14142 21666 21115 18249 7391 7370 5204 19356 17104 18851 15003 19573 40951 17002 19149
hp 153
t 5466 5638 16859 7000 7341 7005 6667 18402 5652 6850 7020 6680 6681 7363 18074 6854 6004 6683 6005 6686 6857 6010 4311 6012 7374 6695 7376 7378 37469 19621 4321 6701 19797 7048 18441 19801 19805 17935 6035 6717 18111 37491 18282 19136 18287 6729 7409 20161 18121 6901 6731 16761 7412 6736 18977 6910 6741 17961 6062 18982 6743 6744 18985 6576 16438 6748 18990 18991 7091 16443 5225 17977 17128 6758 6759 5233 6594 21044 5235 19176 19856 6597 19007 19178 19010 18332 19186 16806 6948 6949 18340 6951 6781 19361 7293 19193 18854 18004 5255 6785 6956 6788 7469 6620 18860 5261 18351 5263 7475 6966 6798 6459 6630 18191 6631 5273 6634 5276 17860 5280 8170 19730 6641 8171 6132 18034 18377 5289 6821
ap 31
hp 391
 65422
ap 32
hp 392
 56590
ap 33
hp 362
t 56653 56604 54283 56770 56772 54401 57140 56785 33668 56682 56831 32921 56619 56644 54667 57227 56964 57178 54326 32904 56802 32929 56607 56624 56966 57131 32909 56943 32942 54446 32951 40498 40501 56848 56951 57095 56609 56610 32898 57097 33728 57248 57118 57180 34342 57300 56651
ap 34
hp 393
 24575
ap 35
hp 113
t 79203 78863 60376 79119 77887 79204 58975 77889 79292 78910 78274 78870 77853 79468 77854 79129 77855 59541 79856 59882 79560 59672 78503 59680 79613 59893 78297 78509 79105 77873 78852 79150 79151 78557 79281 78559 79582 79285 78947
hp 273
t 41676 41336 41677 41337 23148 41678 22638 41338 41679 22639 43889 42705 41345 41685 42368 42708 41688 41689 42710 42371 42542 42031 42372 42202 42373 42374 64985 41017 41698 41699 42040 42380 41700 42721 42381 41701 42382 42722 22662 42383 22831 44932 42724 44933 23514 42043 42045 42215 41706 41707 42727 41368 22669 42560 41709 41710 22840 22841 42731 22842 42561 42732 42563 23523 42221 42562 42223 42734 42564 42735 42566 65346 42395 42567 41377 41378 22849 42738 41379 22850 42740 42571 22851 42572 43933 42573 22633 42576 42066 43938 41388 42749 42580 41729 41390 41391 42582 42412 23032 42584 23034 42585 22865 42415 23036 41736 42588 59928 22528 59929 43780 41740 22871 42591 21512 22872 22532 43953 22873 22874 22704 42595 22705 43958 41409 22880 59940 41410 41750 22881 41411 22711 22882 41412 22712 22883 41413 22541 22542 22543 42605 41415 42606 42607 59949 22719 41420 41421 41592 22892 41422 41593 22893 41423 41594 22894 22895 23748 41769 41600 23070 23751 41605 41606 41612 43822 41785 41786 41622 65422 59983 41624 41625 21906 41626 21907 42041 21909 62540 62541 41633 41634 42212 22254 41635 41636 21916 41466 41298 43848 22939 42661 22602 23285 41645 41646 41647 42497 42498 23289 42499 42500 41311 42501 42502 23634 22784 22786 23639 22620 22791 41664 22624 41665 22625 41666 22626 43876 41667 22797 41668 22968 22628 22629 21949 22799 21950 42520 41671 22461 41333 42523 41675 22805
hp 177
t 62331 43163 43038 69474 69432 46611 43213 45382 45849 45552 45850 45510 62341 45851 45384 45385 45556 45557 62388 45558 45559 45730 45475 46029 43181 45561 45563 69406 68981 43396 45394 43057 45565 45396 45438 26654 45566 45439 43059 45397 45399 45866 69284 45867 62359 43234 45997 69203 69330 43405 45404 43066 45446 45405 61726 45407 43156 69169 69298
hp 100
t 68148
hp 290
t 68588 67750 71746 68569 68570 68571 68583 68563 68565
hp 301
t 71680 72106 72107 72109 71685 72111 71771 72113 72114 71776 72120 71781 72121 71951 71696 71867 67703 71783 72038 63496 71698 67789 71785 72083 72126 72085 80034 72086 79992 71790 71706 72047 71707 72388 72390 72093 72094 72689 71712 67718 63638 72098 72353 63515 72399 71974 71720 63391 63518 71721 71765
hp 303
t 71340 72531 71129 72616 71979 71299 71341 71342 76529 71132 72662 69858 72666 72667 72668 71352 72670 76540 72672 80026 72461 63536 76371 71104 63539 71275 72678 71318 67791 71107 71150 80032 72680 71320 72553 71321 71322 72556 80037 71324 72686 71964 71327 72645 72051 72520 72690 80044 72693 72524 72651 72567 76520 80006 71124 72696 71125 76140 76523 71338 72699
hp 168
t 27227 27907 27995 28335 28080 25871 27316 27317 25872 26468 26383 203 27999 44236 43560 42880 42881 27327 27667 27923 28014 27249 42889 27930 28020 26577 28108 28110 28027 26584 27179 26249 25146 28122 244 25915 28464 27785 26595 246 27787 27278 25835 44198 26435 26606 25332 27967 27968 27801 28313 25935 28145 27976 26448 28149 43621 28151 27984 28154 27986 27987 27988 28158 26375
hp 255
t 69373
hp 231
t 76866 77036 76867 77037 77209 77040 76871 72621 77041 76872 77042 76873 76874 77044 71264 76875 77045 76876 71265 77215 76877 77047 76878 72628 77048 77049 76880 77050 77051 76882 77052 77053 77054 77055 76888 76889 75701 69752 69753 75703 76900 75711 76903 77246 69936 76909 77088 77093 76925 76926 77097 77610 77102 77783 69795 72179 69806 69807 74912 77636 76961 77812 72543 69824 77815 69826 69827 76967 75610 76800 76294 77144 77145 76296 72557 69838 76979 71201 69842 71202 69844 75626 69847 69849 71380 77160 69852 69853 69855 71215 76995 69856 71216 72578 69859 77000 72580 76321 69863 77003 76833 72583 76834 69865 71225 77008 69868 76838 69869 72588 69870 77010 75650 75651 72590 77011 77012 72592 77692 76843 77014 77015 69875 76845 77016 77017 76337 76847 77018 75658 76339 77020 72600 77021 72602 77022 77023 76344 72604 76345 77195 75666 77026 76347 75668 71249 71420 77031 76351 77201 77032 71422 76865
hp 82
t 49413 49753 49499 73640 50777 51968 49674 49505 49421 52141 49507 52143 51980 49176 50792 49177 49773 49178 49435 66010 50116 49351 50118 51991 50802 70691 70352 50803 49445 52080 30236 49447 50128 70188 50044 72824 49874 49450 50387 49454 50050 70791 49541 66372 49712 49883 49718 50908 49494 73349 70970 49383 49495 49727 49473 66389 50155 66477 49566 47357 49226 50587 73112 50165 49154 49401 50846 50167 50169 66829 49574 49152 49492 49153 49408 50174 49155
hp 174
t 42611 42612 42698 42614 42359 42615 42700 42360 42616 42701 42276 42617 42702 42618 42448 42619 42449 42364 42620 42450 42365 42110 42621 42452 42284 42624 42369 42029 42285 42370 42625 42286 42287 42032 43818 42713 42033 42034 42714 42375 42376 42377 42378 42379 42635 42639 42384 42725 42131 42047 42387 42133 42304 42134 42049 42305 42390 42306 42646 42391 42307 42392 42308 42648 42393 42733 42309 43669 42310 44011 42651 42311 42312 42482 42313 42314 42484 42315 42656 42401 42657 42402 42403 42404 42320 42405 42321 42406 42407 42323 43343 42493 41984 42494 42409 42240 42495 42667 42327 42328 42243 41989 42331 42161 42249 42335 42421 22194 42427 42003 42684 42429 42347 42265 42692 42693 42609 42695 42610
hp 165
t 27396 27056 43037 26889 27910 26551 26381 27232 27912 26382 42873 28081 27234 42874 27235 42875 27237 26392 27412 26395 43056 27248 26568 27418 44249 43058 218 27420 42891 43060 27421 43573 27423 43063 27424 28104 26915 26576 27426 27937 27257 27427 27428 43068 27429 27430 27431 27432 42903 27433 27434 27436 27437 42908 27778 27949 27439 44271 27441 42912 27442 26253 27443 26254 26935 42916 27446 27786 42918 26259 27449 26940 42921 26771 27791 42924 26605 27115 27795 26947 27457 27458 27459 26270 27292 27972 27293 27124 27465 27296 27127 27128 27640 26450 27641 27131 27302 26451 27132 27303 27304 26454 27305 27134 27306 27307 27138 26969 26290 27311 27313 27314 26464 42957 26467 42958 45679 26469 26470 27321 44151 27151 27322 27492 27323 26477 27503 26664 26494 26167 25827 44194 43028 45753 27394 26545
hp 228
t 81540 81243 81712 81584 79162 81331 79164 59105 58767 81718 79848 81382 81384 81599 79135 81346 81391 59121 81011 81564 81396 39151 81397 81398 79157 74728 79831 79152 79748 79158 79153 58413 81408 79155 74183 79156 81367 80985 79838 79159 81370
hp 262
t 63606 63607 67687 67857 63608 67688 68027 63609 68028 63610 63611 63612 67692 63613 67693 67863 63614 67694 67864 63615 67695 67696 67697 67698 67699 63619 67700 67701 67872 67704 64304 68388 67708 67709 67710 67711 67881 67882 68564 67720 63641 67721 63642 68573 63648 67728 63649 63650 63651 63652 67732 68582 63653 67902 63654 63658 63659 63489 67740 63662 67742 68592 63663 68593 67744 63664 68425 68426 63497 68597 63604 68598 67749 64349 63839 67751 67752 68602 63502 63605 67753 63674 67584 67755 67585 68605 67756 67586 67587 68607 67588 67589 67590 67930 63682 67763 63684 67594 63685 67595 67596 63687 67936 67597 63859 63690 67600 67771 67601 63692 67772 67942 63693 67603 63694 62843 67604 63695 67606 67607 67947 64378 67608 67609 67610 67950 67611 67612 67784 63534 67614 67785 67615 67786 68466 67616 67617 67618 67619 67620 67622 67623 67624 67625 67626 67627 67628 67629 67630 67631 67971 65765 67635 68025 67985 67648 71728 71559 63569 67649 67650 63570 67651 67652 63572 63573 67653 67824 63574 63575 67655 63576 67656 64427 63577 67657 63578 67658 67829 67659 67830 67660 67831 67661 67832 67662 63582 67833 67663 63583 67834 67664 67835 63584 67665 67836 64435 67666 67837 63757 67667 67838 67839 67669 63589 67670 63930 67671 63592 67672 67674 67675 67676 68016 67677 63598 67678 67679 63600 68020 63601 67681 63602 67853 68023 67684 67685
hp 68
t 44820 4871 918 20638 20596 281 963 454 1008 289 928 844 20905 505 338 381 850 341 28307 20573 1023 20574 981 473 730 44845 22070 359 830 44520 20595 28330
hp 300
t 80012 71937 72703 71345 72536 72451 76320 71347 71985 72453 71986 71349 71860 71987 80870 71988 72669 72032 72034 80068 71313 72036 72462 63537 72037 72676 72039 71954 71997 71870 71359 71956 71957 71958 71959 72682 71960 72514 71961 76041 71963 72517 71965 72180 75966 72525 76137 72483 72526 76138 63517 71977
hp 166
t 24602 27950 26377 82 26198 25976 210 27241 27922 1593 26594 25149 2956 163
hp 334
t 18640
hp 180
t 27993 26550 26380 42956 26466 44317 44318 27320 28086 44833 44155 26561 44328 27838 28349 26479 28351 27926 26569 984 985 45019 42979 45020 44171 25897 28107 44343 25900 44176 26582 44177 25904 45032 44182 27777 27989 44183 2959 44185 44186 26592 25658 26593 44868 44188 28075 27784 27958 42833 44535 27961 27962 44537 27963 28305 27966 45052 28053 28308 44203 27798 28309 28054 44204 26610 44205 28317 44387 44472 28323 44303 42946 28326 44221 26374 28329 44479 27990
hp 110
t 80415 80970 80484 80422 79785 80405 80384 79747 80406 80385 80407 80386 80408 80409 80494 80410
hp 248
t 61172 18547 18552 18655
hp 80
t 47122 47123 30977 30979 31154 47134 31157 30651 31161 50032 31162 50033 31163 49694 31164 49865 50036 31165 31506 50037 31167 50038 50039 50210 50041 28791 31003 50386 50047 46988 49709 31179 50219 31180 31012 65862 47163 31014 31184 50398 66038 50399 31020 31190 31021 47173 66384 65876 50067 47687 31368 65878 49730 50073 31543 47184 50075 50076 50418 50420 49741 31041 50255 31218 47199 31223 31225 31565 31226 66246 66247 31058 66418 47208 73222 47213 47384 30216 47387 31068 73229 30730 31070 30220 30731 31072 30732 73233 31074 49605 30737 31077 30227 31078 30228 50120 30570 50121 47401 31081 30742 47402 47910 50123 48084 47404 50124 30914 49615 50126 31595 31087 30237 50129 31089 47579 73250 50130 28880 50131 30239 31093 30923 31094 31095 31436 30929 30761 31103 30763 66464 28896 30936 66297 73268 30259 30772 47434 66135 31965 73277 50162 50164 47104 31124 31125 47106 50171 50002 50003 50004 50175 30965
hp 298
t 63888
hp 277
t 64398
hp 106
t 80607 80437 76740 76743 76745 76619 76748 76749 80448 80449 80450 80451 76627 80452 80495 80411 80453 80454 80455 80498 80456 80457 80628 80247 80460 80461 80462 80633 80463 80634 80635 80636 80467 80429 80387 80430 80472 80473
hp 340
t 48052 45418 46784 46530 45170 46786 45264 46794 46285 45435 46711 46712 46798 45269 46799 45271 46887 45104 45275 46805 45277 46808 46724 47914 46809 46469 46726 46470 47236 47916 46642 46812 45452 45453 46644 46473 45454 46134 47920 46135 45794 45795 46902 46817 45457 46477 46818 46138 46819 46479 45119 46820 47926 46654 46655 46826 45806 45638 46829 46830 46490 46831 46491 45474 45476 45821 46587 45822 47947 47442 46763 45658 48042 47960 46600
hp 164
t 44227 42867 27483 26549 27400 27401 42872 27233 44148 44234 44150 27236 26472 27238 44154 27328 43733 27329 27414 43565 42885 27415 27160 27332 27247 27333 44248 42888 27334 27335 27339 27254 27340 27255 42895 42897 27258 27173 27259 42899 42900 27260 43580 42901 26244 26414 27350 26075 42906 42907 42909 27355 44270 26250 26420 42911 26081 27444 42915 42917 44192 27447 26427 42919 27365 42922 44197 42923 27453 44199 43774 27201 43521 27033 27203 27034 42930 26525 27037 42932 27039 43530 27041 27211 27044 43544 42940 42941 27216 42942 27219 43539 27220 43541 27052 27392 27221 27053 42948 43543 27054 42864 27055 44225
hp 187
t 44864 44865 44909 44529 45041 44871 44872 44873 44874 45045 45050 45010 42120 42886 45054 42251 42294 44802 20579 44804 42298 20581 42256 42257 42259 42174 42261 20587 42262 42135 42266 42267
hp 261
t 18627 18637
hp 234
t 58845 6573
hp 78
t 71000 70705 70367 70707 73090 49419 49420 70924 73304 50143 65996 65657 65790 73653 70934 65708 50112 68259 50113 49433 66476 66604 70939 70983 70686 49270 70393 70989 70354 50125 73585 70951 73248 70915 73125
hp 186
t 44906 44206 44207 1006 987 28102 42149 1011 42959 45022 28065 28066 44365 20650 28346 42902 44838 28328 42949 44160
hp 175
t 43546 43547 43548 43718 43549 43719 43551 43552 27147 43554 43555 43556 26896 43557 43558 43728 43559 43644 43645 43646 43731 43562 43647 43563 43564 43566 43739 42890 43570 43741 43742 27168 43743 43744 27170 43065 43661 43406 44257 43407 43747 42898 44258 43578 27174 43749 43751 43752 43583 43753 26672 43589 27356 43591 27357 43592 43762 43593 27358 43763 43594 26678 43764 43595 43765 43596 26681 43766 43597 27022 43767 26684 43769 26515 43770 27366 27368 43603 27370 43520 43775 27371 43438 43525 27376 43526 27206 27377 43527 43528 27379 43529 22109 42935 43531 43532 43536 27387 43537 42943 43538 23310 27050 43540 26712 43542 43713 43545
hp 96
t 77225 77150 77294 77148
hp 341
t 26292 45587 27568 46950 27572 45678 27573 45593 26128 27575 46533 26219 27494 26134 27580 27581 27582 27583 46709 27499 46796 46542 46544 45779 26230 45780 46550 46721 45106 46722 46552 46723 46554 45620 46131 46897 45115 27521 45627 27522 26248 27523 46564 46140 46566 27526 46907 27527 27528 46569 47590 47591 47931 46573 26173 46574 45809 26174 45641 27536 45811 45642 45387 45812 27538 45645 27541 45648 27544 27546 27547 45568 27549 45570 45656 45571 45657 46848 45659 45578 46769 45668 26203 47794 27564 27565
hp 64
t 45055 45035 44187 44337 44869 45040 44126 45044 45023 28322 44348 44181 42926 44351 44202 27181
hp 169
t 280 111 366 536 4617 624 457 4792 713 373 375 462 293 465 4630 28601 136 146 656 318 404 661 28292 329 415 330 501 28128 1779 4671 253 680 681 257 685 260 686 177 687 178 263 179 97 27977 98 693 268 354 269 100 185 14 101 15 271 102 187 272 188 190 20 191 362 278 109 4615
hp 263
t 61566 67517 67518 67519 67859 64461 67012 64462 67353 67014 67015 67186 67358 67188 64468 68212 67534 67365 62434 68216 67196 67029 67031 68733 68734 67374 68224 68225 68229 68232 64324 68234 67385 67047 67389 68241 67052 67393 67054 67395 67225 67396 67397 64337 68247 67398 67058 64338 67399 64340 67401 67403 64343 67575 67407 64348 67238 67239 63159 67580 64351 67413 61633 62483 62994 68264 67245 67416 68436 67246 67417 68096 61636 67418 68097 67419 64359 67420 63000 67591 61642 67423 64363 68104 64365 61648 68108 65559 64370 67431 64371 64372 61653 68453 68113 67434 68115 67435 68116 67096 64376 68117 68118 67438 61658 68119 68120 67440 68460 68121 64380 61661 64381 68122 68292 68123 64383 68804 68124 68125 64385 63026 64386 68126 68127 67447 66937 61668 67448 61669 68809 65579 61670 63031 61671 68131 68132 68133 67453 63034 68135 64396 68136 64397 68818 68139 61679 61509 64401 68144 67464 61684 68145 67295 68146 68147 68827 68829 68150 64410 61693 67474 64414 67475 61525 68156 67137 64418 68158 64421 67142 64423 67993 68844 68168 68849 64429 64259 67319 64430 64431 64432 64433 67494 67154 68344 67324 67155 67325 64436 68686 67497 64439 68179 68689 68350 64441 67502 64442 67332 67503 61553 63084 67504 64445 67510 68195 61565
hp 304
t 78480 6571 78481 59188 78483 60378 59869 58849 59699 60380 59872 59192 60382 78318 78488 78489 58516 78491 78537 59157 60391 58864 60394 77864 60355 58868 60398 59889 59166 59719 59679 78508 60403 58491 78467 78893 59726 59897 59174 59176 59899 60408 78472 78473 59691 78475 78858 59183 6527
hp 331
t 22928 22970 22534 22789
hp 276
t 44008 65471 42522
hp 188
t 69475 45506 46528 46529 45425 46785 46531 45426 45427 46787 45428 45432 45518 45773 45437 46797 46543 45440 46800 45441 45781 45442 45443 45444 45445 46465 45447 46807 46468 45788 46128 45789 45449 45109 46129 45450 45790 45110 45451 45111 45791 46471 46810 46133 45113 45456 45116 46478 45800 45460 46736 45461 45801 45462 46142 45463 45803 45464 45465 46825 45466 46572 45467 46827 45468 45469 46575 45470 45473 46752 45562 45479 45395 46755 45480 45567 45483 45484 45655 45485 45486 45487 45406
hp 208
t 18431 18261 19622 19623 19624 18371 17715 18417 17716 18418 18419 19630 18398 17724 17597 19616 18257
hp 302
t 80584 76272 80288 72640 80291 80589 80632 63506 75449 76343 76311 64127 76326 79407 80726 76328 76541 72568 80558 76585 76117 76331 76309 80219 76332 80879 80073
hp 260
t 59972 59483 23126 59401 59402 59934 7130 21709 23112 59407 22539 23113 22540 59792 22967 22776 59392 60158 59925 59394 59948 23165 22974 23293
hp 182
t 25186 25654 2875 25103 25318 24596 1603 24597 25107 24642 25322 25152 24601 2968 25197 249 25112 25198 25113 24645 25199 25114 2929 2972 25115 24606 25327 25157 25630 1575 24611 26354 2939 26358 25338 1539 26362 24620 1585 2988 24664 25089 25132 25090 24666 24625 26112 24583 25155 25094 25096 1680
hp 305
t 71171 71256 71257 76528 71174 71344 71259 76531 72452 71178 71348 72539 76534 71180 71350 71351 71266 71183 71353 71268 71184 71354 71269 72460 71355 71270 71186 71356 72547 72548 72123 72463 71273 71190 71276 71278 72638 71194 71195 72642 72559 75706 72646 72647 76306 72485 71213 76313 76315 72575 71217 76317 71982 69860 76324 71224 72584 72586 76836 70376 69871 71316 71232 72679 71235 76336 72513 76340 71325 72685 71326 72688 72519 77025 77027 71247 72692 76349 77030 72610 71168 71169
hp 326
t 21700 22806 18641 23061 23062 22808 22811 41426 21708 23410 21711 60982 23242 22987 22820 22821 18656 21889 23334 60990 23676 41614 22830 22236 22406 44934 41621 41453 23008 41708 18674 24540 22670 61176 22418 59989 6354 22420 22421 23016 22676 23867 24292 22848 22933 23191 23106 22852 22427 23535 22860 37820 21330 24561 24306 23031 24564 23292 44967 21932 24315 22785 22446 41827 22959 23131 22707 22794 22709 60961 22796 22627 21947 23223 22884 22714 22460 18635 44902 41757 22463
hp 209
t 33178 40722 17370 17371 32799 14739 14763 14742 33506 33848 19334 40904 16764 14746 34190 14725 14747 40948 17978 14728 14729
hp 103
t 63520 63521 80013 71768 71769 80864 80015 71770 80184 71684 63524 71686 71941 71942 63528 71943 63530 80871 71946 71862 67783 71693 71695 71950 71866 63876 80027 72122 71868 71869 71699 67706 63541 71787 63542 80033 67795 63545 71791 63889 63551 80042 71967 71714 63555 80046 71719 67825 67826 72671 71744 71999 63499 71745 79991 71749 79995 71751 71753 80001 63511 80002 71758 71929 80004 63519
hp 65
t 28310 919 4999 4915 303 771 983 5002 710 456 4749 460 822 801 20649 320 654 676 294 974 28366 28324 870 998 28348 28306 298 448 300
hp 264
t 62247 65309 64970 65310 62251 65313 65316 62511 41346 42706 42623 41687 41348 62854 42711 62688 43138 65493 43140 41016 65327 41696 41357 41697 42038 42039 41359 64990 62525 42042 42723 41703 43321 62872 41711 64412 41380 65520 44017 42659 61954 62209 44020 62210 62212 42578 42750 42496 42671 42503 62224 42505 62311 42679 62230 62231 41406 62317 62658 43788 61979 42600 65296 62492 65301 65302 64794
hp 254
t 64128 43989
hp 272
t 64966 64967 22637 23149 64971 65133 65312 22812 65314 65315 64976 23156 64977 64978 65318 65319 65320 65321 41691 64982 65322 65323 65324 41864 22654 64984 65326 24526 23167 64987 65328 64989 41872 41873 41875 22835 7025 41877 41878 41879 59559 41882 65172 65173 65175 59395 65006 65177 65008 65348 65178 41889 65009 64839 41890 65180 64840 41891 65181 65012 41892 59400 65013 41893 65183 65014 65015 41895 21665 59406 65017 41387 65358 65018 41728 65359 65019 22689 41900 41730 22690 41901 41731 59241 59242 65192 65023 22693 59924 41735 65195 24395 65196 59926 59927 65197 65198 64859 59930 65200 59251 41741 65201 23041 65202 59932 59933 22703 41743 65204 59935 65205 22536 65036 65206 60617 22537 23558 41918 65208 65038 23049 65011 23561 59941 65211 59942 41752 59943 65303 22545 41755 22720 60120 59951 22723 23064 23065 60125 22726 22728 22729 22731 41432 41772 41773 23074 59285 61155 22736 22737 22738 59458 59969 22739 59970 59291 22741 22742 59462 59293 60483 59974 22744 23084 22745 59636 59296 22746 60486 22747 59639 22920 59640 59301 59642 59303 41793 65084 41794 60543 59307 59987 22929 41120 22931 22592 59312 22934 23104 22425 22766 22426 7127 23108 23109 23110 22601 22772 22603 41815 23286 23116 23117 22608 22609 41819 21759 23119 23290 59839 22610 22611 22612 22782 23122 22613 22614 22615 23125 41825 41826 22618 22619 65120 65461 65121 22621 22622 65123 41836 22969 41839 64960 22631 64961 60541 22972 60542 64962 64963 22634 64964 22635
hp 107
t 76356 76357 76358 72619 72450 76532 76362 76533 76363 72623 76364 76535 76537 72627 76368 76542 76543 76374 75696 76376 76379 71279 75533 77033 72475 75708 76388 76389 75200 72653 76225 72655 71975 76226 72656 76227 75208 71978 72660 72663 76576 76577 76578 75728 76579 76580 71990 75221 76582 72674 76245 76247 76417 72677 76248 76418 76077 76419 76250 76590 76420 76591 76251 76421 76252 72681 75233 76253 76254 72515 76427 76260 76261 72691 76262 76263 76264 72694 76265 72695 76266 76355 76436 76268 76269 76270 76610 76440 76271 76441 76612 76442 76613 76273 76443 76275 75765 76276 76281 75431 76622 76623 76288 76289 76119 76291 76461 76462 76293 76295 76298 72560 72563 76303 72564 76308 72569 76312 76992 76314 76316 72577 76322 72582 76323 76325 76327 76498 76330 76333 76503 76334 76335 75656 72613 75662 76342 75664 76346 75667 77028 72609 75670 72611 72612 76352 75672 76353 76354 72615
hp 176
t 43759 26675 43760 26677 43720 27360 26680 27361 43128 43171 43214 26682 43172 27363 26683 43215 43173 45386 62386 43049 43730 27369 62305 43180 62306 62392 62307 27159 62222 62393 62394 62395 62354 27336 27208 27209 62315 43062 27382 43064 43404 43745 43067 27344 62364 27345 43750 27262 27390 27348 27391 43158 27349 43755 27225
hp 268
t 23130 22717
hp 185
t 25909 25144 1559 2027 25148 3007 1562 2965 2922 2966 27277 26384 2967 26304 26390 27497 26310 1580 1581 1582 2986 26022 26023 26195 1590 24627 1591 1422 2994 2996 235 26587
hp 271
t 63436 63437 63438 63439 63452 63454 65497 63460 65503 63465 63467 63468 63473 63474 63475 63479 63482 65523 63483 78787 65190 68254 63500 67613 65245 65247 65248 63552 65253 63557 63561 63564 65266 63568 43859 79576 43878 63434 43902 68728 43919 65342 43948 43950 43952 67754 43959 43977 43985 44003 79370 65444 65450 79393 62076 62078 62758 62760 64120 64801 62761 64121 62762 62763 63104 64807 63107 64808 63108 64809 63109 64810 63111 63112 64132 63113 64813 63114 78074 63115 64137 63118 80798 63120 63121 62782 63122 62783 63124 64145 63125 63126 63127 63128 63129 63130 62451 63131 64152 63133 63813 63134 64154 64835 63135 64837 62798 63818 64838 63820 78100 63140 61441 61442 64162 63143 62464 64164 63826 63146 61447 63827 78108 62469 63149 62470 63831 63152 62472 64172 62473 63153 63834 61454 63154 80835 63155 64175 64856 63156 64857 63157 61458 63158 62479 63160 62480 63161 63162 63163 62484 61464 63165 62145 63166 64526 63167 64867 62147 62487 62827 62489 63849 62149 64190 64529 64531 62491 78132 62493 62494 62834 62836 62156 62837 62157 64878 63858 62838 63860 63861 63862 64542 63863 63864 62164 62504 63185 63865 64205 63186 64206 64207 61487 63188 62848 62168 62849 63868 63869 63190 62850 63870 63871 64891 41090 62172 62170 62512 63193 63873 62853 62514 61494 64553 62857 62517 62518 63198 62859 64559 62179 63200 63881 61841 62182 63202 64562 41102 62183 62184 62864 63204 77825 63205 62185 61845 63207 62187 62868 62188 62189 64570 62870 61511 61852 62873 63894 62534 63215 78176 63897 61857 62538 61859 63901 64582 63904 63905 63906 62546 63907 62548 63908 61528 63909 67988 64591 61532 62553 62554 62557 61878 64938 62558 62559 61879 64258 64260 61540 77859 64261 62562 62563 64263 64264 64265 62565 62566 64266 64607 62567 77868 64268 63248 64269 64270 61550 63250 63251 62910 62570 63932 64271 77871 64272 64273 63253 63254 62913 64275 63255 62508 62917 63257 63258 63938 64278 62578 63940 64281 64621 64282 63942 62582 62923 64283 64625 63266 64626 63946 63267 64627 63948 64288 62929 63949 63950 63270 63951 63271 64292 63273 64294 63955 64295 63275 62596 63956 63277 62938 64638 63278 63279 63280 64640 64300 63281 62940 64302 62942 79942 62943 64303 62944 61585 63965 62945 63286 63966 62947 63287 63967 63968 62608 64309 63969 62949 62610 62609 64650 63290 62951 64311 63291 62611 63973 64653 62953 63974 77914 61929 62955 64995 63294 63976 64318 62958 63978 62619 63979 62620 62622 64323 63303 63983 77925 63986 63987 63307 63308 62968 61608 62969 63988 63310 63991 63311 77933 63993 63994 64674 63995 64675 62976 63996 62637 62638 62640 62980 62641 62982 62983 64549 62986 64346 62988 62989 62990 61971 64352 64353 62654 64354 64355 61975 64356 64698 62660 61981 64361 63003 62663 61984 64364 61985 61986 64367 61988 61649 64369 61991 63351 61651 77971 64712 77973 61994 61655 62676 62677 61997 78657 61998 64379 61999 62680 61660 62001 62682 63023 64389 64391 64394 80035 61676 62696 62016 68137 62017 62018 62700 62021 61681 63042 61682 63043 62703 62704 62706 62707 62710 62712 64413 61694 63394 62035 62038 64420 63067 80067 62728 63069 63070 64771 63072 80752 63073 63074 63075 78035 63076 64437 63077 64777 63078 64438 64440 62740 63080 62741 63081 63083 80763 64443 64783 64785 62747 63087 62069 63091 63433 62074 63435
hp 189
t 27480 26801 27057 27228 26209 27484 27059 26211 26126 26977 26297 26127 26298 27487 27488 27490 26725 27576 27491 27406 27577 27067 27407 27578 26727 27579 27493 26220 27495 27496 27411 26987 26732 27330 27416 27162 27590 27165 27591 27337 27252 27507 27338 27341 27343 27261 45792 27263 27519 43585 43586 43756 27438 26260 27112 27031 27456 26271 27461 27462 27463 26784 42766 27042 26959 27215 27642 26282 27217 45749 27049 26116 45667 27222 27137 27224 27395
hp 97
t 28893 50410 30217 31185
hp 354
t 77779 75771 77780 75004 54893
hp 269
t 24533 24549
hp 270
t 62756 62757 65478 64800 65483 62764 62767 65488 64129 65490 63450 64130 62771 62772 64133 62773 62774 64814 63455 64135 63116 64136 63117 80797 64818 62778 65499 64819 65500 65501 62781 62753 80805 63466 62786 65507 65509 65511 65512 63132 65513 65514 65515 65516 65517 80817 65518 63478 80818 63480 62800 65521 63141 64163 65524 63144 62465 64846 63487 62467 65528 80828 63828 80829 63490 65530 63151 63492 65532 63493 62474 63495 65535 62816 80836 80837 63837 63498 80838 63838 62819 62820 63840 63501 62482 63503 64523 80844 62486 63848 63168 63169 63171 63851 63174 63175 63176 63856 63177 63857 62158 63179 62159 64883 63184 61826 63866 63187 63867 63192 63872 62513 63194 63195 64215 64216 65237 64217 64220 62524 62865 62866 61846 62527 62869 62529 62871 64911 63891 63892 63893 62874 63895 62876 62877 63898 62878 63900 63902 63563 63903 63224 63225 64246 61866 62887 62547 63228 63229 63230 63910 63571 63911 62892 63912 62893 63913 63914 63915 62895 62896 63916 43857 62897 62898 77858 61539 62899 63580 63920 62900 63581 63921 62901 63922 62902 43863 63923 63924 62904 62905 63925 63586 63926 62907 63927 63588 63928 63929 61549 63590 63591 63931 62911 62572 62912 63593 63933 63594 63935 63596 63597 63937 62918 63599 62581 63261 62921 43882 63603 63269 62592 62933 62593 62594 62934 63274 62595 62597 62598 62939 62941 62603 62946 63288 62948 63289 62612 63972 62613 64313 62614 64314 62615 62616 62617 62618 77919 63300 62960 62621 62962 62623 64664 77926 77927 62967 62631 62974 62636 65357 62978 62639 65020 62642 62644 62645 62646 63667 62647 62987 62649 62650 62651 62652 62653 62655 65035 62996 62997 62999 65040 63002 63004 63005 63015 63021 63022 61674 63093 63041 63044 63045 63046 63386 63047 63048 63049 63050 65431 63051 63052 63053 80734 63055 79379 63059 62720 62721 62724 62725 79386 62727 61708 62729 62730 62732 80753 62733 62734 62736 65116 62738 62742 63082 62745 62746 62748 62749 64790 62750 79411 64792 65473 65474 65475
hp 324
t 75591 75593 75720 75211 75721 75722 75597 75640 75724 75767 75216 75726 76917 75770 77004 77046 75645 75772 76920 76963 75646 77006 75731 75774 76922 75773 77009 75436 76883 75055 77013 75702 75619 76469 75704 77024 76471 76302 76473 76474 76432 76475 76433 76434 75074 76479 76438
hp 344
t 20600 42181 20897
hp 181
t 27991 27992 27994 44824 285 27996 286 27997 27998 28340 291 44324 28006 297 28008 44413 28350 28010 980 28011 28012 28013 28098 304 44335 305 44336 42976 986 28017 42296 307 28018 44338 44848 223 28103 308 44166 988 44339 28019 44340 990 28106 45021 44341 44170 27938 44850 28022 44342 44167 28111 827 232 999 28030 1000 28031 27946 1001 67 1002 45033 1003 28118 1004 1005 45037 28123 27954 28296 27956 44366 846 44367 27793 28304 45053 181 28062 28064 28320 27985 28325 28072 28157 27905
hp 171
t 62297 62401
hp 105
t 79479 77844 76697 80396 80566 79441 79484 80483 79294 79569 79570 78848 79443 79487 79476 79618 80492 79583 77902 79432 79284 65216 79604 79605 79477 79606 79713
hp 227
t 59463 59495
hp 111
t 75080 75209 75081 75256 75257 75087 75258 75555 75089 75260 75261 75219 75262 75222 76416 76927 75694 75440 75657 77019 75659 76300 76470 75705 75077 76301 76472 76387 75707 75709 75710 75201 75202 75203 75076 75205 75079
hp 335
t 47989
hp 69
t 44992 42059 45014 44801 42140 45015 44994 42148 44954 20644 42107 42064 42108 42982 44809 42132 42154 22817 44896 44875 42137 42138 44966 44881 20572 42182 42057
hp 265
t 65306 43886 42696 65307 62246 42697 43717 43210 62506 42446 43978 42703 62254 42704 42790 43896 42622 42537 42707 41347 42709 43135 43986 43987 43222 61923 68638 41184 65325 43228 62268 41358 65498 41189 42719 64991 43317 62103 61934 43999 44000 62275 61765 62105 44001 42726 43151 43323 68993 65339 62365 65000 44007 41542 62367 65003 42394 42565 41206 43841 43162 43164 65010 69345 61953 62208 42743 42574 62380 61955 43936 62211 62382 43937 43851 41048 62384 41389 41561 62304 40970 43777 42507 61888 42594 42509 43955 42510 42681 42596 62316 64950 62318 43789 43960 61896 42689 41669 61899 45834 42690 41670 42521 42694 62244
hp 339
t 24544 24536
hp 274
t 78226 77886 78227 65137 78228 64968 65138 64969 78229 64630 78230 65140 65141 65142 65143 64974 65144 64975 65145 78236 65146 78237 65147 41858 78238 59538 78239 64979 78240 65151 65492 59712 65496 59718 78249 78250 80800 77912 78258 62754 78259 78260 77923 78263 78094 78265 59735 78268 59738 78269 78270 62970 78271 64841 64842 64843 59574 64844 65184 65185 65016 65186 65526 65187 65188 65189 78621 65191 65022 64853 78284 65534 65194 65025 65027 65199 78290 64860 65032 64862 78643 65044 78304 78644 59606 78646 64876 65047 65046 64707 65048 65049 62669 65050 59610 64880 64881 78312 65052 78652 65053 65055 59615 65058 65228 65229 59620 65230 64892 22563 64727 59457 59628 65070 78500 65072 65073 77824 65076 77826 59810 78001 77832 59472 77833 77834 59478 77838 78689 77839 65089 77840 65091 77841 77842 22763 64586 78187 64928 64929 22770 77851 77852 22774 64934 59834 64935 64595 78195 65106 78225 65108 78198 65109 64939 22779 65110 65111 65112 77862 65113 65114 65115 78206 65117 77867 65119 78719 77869 77870 78724 77874 78216 78217 78732 78733 65134 78224 64965
hp 229
t 57740 57741 79038 57405 58766 57406 57705 57749 57368 60387 58477 57586 59116 58395 57758 57759 57930 57932 59122 59123 58912 57595 59125 58913 58957 57767 57725 57556 59128 59130 57346 57433 58411 59091 58500 57694 57737
hp 102
t 71936 80392 71938 71940 76575 71687 71858 71816 63529 71861 71777 71989 71947 71863 72033 71948 71779 63533 71694 71865 80024 71864 76666 71824 71782 71952 76628 71953 71784 71827 71955 71786 71998 80585 80631 72046 72641 80249 80464 71966 80594 80000 80638 80639 80045 63556 71759 75801 71976 63562
hp 226
t 58644 58693
hp 84
t 70917 54259 77210 70837 70839 34884 34970 53672 70929 70677 77223 70933 77224 71105 69745 71106 70936 71447 76887 51642 77228 76802 54023 70684 76805 77232 77233 71454 71456 71203 71459 70696 53442 70697 71464 69764 71465 71126 71467 77162 70958 53534 53704 77164 77166 76829 53964 77171 69946 76832 54647 76835 75649 54229 72589 54061 76841 69873 54063 70978 70298 70384 70979 77184 77100 71152 70387 70982 69793 77188 77189 76849 71155 71495 71409 75661 35031 70986 71157 71158 70988 71159 76854 71162 71332 70398 35038 70399 77199 70570 76859 77541 70912 54083 70914 70489 77205
hp 345
t 44964 44960
hp 295
t 22656 42036 22870 22636 22595 22616 22617 41784 22598 22535 23641 22600 42575 22855 42065 42044 22538 22667 23668 42220 42072 42030 41565 22802 41441
