ap 0
hp 368
 61183
ap 1
hp 369
 53048
ap 2
hp 90
t 60178 58649 60095 59202 60605 60648 59248 60652 58655 59123 60571 57385 58532 60531 57345 58876 61427 60662 58878 59220 59349 61261 59221 59137 58713 60668 22419 59185 58634 23786 60081 59998 58724 59234 60637 60000 59320 58726 60087 61234 59322 60002 59961 60641 61407 59071 60092
ap 3
hp 37
t 79738 75509 79813 75415 79506 79485 81004 77308 61170 80921 79201 75301 80923 53556
ap 4
hp 370

ap 5
hp 83
t 21346
ap 6
hp 371
 20472
ap 7
hp 372
 20158
ap 8
hp 43
t 65830 31745 31831 49469 30175 31026 49940 30816 49983 31114 66048 30944 30859 66178 49943 47566 47483 30230 31717 46890 27510 47358 47275 30743 31041 30660 66148 31043 47790 31002 49702 49448 66448 49960 66282 32070 49625 30967 49838 50221 48309 49968 49543 47928 65821 66204 48311 49970 66205 30208 49460 46915 66762 50571 49977 31744 30979
hp 38
t 30958 30834 53168 49962 32707 31943 66049 53065 30667 27566 31456 31904 30628 30672 30823 32502 50205 66228 50164 30806 49423 65829 66552
hp 36
t 48490 48449 47812 49300 49641 47092 31750 50153 50027 47818 30862 30905 49010 47821 31459 53177 46972 48248 46930 46973 30993 31716 31079 32127 48294 66782 47555 49275 49659 30665 47028 47157 48476 30668 31860 47160 47163 30844 31907 49842 47718 48399 48485 50228 48315 29828 31063 48277 50019
ap 9
hp 59
t 29238 10029 10199 9519 10200 15642 10202 29922 9693 9354 32644 11395 29925 9866 10206 29926 29247 11229 32652 11403 13446 11746 32656 9876 9877 11748 10218 9538 9879 11239 10900 10051 10220 10221 3591 10392 11412 10223 11414 9884 10224 9885 10225 11416 9886 11756 11417 9887 11247 9888 11419 9889 10230 11421 9551 11423 9893 9894 9896 9898 9899 10239 11943 9734 9908 11101 29236 9911 11102 9912 11104 11275 11106 11276 11107 11108 15871 8732 11114 9925 11116 9927 9758 9855 9928 11628 9929 11120 9760 9930 11630 11122 29312 11123 9763 9933 11124 11125 9935 8236 11127 29316 11128 29149 11639 10110 11130 11641 11645 9776 8422 9782 10973 11150 8260 8261 8432 8262 8263 11666 9799 8440 9970 9801 8272 9972 29184 9805 29186 11676 9977 11677 29189 29190 11172 11173 9983 11174 11683 29194 11175 29195 29197 29198 11008 11179 29368 11009 29199 29200 11011 29202 29203 11013 11525 11017 11018 11189 11019 11190 11530 11020 11191 11700 11021 29892 1161 11022 29211 9832 11703 11534 9666 11707 16298 11368 10179 11369 9840 11030 10181 9841 8311 11034 9506 11716 10187 11717 9848 10189 9849 9679 9510 9850 9511 9851 12061 10022 11213 11722 11723 10194 9515 11045 10196 9346
hp 55
t 31108 31024 49811 31027 30858 31113 48369 47011 31117 31457 48288 47779 31714 31121 47696 30870 49910 31040 31722 47023 31133 31135 53150 31985 31021 31909 49249 31062 31065 31066 32259 31070 48241 49772 47053 31159 47054 48245 47650 48246 30907 31162 30992 48332 48249 48334 31165 48250 31080 31761 31167 30999 31000 47833 31005 49637 47840 31268 49798 31015 49802 32377 31020 32381
ap 10
hp 95
t 5182 4248 4503 5098 21249 21078 21250 5100 44711 21252 44713 5103 4424 21255 5104 4426 21257 7488 5364 5109 5195 21006 5196 44722 5369 44130 5285 7665 42940 7666 44386 5371 7922 19908 4523 4100 19911 4441 21441 21101 20168 4529 21445 44311 5126 4362 43039 44314 5129 44825 4196 21451 5131 4536 4537 21029 4543 21458 20188 5059 44332 7527 21467 45012 4213 44333 42974 44845 20705 4214 5151 20792 7532 44848 8128 7959 5154 44513 8134 4140 21482 21313 44433 4143 4823 7968 5164 20719 20209 4145 44691 5167 21318 4488 44354 4234 5170 21490 5087 20813 4834 8150 7640 4835 44700 4836 21412 4497 21073 4501
ap 11
hp 149
t 25253 9105 9020 2074 8737 1395 26184 25070 24581 9144 26186 9804
hp 153
t 1442 24702 2581 1626 1764 31803 3004 25147
ap 12
hp 134
t 17382
ap 13
hp 373
 8127
ap 14
hp 352
t 20403 15853 20331 14838 20359 14219 11653 15601 17544 16187 16180 17520 20406 15391
ap 15
hp 56
t 50403 49638 47854 30004 47090 48366 49813 47691 50412 31287 31712 30523 50248 49739 31721 48381 30617 48383 31725 48300 31980 30536 30621 31726 50426 48387 31303 49664 31900 31305 28673 31309 31484 30464 47636 30468 49848 48489 47809 49679 49765 46961 49767 48322 47813 48325 30561 47731 48327 47649 47820 31585 30227 32098 31249 31674 31250 50376 48336 49697 30997 30574 48340 31001 30577 30579 47835 49621 50302 8399 31267 47672 28889 49800 32461 30592 29827 30849 50401
hp 52
t 76499 76373 76543 76204 75654 69874 71278 77525 72512 76338 75660 75532 76342 76343 69713 69756 72647 76346 72692 76390 77240 8435 72695 77498 77031 75586 76396 72528 76354 69937 76311 76312 76356 76186 69727 76187 76358 69941 76316 76319 76364 76492 69820 69822 76963 76497
hp 50
t 53633 53379 77350 77266 53722 53723 54064 53387 53983 74385 53306 34947 77362 70562 77364 54839 53565 53398 54079 77370 53741 35041 53573 77459 56467 77380 54090 77552 77383 77299 77386 77556 77388 54098 77390 54017 54104 77395 54020 54105 73828 54112 75024 54114 53351 75199 24285 14002 13918 54123 14003 54295 54381 53786 53703 53958 53704 54299 54044 53706 53536 53537 54133 53709 13929 77594 53540 54221 53627 54137 77597 13850
ap 16
hp 89
t 44410 44432 44443 44093 28283 44094 45691 44087 21435 44450 44493 44462 44133
ap 17
hp 374
 65535
ap 18
hp 63
t 54132 53623 54357 34977 53539 53561 35872 53403 56252 54618 53981 54003 53578 56489 32785
hp 40
t 49658 47024 50170 50196 49626 50202 49969 49948 50565 49951 49483 49484 31018 50569 50272 28915 49657
hp 51
t 10198 35871 11223 36215 12415 34005 13267 36388 35879 9870 12065 13273 9874 15147 13277 9541 35892 28922 12943 13283 10056 13116 52897 10227 52898 11758 52899 29270 17201 52901 52902 10232 52905 10235 52907 13128 52908 13129 12449 16869 13132 12792 12793 16873 29283 52574 13306 12458 13308 13139 13309 36600 36429 36430 13310 11442 13143 34055 33887 9917 10433 12984 52255 12985 36446 52938 35939 10951 11634 52434 36626 12827 36458 15549 11129 36459 10963 36294 29663 12329 17089 29330 29331 13182 14033 11144 12846 36308 36479 36481 36312 13193 36483 10474 52295 10138 36488 52809 12690 10483 36663 52984 29526 36326 10316 36667 10997 10998 10829 10489 36499 10999 36501 11001 36502 11002 11003 13554 13896 12706 11007 36507 10327 36509 12540 36511 29372 16283 33964 28694 12714 51138 13399 36520 33971 13573 12897 36527 10178 52339 52849 36189 33980 12900 36529 10692 36192 36532 36533 35853 9504 29225 16305 36535 52855 10697 29397 52857 36538 10529 9509 11040 29572 33992 13252 13253 52863 36203 10025
ap 19
hp 375
 57078
ap 20
hp 139
t 28480 317 48 3575
ap 21
hp 376
 28607
ap 22
hp 377
 73702
ap 23
hp 378
 60664
ap 24
hp 58
t 70123 75139 75395 75396 75141 75652 75397 76587 70213 70467 76418 75228 75401 76421 76422 76423 76424 75574 75234 77105 69796 76427 53562 75577 76598 75238 75409 75579 76260 76431 77026 75581 75412 75242 75413 75328 75243 75414 75244 76350 75246 76437 75418 75419 77460 75250 74825 72616 75252 73807 75423 75254 54093 53754 71096 75432 75433 75348 75349 70593 70425 75442 75357 75017 77567 75358 75443 75359 75529 51391 76894 75706 70436 75368 75369 72650 77070 75541 75459 75376 75377 75378 69684 75550 75381 75551 76827 75383 76829 75469 54136 76917 75388 54309 75389 53544 75221 75392
hp 65
t 29025 52699 10115 12453 33916 13727 33874 13092 52702 11605 10458 57123 15983 29668 13944 11267 16285 10292 13395 12461 14247 29292 14248 15184 36604 36434 17905 14250 15485 52673 53014 10769 13489 14127 13659 11662 17188 36524 28792 52848 52892 36619 16219 36662 15454 11714 12778 52941 12864 52856 53070 14566 12358 33864 9724 51332 52862 17120 28681 12448 13937
hp 42
t 75457 76308 75310 69808 75356 76355 75463 17749 53725 73766 81162 76149 79804 53669 33801 69799 76536
ap 25
hp 97
t 44708 4505 44372 44033 21253 44119 44375 44801 44376 4511 4768 4515 21261 44041 44381 42937 5368 27979 21266 43621 26793 4439 44135 42096 44648 44140 4531 4446 21446 4702 42867 43464 44484 44231 44911 4453 4454 21286 4456 4458 26644 4459 4375 44495 4204 4461 26732 42289 42884 43735 44330 4467 21469 21471 20962 5152 28103 28272 45868 4390 5076 45027 44262 5080 44861 44862 8143 43673 21488 5084 44865 27953 44359 43595 20815 21495 44362 44702 4839 44706
ap 26
hp 92
t 61283 18698 24309 57883 19210 61370 58396 58652 18619 18704 18620 59251 18111 58827 18538 59338 18708 19221 60701 18711 19222 59343 19309 58664 23984 37669 18630 18715 57901 58498 57905 58500 57906 37166 58502 61053 18722 37764 19236 61397 61313 58594 18136 18731 58596 61403 40833 60725 61320 24091 61406 18651 37014 60730 19250 24265 17806 61327 18659 37190 18065 58527 22403 61334 37025 24190 38046 57857 58623 18078 61262 61008 61009 37720 18936 37382 19363 60505 24042 18094 19454 18694 58389 58474 18610 37140 18611 60941 18527
ap 27
hp 60
t 73799 54676 55335 54846 54274 54572 54637 55042 54279 54746 54555 73978 55003 74320 74321 56069 54688 56028 74367 54903 53459 54906 74945 55140
hp 39
t 56182 54373 59568 56147 56286 74365
hp 47
t 54802 75352 74335 55721 75335 54277 75505 55723 77674 75337 75507 77590 75338 74361 74403 73788 54834 74469 75510 54836 74471 75512 73751 75493
ap 28
hp 81
t 62218 43178 43349 42839 69019 4759 44200 69190 44710 43181 43180 62390 43177 44034 45395 43525 69365 44886 44717 44037 43867 43019 69199 44210 69201 4601 44890 4602 43191 43193 43365 69206 69208 43198 44049 43199 43030 62410 43880 62240 26711 43541 62243 43374 42864 43204 61905 42865 44396 61906 44226 44906 43546 43376 43717 44228 61908 42188 44908 62080 43720 42870 62081 44910 62082 26723 43723 61913 62084 44914 43555 62257 62088 61918 43900 62091 44412 43392 61922 43903 44244 62095 20784 62096 43396 61926 61927 44247 62099 43400 44250 42891 61931 43571 43063 61933 43574 61935 42896 44257 43750 43410 43071 61941 61773 61943 43754 61775 43755 42905 42907 61948 44269 62289 43760 61950 43592 43253 43594 43254 43087 43089 43769 43090 43601 43773 62134 43774 42924 43095 43605 62136 43266 61797 62138 43608 42929 43100 62140 43269 62141 43611 62142 44802 43103 43274 44125 43447 69185 42768 42938 42769 43109 42939 43618 43279 43620 42771 43112 42772 62325 43116 43456 43966 43628 43120 43970 43121 62330 43971 44823 43124 44824 62334 43125 44144 42956 44827 44487 43127 44147 43467 43129 44492 43472 26814 44154 42795 42965 43477 44327 5058 43649 43650 43481 43482 43652 43992 43483 69153 42804 43654 43657 43660 42812 43153 43155 41986 69165 69166 43667 26667 43160 43330 42481 44012 69003 44693 69004 43165 27015 44015 43167 26677 62208 27360 27020 42491 43173 44703 26683 43855 44705 45386 62217
hp 79
t 42498 41820 78541 60182 41825 41826 78547 41828 42509 37410 58830 41831 42511 59171 22792 22793 22794 22795 43875 22799 41839 42520 42529 43889 42530 58511 58514 64975 42536 78236 41517 43897 60560 58521 60221 65321 65322 60562 60564 60570 78251 41874 62616 60578 41539 60580 42562 42563 60243 42564 41547 59908 41551 59231 22853 42573 59233 59914 59916 41559 59582 42584 78284 41907 41569 22531 59591 42594 22534 59595 42596 59256 22536 58237 59258 43958 59939 59261 41581 43961 22541 42606 42607 59610 22552 61314 22555 59615 23235 23239 22559 58599 23241 43982 61323 22567 61329 23250 41273 22914 22915 43995 23256 22576 59637 23257 60318 59638 59979 61340 22581 22923 59983 58627 22931 23271 59315 23276 61357 23277 58642 60683 58645 60005 22948 58648 22949 59330 60010 60690 65111 60692 78714 59335 78715 22957 60697 61378 60702 58674 79075 40995 59015 58678 59359 65139 59360 22641 22642 22643 58683 65144 41008 23330 42711 61411 22651 61412 65493 60055 65495 22996 59378 23338 60398 22999 23339 65500 61421 58021 42381 61423 23343 42724 58026 61429 61431 41712 60072 22672 58712 22674 41715 22675 59735 22676 65518 42739 22679 41721 41043 42744 22684 60085 22685 42746 22686 22687 22688 65188 60090 22690 39690 78111 22692 57372 60093 41733 22694 58734 22695 22696 78797 22698 41740 58741 43782 78123 22704 59425 22705 78126 22706 58746 78467 22707 22708 22709 58069 78130 22710 59770 78474 78476 22716 60117 22717 22718 22719 59444 60126 78147 58089 43139 57419 78845 39406 78511 60152 59135 57776 58796 59821 60501 78182 64924 59485 59145 64930 41811 65276
hp 85
t 22609 22610 22611 64942 22613 64943 65114 22615 64946 22959 60363 22777 22624 60027 22627 22628 22798 22630 22631 22632 58672 22972 65133 58503 65134 22634 58504 60375 58505 58676 59526 58677 41847 58508 58679 57999 58509 58680 58510 58681 65142 58682 58512 59363 65143 64973 64974 65145 58515 65146 58687 60557 60728 61408 60558 65148 59710 58520 61413 22653 61415 62606 59547 22663 60234 58370 58540 22671 59392 58375 58549 59740 64670 65522 58552 65184 58555 65187 58558 78279 57879 58559 64851 58732 58053 57886 64857 65028 78120 57891 60104 41914 78807 58070 22540 57900 58071 22882 22713 22883 22714 22543 22715 58076 59607 59609 65220 60121 64883 65223 78314 60294 58085 22556 65228 57578 65229 65230 58431 65231 78831 64893 22734 59286 60307 22569 22741 60143 60313 22573 22574 78674 22575 41275 59636 78676 22577 78168 22578 23258 22579 59643 78174 22926 39419 59822 59652 58633 58464 64926 58466 58467 65098 58469 58470 60340 64931 64933 59323 58643 78704 65106 65277
ap 29
hp 48
t 67276 47811 66724 62433 69620 66008 68942 68900 47480 9612 66139 68990 49950 66781 30232 69205 47233 66146 30658 66190 66364 66025 66068 30963 69214 30837 66197 66579 66198 66751 30798 68882 49928 47463 66206 49929 49971 66207 66761 66676 47256
ap 30
hp 62
t 36465 12411 17172 36467 52703 12414 12499 13947 36303 12419 17098 52713 17186 17189 52720 36402 17193 52723 17195 17025 10992 13889 13210 15083 15170 13130 12537 16532 52997 12538 13133 13134 12454 13984 12795 12794 12796 54616 36426 13903 12884 13990 13991 12802 16542 12803 13993 16714 15185 16886 52672 53098 52674 52678 36528 53020 36616 36531 53022 53107 33983 52940 36791 52688 52689 52690 36457 53033 52693 14615 13936 33911
hp 64
t 70315 54059 53975 75034 70551 70594 70637 51384 13815 13942 35043 70596 33158 54110 54026 53622 54175 53751 13717 53392 14675 77279 77343 54054 14380 77535 33549 77452 14531 17294 13788
ap 31
hp 46
t 30768 49978 49938 50023 49301 67577 49515 47262 47517 47519 49984 30820 30737 31120 47554 66693 28869 47271 47357 53035 47274 47105 50165 53013 67038 47192 47107 47194 47748 49491 53103 49408 47115 53024 49411 31905 47120 49415 73173 49331 47122 30846 47506 49505 66037 47126 47127 50274 47129
ap 32
hp 379
 39865
ap 33
hp 380
 20398
ap 34
hp 381
 52475
ap 35
hp 272
t 78708 23289 22635 65274 22593 65030 22584 59559 59634
hp 334
t 36293 13854 36209 36464 13259 36466 36468 36469 36471 35888 53064 52555 36660 36661 52727 36324 51199 53069 52560 12440 51116 53071 35902 52732 52735 12531 12533 52569 52570 13980 36421 33957 33958 36254 36424 36510 36433 15269 36519 36521 36436 36522 36523 36438 36445 52936 52596 36191 36617 36193 36280 36195 36196 52942 36282 52858 52945 12400 36200 36201 52436 36627 52947 36202 52694
hp 231
t 76839 76841 75567 53553 75653 75611 76844 75612 76845 77185 76846 76847 77187 77443 77104 75615 76807 77020 76850 77190 76298 77191 76852 69798 77193 77194 76855 77195 75667 77199 76860 76861 76820 77585 76863 76823 76866 76825 77037 76868 77039 77548 76828 76871 77042 76831 77044 76874 77131 76834 77301 76876 76835 75176 76877 76836 76837 76879
hp 168
t 32701 8392 29898 32660 32703 29815 8267 32662 8395 32686 32665 8228 29820 8273 8316 8274 8317 29780 8319 8234 8384 8385 8258 8408 8387 8388 29809 32657 8391
hp 279
t 34508 34509 36039 34427 33833 34429 34600 34175 33157 33243 34518 34263 33584 33159 32819 34266 34522 32822 34523 32825 33166 32913 33848 34528 33254 33256 33598 6058 34279 33174 34449 33260 34535 34450 34281 33177 33179 33434 34287 34117 33271 34461 34376 33360 33446 33196 33111 34302 34133 34473 34135 34136 33882 34224 15099 34395 34482 34397 34228 34484 33891 34486 34403 34150 34408 34409 34495 34156 33563 33225 33823
hp 113
t 74943 77052 75650 76439 76822 77036 77015 76887 69834 75657 75063 77018 76869 76296 74938 75705 77023 74898 76302 76473 75537 75240 74900 75710
hp 319
t 50658 73609 35359 53210 36041 50661 50663 50665 50837 50667 50668 50839 50669 51009 49309 50670 50841 36051 51011 50671 49312 50843 50672 49313 50844 50845 36055 50846 51015 52375 5967 50847 49320 52380 52381 51192 49322 50856 50857 50858 50859 50861 50691 50862 36074 36075 50867 50697 50699 73650 73652 51722 35574 52064 50705 52065 50706 50707 49347 49349 73661 50711 50712 49352 50713 52413 51564 50714 49353 49354 49355 50715 50716 52928 50718 52929 50719 49360 49361 51912 49362 35933 49364 35935 50725 49366 50726 50727 50728 49369 49370 36281 50730 49371 73171 49373 49374 50734 49375 49377 50655 50738 51079 50740 49380 52101 49382 50743 49384 35956 50746 52106 49386 49387 49388 50748 50749 52109 50751 51092 50752 50753 49394 35965 50755 49396 49397 52119 49406 50768 50769 50775 50776 50777 50778 50780 50782 52148 70848 50788 52489 50789 51129 52490 50791 52151 49264 51134 50967 50797 50628 50968 50798 49269 50970 50800 49271 50972 49272 50802 50973 50803 49274 50974 50975 49276 50977 50980 73593 50984 51834 50986 50817 50988 70197 50818 50649 50648 50309 50990 49291 51672 50992 50993 70884 50995 49296 49466
hp 333
t 12450 12452 36668 36615 14073 13827 13893 36514
hp 169
t 31961 31877 32728 48539 31880 32560 29840 31625 31796 48541 32730 31883 32563 30693 30694 48205 8342 31632 30699 29850 31635 30701 29852 32488 30703 32577 32069 32749 32580 29860 29861 32581 30711 32582 32750 29863 8358 32584 32585 32246 32161 32586 30631 29866 32587 29867 8363 32077 30633 29868 32417 30718 29869 32419 30210 32081 47042 30637 32253 32254 47044 29791 8286 32002 30218 31920 32005 32176 32007 32178 32180 46970 32182 31672 32183 31758 32013 32184 32185 32015 31846 31931 31677 31678 48338 31849 29894 29810 8304 29981 30661 29813 47068 30663 29814 8308 30664 8309 48260 32196 32706 30666 32452 8313 32708 29819 32199 32709 32200 29821 30671 32373 48524 32205 32120 30675 32206 32546 32376 32207 32121 32378 32379 30001
hp 257
t 66906 65595 66613
hp 258
t 35932 34640 34664 51537 36789 36325 51561 34731 51583 36517 35925 36713 36331 36289 36290 36334 36525 51911
hp 256
t 70826
hp 115
t 74160 74076 74161 73779 74162 74078 74163 74080 74164 74081 73996 74123 74082 74166 73997 74083 73998 73741 74084 74168 73999 73871 73912 74085 74086 74128 74171 74087 73789 74088 74089 74090 81485 74175 74091 74092 74474 73754 74052 74053 74054 74013 74100 74185 74143 80945 80946 74146 74360 81414 74744 74065 73980 80950 74193 81418 74322 74194 74111 74155 73987 74073 74074
hp 306
t 57991 39239 57822 58144 39701 57987 58030 58020 57998
hp 320
t 51082 35955 51085 50660 51086 50662 51682 51088 36043 51003 52448 50664 50836 35876 36131 51091 50754 51774 50840 51096 50842 36562 36052 51012 51013 50507 50851 49321 50855 36065 50516 52303 49332 36072 50694 50781 51124 51125 36080 35911 50700 51041 51977 51128 51043 50620 51132 50792 51133 50794 51135 50796 52156 35922 52158 36093 35924 50799 36860 36095 52415 50801 52332 36693 35928 35929 35930 50976 35848 35849 36022 35937 35938 52258 51918 50729 35940 36025 35855 35941 12481 35856 35942 12482 36027 35943 50816 50989 50819 50820 52267 73517 35948 50653 50654 36717 50827
hp 173
t 45568 45569 45570 45571 45573 45574 45577 27557 27218 45578 45579 27219 45584 26890 45593 45595 45935 45603 26903 27584 45605 45606 26906 45607 27587 27588 26908 27589 26909 27590 45611 27591 45612 27592 45613 26913 27593 26914 27594 27595 27256 27596 26916 27597 26917 27599 26919 27600 27601 27602 26922 43242 27263 46303 27603 26924 27604 27605 26925 27606 27607 26927 27608 27609 27610 26930 27611 26931 45632 27612 27613 26933 45635 43255 27615 27618 27619 26939 45640 27620 46320 45641 46321 27621 46322 45643 27623 46324 27624 26944 46325 45646 27626 46326 26946 27627 46327 27628 46328 26948 46329 26949 27629 45650 46330 46331 26951 45312 26952 45313 27633 26953 27634 26954 45655 27635 27636 45657 27637 26957 45658 27639 26959 45660 26960 27640 26961 27641 26962 27642 45663 26963 27643 26964 26624 45665 45325 27645 45666 27646 45667 27647 45668 45669 45670 27310 26972 45673 45674 26974 45675 26975 26976 45677 46357 45678 26978 45679 26639 45340 45681 45341 26981 45682 45683 26983 46023 45684 26984 26985 26986 27329 26992 27333 26993 45694 27334 26994 26995 26996 45697 26997 45698 26998 45699 26999 45702 27343 27003 27004 45705 45706 27006 26666 45707 27007 45711 45712 45713 45714 45715 45716 45717 45719 45720 45722 45724 45725 46405 45726 27026 45387 27029 27031 45732 45733 27034 45735 45736 27036 45737 27039 27040 27041 45742 45744 45746 27046 45747 27047 27049 45750 27050 45751 45411 45752 26712 45754 45755 26715 45757 45758 45759 27059 43042 45082 27403 45423 27063 45084 27067 27068 27070 46115 45096 46457 45439 27079 45780 27080 45781 27081 45783 27083 27425 27085 27428 27088 27429 27089 27430 27090 27431 27091 27433 27093 27094 27435 27095 26756 27437 26757 27439 27099 26759 27100 27101 45802 27442 27102 26763 45804 69265 27446 45808 26768 26771 45812 27112 45813 27114 45816 27456 46156 46157 27117 27458 46838 46158 45479 27460 27120 27461 45481 27121 27462 27122 27463 27123 26783 27124 26785 27125 27126 26786 27467 27127 27129 27470 26790 27472 27132 27473 45493 27133 27474 45834 27134 27475 27135 27476 45496 27478 27484 26804 45505 27487 46868 46871 26815 45516 46880 46881 46884 27509 27511 27513 27514 27516 45537 27517 27518 45538 45878 27519 45541 45549 45551 46576
hp 160
t 43422 45507 45550 27062 27053 26809 26980 27023 26895 26642 45428 27058 43261 27048 43219
hp 235
t 40171
hp 324
t 33530 33318 34126 34725 34599 33494 17004 14667 34092 33327 34773 34606 33459 33842 17692 34651 34056 17099 34655 34166 33976 33509 33977 15319 33425 33383 33979 15321 33384 33937 34789 33344 34113 34071 34794 34072 34158 34796 15076 34634 34585 34160 33395 33438 33481 34204 34756 34631 33867 34038
hp 295
t 43518 43519 43350 43351 43692 43522 43353 43183 43354 42844 43355 43184 42845 43524 43185 42846 43186 42847 43187 42848 42849 62230 61890 43190 42852 43533 61894 42854 43025 42855 43026 42856 43027 42857 43028 43197 61898 42858 43029 42859 43373 61904 43036 42866 43037 42868 42869 43040 61910 43721 42871 43894 61914 43045 62086 42876 42877 43048 43388 42878 62089 42879 62090 26730 43051 43391 62093 43054 26738 43059 43060 61932 43403 61934 43747 43411 43412 43079 43080 42910 43421 42912 43083 43252 43516 43085 43766 43256 43517 43258 62300 62301 61792 43262 62302 43602 62303 43264 43265 61626 62137 43606 43267 42928 43270 43441 43271 43272 43273 43445 62315 42766 43275 42936 43617 43619 42943 43454 43625 42946 43626 62326 26627 43457 26685 43288 43629 62329 42951 43462 42783 43123 42953 26634 42955 42960 42962 43473 42963 43134 43474 43475 26645 43476 42967 43478 26647 42968 43479 43310 43990 43651 26652 26653 43484 26654 26655 26656 42809 43490 42810 26660 43491 43661 43492 26662 43663 26663 42475 42815 43498 43328 26668 43329 43500 43331 43672 43503 43332 43333 62373 43334 43166 43336 43337 43168 43508 43338 43339 43172 42834 43344 26684 27365 42836 42837
hp 76
t 43858 65535 41735 43860 62220 41821 41823 61545 41912 65373 41829 43785 41830 41238 41833 65209 62829 41834 42514 42516 41242 41925 41926 41841 40992 41927 41842 41928 41843 42523 41844 41590 41845 62245 43885 41846 41930 41422 42527 41932 41592 41934 43975 41850 41001 41852 42532 41853 41855 61916 43898 65319 65490 43985 62600 42032 43987 65494 65497 42632 65498 45184 42040 65330 42721 42726 42730 41031 62621 42565 41036 65517 42737 42567 44013 41209 41041 61951 41810 41045 65525 42745 41216 65357 41815 65529 65359
hp 172
t 46221 47088 49128 47089 49129 48280 47091 49131 46921 46222 46922 47093 46582 48282 46414 47094 46584 47095 46413 46925 47096 46585 46926 47097 48286 46586 47098 48287 46223 47099 47100 48461 46931 47102 48463 48295 48296 48297 45748 45749 47621 48302 45753 48445 48305 45756 48446 47798 48308 48480 48310 46415 49135 46951 48142 48481 48447 48483 48486 48316 48317 47638 48319 48491 48492 45610 46974 46975 48181 26762 48522 26937 45809 45810 46830 45644 45645 26945 26947 49126 45649 46220 45823 48543 46335 46510 48384 48385 48386 48388 48389 48390 48561 48391 48393 48224 48394 48565 48395 48566 48396 48227 48397 48568 46359 47040 48571 48400 48232 48233 47043 48403 46364 48404 47045 46365 48405 47046 48406 46366 46367 46368 47048 48408 47049 48409 47050 46371 46882 47051 48411 48243 46883 48412 46373 48413 46374 48414 46544 45695 46375 48415 47056 48416 46376 46377 47057 49122 46378 46208 46209 47059 46379 46210 46212 46213 47063 48423 46214 47064 46895 46384 46385 27005 46215 47066 46386 46217 46387 46218 48428 48259 46388 47069 46389 46219 47070 48261 46390 46391 48262 49125 47072 46392 48432 47073 48264 46393 47074 48265 48433 46395 47075 48266 46394 48267 46396 47077 48268 46397 48437 48269 48438 46399 48270 48439 47080 48271 49120 48440 48272 48441 47082 46913 48273 47083 48274 49121 47084 48275 48442 47085 49123 48443 47086 46917 49124 45727
hp 259
t 34730 36048 36198 36173 12507 35947 36681 35842 36194 36109 36206 36643
hp 208
t 14534 14705 33683 33726 14687 17068 14583 14414 33540 14588 33651 33714 14676 33716 14529 17164
hp 171
t 29897 29899 30558 50405 50409 29904 30307 29777 50389 50411 29905 49690 29822 29888 29910 29782 31694 49843 30551 49846 49847
hp 269
t 68401 72291 71122 72049 72371 71978 71957 76504 72063 71437 67687 72193 71428
hp 290
t 79388 79643 79389 80755 64098 63421 79402 80168 80849 78048 79323 80514 78049 79410 78050 64025 78051 79412 78052 79413 80773 79414 79415 80775 79417 80352 79418 78058 79419 80780 79420 80356 80697 79423 80783 80699 64040 80701 63362 80365 63365 63366 80792 64048 63368 64049 64050 63370 63372 63373 63374 80289 63375 80715 64737 64057 80208 64738 63378 64058 64739 63381 80807 64742 63382 64063 80554 79364 63387 79368 80814 64749 64071 77842 80735 79380 63402 79468 79383 79298 79385
hp 69
t 29365 29068 30386 30259 29707 29327 29753 30094 29712 29713 30097 30310 28696 30142 29717 29548 29549 29719 29550 29745 28912 29424 29127 29722 29765 29469 29256 30361 29385 30237 29430 28921 29730 10351 29733 29224 29735 29948 29396 29737 30120 30248 30249 29951 29187 30250 29487 29402 30380 29786 29318 29533
hp 112
t 75562 75223 75416 76585 77648 75439 75226 75417 75247 75420 75547 75421 75380 75231 75105 75403 75382 75468 75385 75172 77787 75110 75173 75260 75559 75220 75200 75435
hp 318
t 33829 33830 34681 34172 34688 33501 34694 34185 34695 35376 34187 33847 33849 34699 35381 15323 33346 34706 34708 34199 34709 33520 36070 51031 33862 34711 33351 36073 33353 34713 34714 34205 33354 33525 33526 34716 33527 73137 33868 33528 51038 33869 33529 33870 33871 33531 34041 33532 33363 34216 33876 33877 34727 33368 33879 34728 33371 34052 34732 34053 33373 35415 34567 15357 34057 34737 34739 34060 34061 34741 34062 34742 34573 34743 35763 34574 34745 33896 34746 33897 34748 33899 35429 34750 35431 34751 34752 34073 35433 34074 34075 34076 51076 34077 35438 33909 34758 52439 35439 34759 34080 33910 51931 33915 34085 34768 33920 34093 52454 33925 34774 34095 33416 34607 34777 34778 34779 35970 34780 34100 14721 33932 52462 33933 34783 33934 33423 51784 34785 34788 33428 34621 51111 34791 51792 51793 51794 33945 51795 36835 34115 34116 33946 33947 34797 34626 34627 34628 34799 34802 34804 34295 34805 34806 34297 34637 51127 34127 34298 34807 34809 34810 34811 34642 34813 34644 33284 34645 34647 33968 33969 34649 34650 35330 35332 33972 34652 33974 34657 33978 35340 51830 33981 35341 50983 51833 35346 35347 51837 51838 33818 34669 51839 33824 34675 34677
hp 234
t 55917 55047 55993 55919 55898 55994 55911 55052 39487 55045
hp 176
t 49841 53140 53183 30738 28874 53137
hp 296
t 27113 27092 27071 27052 27331 27375 26973 27082 27273 27105 27276 27277 27108 27024 27279 27344 27027
hp 225
t 51296 70889 49385 70891 50704 70895 50750 51644 50666 50709 70898 50627 49351 51562 34775 50717 52121 71292 51019 51999 73631 51916 70321 50985 50987 51582 50732 50733 70201 50736 52096 70882 50737 73603 52017
hp 332
t 33290
hp 339
t 14702 33638 33639 33086 14461 14462 14537 14538 14411 14422 14423 33645 33040 14680
hp 314
t 77858 78878 79558 77859 63239 78371 77861 79561 64177 77862 79394 78544 77865 79396 79141 77866 63418 77868 64014 64867 77873 78554 64106 78556 64107 64022 78217 78897 79240 78562 78053 79242 78478 78224 78564 78225 79245 78226 78566 78227 78908 78228 79588 64204 78230 78231 78573 78660 79426 79256 78067 78917 78239 78240 79600 79262 79263 79435 62605 78501 80712 79608 78248 79441 78167 78508 79443 78084 80804 64059 78256 78257 79277 77833 78258 78938 77834 77835 63385 78260 78261 78092 78262 78093 78178 78263 78179 77840 78265 64157 77843 78268 78269 64925 78185 78270 78271 78187 77847 77849 77850 78531 77851 77852 78107 77853 63405 78877
hp 330
t 50577 50578 50238 31708 49474 50240 50241 50242 50243 50329 49905 50246 49907 49823 73029 31720 50591 50251 49741 51016 50254 50169 50764 50255 49404 50424 49660 50256 50257 50427 51194 49410 49156 49496 50262 51197 49412 49253 49498 49753 52728 49159 49328 53239 49840 50265 49161 49756 53242 49162 49248 53243 50608 50270 49165 52480 50355 49420 49761 50356 49507 49167 50357 50612 49252 50358 50273 50613 50783 50530 50614 50360 49254 50444 50275 50532 50446 50617 49513 50447 50363 50278 49258 49259 50619 50280 50365 49941 50281 49771 50283 49773 49688 49519 50199 50964 49433 49775 49435 50204 49440 51651 49696 49356 50208 49698 49699 49445 49700 50211 49277 50212 49449 50215 50216 50218 50219 49711 73511 73087 50223 49885 49886 49887 73518
hp 101
t 53634 53635 53636 53637 53638 53640 54320 53980 53641 77271 53642 53471 77612 54664 54325 77700 54326 53986 53647 53988 53648 53989 53309 53310 54330 55010 53651 54331 74901 54332 53397 54673 54334 54674 53484 54675 53400 53656 53401 53572 53402 53998 53999 53404 53576 53407 54856 55028 53670 53586 53248 53249 53250 53336 77307 53422 55039 53254 53424 53595 53425 53256 53426 53257 54702 53259 77654 53345 54280 53430 53601 53261 53687 53347 53432 53263 53689 53264 53690 53265 53692 53267 53437 53693 53694 53695 53270 54717 54718 53359 54978 53448 77593 77257 53632
hp 307
t 56010
hp 331
t 53208 28898 53038 53039 53211 53127 53128 53129 53130 50325 53131 53132 53133 28908 28909 28910 28911 52371 50332 52884 53139 53056 53057 53058 53059 52551 53232 52722 52553 53149 50344 50260 52725 50345 53151 51198 53068 53240 52730 53241 50350 52561 53156 53157 53158 53159 53245 52566 53246 52992 53162 52995 52485 53080 53167 53169 52404 53170 53171 53172 53173 53088 50793 53174 53089 49265 53175 53090 28866 53176 53091 28867 51137 53092 50288 53178 53093 53179 53094 28870 50290 53180 53181 53096 51142 53097 50294 53184 53099 53100 53016 52336 53102 28878 50383 50299 53190 50303 51153 53025 52600 53027 53030 53031 52266 28891 53116 52692 53034 53036 53037
hp 80
t 65108 78198 64938 59499 43179 63411 43352 43182 78713 78203 78884 60355 22956 65118 78718 41659 60360 64950 77872 41832 43364 64614 64955 43196 41497 60368 60032 60373 60374 41504 42017 60377 41507 60378 60379 64630 61911 41511 78913 41516 61917 60388 23328 65149 78241 41525 78245 60396 41867 78758 60399 23001 78082 60241 78602 41543 60074 41545 59907 42062 42232 59573 78104 42234 78786 58727 59580 41561 78112 59581 60262 78113 58733 78793 58735 78795 78285 81856 41568 43268 65199 22873 60274 41575 78977 41408 59938 78470 78471 78473 78475 65217 65218 78480 78143 42954 65225 62335 65227 78317 78828 78318 78658 65059 59450 78491 78663 65407 41778 59969 78841 78842 23255 78846 78847 78509 78510 22580 22922 78173 58624 78685 77836 78177 78519 58289 78181 78692 65092 78693 43164 41464 78694 59655 78186 65095 64927 41638 23279 59150 65100 65101 64934 43175 78705 64936 58647
hp 218
t 53590 13891 54043 54165 53582
hp 226
t 53702 53976 53679 53650
hp 317
t 79048 78368 81598 78538 78370 78200 79051 59671 78881 79052 78882 78373 78543 78374 79056 79057 78377 79567 79058 78378 78548 79059 78379 78549 78550 79061 78552 78212 59853 79064 60024 81274 79065 59854 78553 79066 79575 79067 78558 57479 78559 79071 79584 78565 78567 79248 78909 79589 79251 78912 78234 78405 79085 79086 60386 78407 79257 79088 78408 78918 79089 79090 78410 78920 79091 78921 78412 78582 78413 79093 60223 78414 79094 78584 79095 78415 78585 79097 79098 59718 78928 78929 79100 78930 79101 78250 78931 79102 78591 78932 79103 78933 60064 78934 60065 78935 78255 79615 60236 60067 81828 79278 81829 60069 81318 59729 78940 81831 59731 78941 81832 81833 81834 78944 59564 81836 81666 81837 81838 81839 78949 81329 81670 78951 81331 78952 60252 81332 78953 78954 81505 78955 78275 81675 81167 81508 78958 81338 81510 81172 60263 81515 78455 81685 78286 81178 81688 78968 78461 79821 81691 78462 81183 78293 78464 78974 78465 59767 59768 59769 78980 79152 78982 79153 78983 78984 79155 78985 79836 78986 79157 78987 79158 81878 78988 79159 81200 81710 79161 79162 81202 78992 79163 81543 78993 79164 78994 79165 81205 79166 81206 81547 79848 81379 81210 79000 81552 81892 57582 81554 81556 57586 81557 81558 78498 60308 81899 81729 79010 79013 79015 81566 81567 81907 78849 81739 79025 81065 81066 79026 78858 81238 81585 78355 81586 81756 81587 79037 78528 80909 81589 79039 78530 79040 80911 81591 79041 78872 78532 79042 79043 81594 59664 81595 59665 58306 81597
hp 283
t 64096 64121
hp 255
t 47258 66130 65960 66812 65969 65970 70730 50162 47276 70738 47279 70910 66323 50174 50175 65646 66158 73130 70751 65991 47124 67190 65831 73311 73315 65835 65836 65667 65668 72979 65839 70769 66009 70771 72982 66351 50034 70774 50035 72815 66356 47316 50036 66697 66016 66357 66358 47317 73329 50039 66019 50040 50041 66361 66021 50042 70781 50043 66363 50044 66365 66028 66199 65859 50049 73340 50055 65700 65537 70807 50071 70812 70813 50074 70815 65547 50080 73373 50083 70824 65725 70825 65727 50088 50091 73385 73386 71516 72707 47207 65569 47209 47210 65571 66933 73394 47216 73228 50110 66261 47222 72722 50112 50113 50114 73405 65586 73406 50116 50117 50118 50119 50120 50121 50122 50123 50124 30915 50125 50126 73417 70866 50127 72738 73078 50128 50129 50130 50131 65942 50132 73083 67303 50134 70877 50139 70879 47252 73096
hp 249
t 36207
hp 270
t 42597 42501 42591 42588 42600 42601 42580 42623 42592 42603
hp 104
t 76671 80582 79555 80244 80245 80246 80417 80248 80419 80420 79387 80422 80254 80257 80428 80429 80430 80431 80263 80606 80267 80268 76701 80272 80273 76704 79933 80274 76705 76706 76707 80619 80279 76710 80450 80281 80452 80282 76713 80454 76544 80284 76715 76545 80625 75525 80457 76547 80458 80288 80459 80630 80461 76552 80633 80464 80634 80295 80635 80296 76557 80469 80470 76560 80471 76561 76562 75542 76563 76564 80304 80475 76565 79624 76566 80477 76567 80478 79627 76568 80479 80649 80650 79630 76571 76572 79632 79633 80485 79635 80486 80488 79470 80321 79641 80322 80493 80494 80495 80325 79645 75225 80326 79646 79647 80328 75568 76588 76589 75400 79309 76590 75570 80161 75402 75572 76592 80332 75408 75404 76594 75235 75406 80675 75575 75576 76596 76597 76428 76257 75578 76258 75407 76259 76430 76599 80339 75580 76600 76601 75241 75410 76602 75582 75411 76604 76426 76605 79665 79326 76606 79666 76607 79667 76611 76272 76783 80693 76273 79336 80358 76619 76429 80361 80532 80362 76624 76625 80196 76626 80367 76628 80539 80199 76629 76630 76631 80542 76632 80203 76633 76634 80205 76635 80546 76636 80207 76637 76638 80718 76639 80210 75450 80551 80211 80382 80215 76645 79365 80216 76476 76477 76648 80560 80220 76650 80561 80221 80562 76652 80223 76653 76654 79375 76656 80736 80567 76657 80737 76658 76659 80570 76660 76661 80572 79381 76662 80742 80169 80574 80575 80236 76667
hp 293
t 54100 53676 77338 77495 77340 77351 54210 77379 70638 53524 76432 76443 77378 54120 77559
hp 224
t 53574 54222 54207 53587 53583 53589
hp 289
t 33489 33490 33491 5611 34512 17853 18363 18364 33155 18367 18200 32821 32823 33844 17354 33845 33165 14466 17356 33167 33168 17698 14469 35550 18211 15322 18213 34193 16855 33345 6656 18386 15328 17028 33859 17200 33180 18221 15331 33523 17033 16864 33184 17034 17206 33866 17207 33187 17037 17208 33357 33358 17209 14489 34547 17210 33189 16871 33872 33362 34043 33534 16874 33195 33535 16877 33542 17732 33543 16883 18249 34229 34230 17740 17912 34232 17742 18422 34572 35424 34235 18425 18256 33216 33217 33388 33219 33389 35430 33221 34753 18264 33394 6705 33226 33566 6027 33228 18268 33399 33230 17252 33402 18273 34423 33404 18955 33405 33406 18277 7397 33407 34426 33238 33408 33409 33240 18281 15051 14883 33413 15054 33245 18286 33417 33588 15059 16761 14722 18293 33253 33424 17444 33595 14725 33596 17786 33257 34277 33427 33258 18298 33259 33429 18301 33261 33431 33262 14392 33432 34452 33433 15072 34453 14734 14735 15075 17118 5898 34798 15079 33440 33442 18993 17804 33444 33445 18997 33447 34467 18998 33448 14919 34469 19000 18150 33110 33452 16963 14413 33453 33454 34815 6766 33802 18334 18335 51828 33473 33305 17666 17156 33477 33479 17161 34501 33482 33822 33142 33483 14443 17163 33144 33486 33317
hp 294
t 62048 62219 42500 42503 62225 44885 42506 62227 42507 43869 42680 42510 42681 43871 43872 42512 44893 42513 44894 44895 42515 42518 43878 62239 43883 42697 61907 43888 61909 44912 44913 44915 44916 62087 44917 44918 44919 43899 44920 44921 62092 44922 44923 44925 44927 43912 43925 44951 43933 42913 43934 43935 44960 43941 42583 43944 43604 42585 43945 42586 43947 42589 42590 44291 42593 43953 43954 42595 43955 43956 43957 43788 42598 43789 42599 43959 43790 43960 44981 42602 43962 43963 42604 42605 43969 42780 42610 42781 42782 43972 43973 43974 26805 62336 43978 43979 42792 43983 43984 45004 45005 45006 42287 42800 61840 42801 42462 42803 43993 42464 43994 42805 61845 42466 42807 43658 42470 42472 43493 42473 42133 43495 42479 42140 42480 43501 42483 42148 43848 42490 42151 42154 62216 44026
hp 165
t 31702 30173 49808 31023 49809 49810 31025 31960 30516 30178 30264 31964 50410 49647 31713 30353 53134 31289 49734 31035 31630 30866 30187 50417 30528 31633 30529 31634 30530 30532 30533 31723 30618 30534 30620 30367 31982 30539 49836 49666 49752 30543 31308 29781 30548 30549 49844 49845 49760 30212 49762 30977 30554 49849 30384 30215 31064 30640 49851 30217 30557 49853 30340 49769 30304 30220 30560 30305 30390 30221 30646 48326 30389 46967 30987 31243 30393 31584 31414 30309 31669 31670 30566 31587 31247 30484 30739 30572 30147 30573 31679 31086 48342 49792 31007 49794 30500 49795 50391 30502 49797 31012 49799 50394 30165 50400 50397 49803 29743 49804 49720 30512 49807
hp 273
t 65025 43776 78118 78119 43863 41824 63415 41698 78673 41742 41827 42722 41703 43873 40985 41029 41711 22629 40989 41033 42225 22721 44014 41210 65096 41849 42531 42574 43977 42578 78661 42539
hp 292
t 80706 80473 64705 63410 80538 78095 80645 64751 78054 79393 80563 80331 78079 77846 79291 80673 64736 78188 79613 64527 77830 63337 80826 64018 64741 77832 63361 63383 79407 79258 78856
hp 277
t 22796 22797 22884 20599
hp 109
t 79728 79729 79730 79731 81092 79733 79223 79734 77864 79735 79736 79739 79741 81102 79403 79574 81114 79432 79605 79776 79777 79779 79442 79104 79105 79107 79618 79109 79110 79111 79621 79112 79622 79113 78942 79114 79115 79625 79116 78948 79120 79121 79123 79124 79634 79125 79126 79127 79637 79808 79128 79129 79130 79811 79131 78963 79817 79137 79818 79138 79648 79139 79479 79649 79140 79820 79824 79314 79146 79486 79656 79827 79826 79148 79828 79149 79829 78979 79150 79491 79151 79831 79492 79322 79154 79834 79835 79325 79156 79837 79327 81881 79502 79503 80523 79333 78996 79167 79847 78997 79168 79337 78998 79169 78999 79170 79171 79001 79172 79173 79513 79344 79175 79004 79005 79857 79007 79858 79178 79688 79349 79180 79860 79689 79350 79181 79351 81901 79182 79691 79352 79183 79692 79353 81902 79354 81905 79355 79356 79696 79016 79868 79870 79700 79702 79022 79703 79194 79704 79028 79030 79031 79203 80739 79725 78536
hp 264
t 67228 71553 65737 66896 72943
hp 298
t 61418 61419 61414
hp 98
t 80883 75230 75571 79226 79386 80163 79228 64056 75362 80702 79273 75449 80209 79360 79361 79362 79363 79449 75496 76559 80854 80175 79498 73761 80476 79459 79374 80694 63399 75471 75513 77938 76622 75306
hp 266
t 76838 69698 76840 69701 69702 76843 35026 76848 69708 69709 76849 69710 76851 69711 35033 76853 77533 76854 77534 71416 76856 77536 77196 76857 77537 77197 76858 77198 77538 77539 76859 77540 77541 77542 77543 69723 70403 35044 77544 70065 70405 77546 70406 77547 70068 76192 70073 77553 69735 77555 70077 77557 76878 76540 70420 77560 77562 76203 70424 77564 76885 76886 69746 69747 70431 69751 34392 69752 69753 69754 69755 54117 69757 69758 69759 34400 69760 69761 71123 69765 54126 69766 70447 69769 70452 69772 69773 54134 69774 69775 51416 69781 77263 69784 54145 69785 54146 71146 69786 70127 70466 69787 54149 69789 54151 69791 54152 69792 69793 70473 54154 70134 69794 54155 69795 70137 70139 54159 54160 54161 70141 54162 54163 69805 54166 69806 69807 76948 72529 72530 54171 71171 70492 72532 69813 69814 72534 70499 70500 72540 72541 70502 71183 72543 70503 69824 72544 69825 70505 71186 69826 70506 69827 69828 69829 70509 69830 72550 72551 69832 72553 69833 54194 72554 69835 54198 69838 71200 54200 69840 71201 69841 54202 71203 69844 54205 69845 69846 69847 76987 71208 70528 69848 70529 69849 76310 69850 70530 69851 77332 69852 70532 69853 76313 69854 77334 70534 72575 69855 71216 34496 34157 77337 34497 77339 70539 54220 76320 70541 77341 77342 34843 70543 69864 77344 77345 70546 34506 77347 34507 77349 70550 72590 34851 77352 70552 77012 34853 69873 70554 69875 70555 77355 33156 77357 70559 69880 70560 76340 75661 77021 76341 75662 77360 70561 69881 69882 69883 77363 77022 77024 70564 33505 77365 77366 77027 77367 32828 77368 70568 77029 77369 77371 77032 70572 77033 77034 70575 77035 69897 69898 76360 77040 34540 77041 34881 33181 34882 70582 69900 77043 34884 69904 77045 34885 69905 77046 69906 69907 77048 69908 77049 76369 69909 69910 77051 77391 34891 76372 70592 77053 34895 34896 77058 70598 69919 34902 71283 77063 34904 70604 71286 71967 70607 72648 34912 70612 34914 51235 76058 69940 69942 34922 70623 34924 69944 34925 70626 70627 69947 69948 69951 70631 70632 77095 70635 71316 70301 70643 71324 70984 34944 71325 51266 51268 69969 69971 70651 71333 70654 69977 51278 69978 69979 69640 71341 69649 69650 69651 69993 69994 34985 76126 71367 71370 54030 71371 34991 13913 70018 70020 69682 76485 69688 70029 70030 35011 70031 76832 76833 35013 35014 69696 35017
hp 321
t 52316 35912 36040 35959 34726 33921 36855 52453 36049 35923 36050 35966 36094 36053 35841 52334 51059 51018 34104 34106 51021 34107 52300 36278 51112 52260 51113 51114 36283 51030 52477 51032 35946 51033 51034 34757 34630 52312 33315 52270 51037
hp 246
t 63408 63409 63388 64154 64176 63412 64188 63242 63414 64148 64159 64170 64171
hp 328
t 69442 66298 66299 66133 66135 69450 68941 66816 66562 66817 69112 66818 66904 66819 66905 66820 66565 66823 45233 66824 68865 66827 65979 69551 66832 66833 69383 66664 66750 66582 66922 66583 66838 66926 66756 66587 66588 66844 66846 66763 67274 66595 66680 69401 69572 69488 69575 69492 66690 66864 66865 66271 66614 66699 66870 66872 67555 67301 66706 66878 66880 67560 66710 67306 66627 66712 67563 66886 69607 66635 66296 66806
hp 217
t 55264 54584 55271 54581 55268
hp 267
t 71400 76500 71401 70722 70384 70725 70385 70386 70387 70388 51689 71409 70389 70390 70731 70391 70733 70394 70395 70736 70396 70397 70398 70399 70401 70402 70744 70066 76529 76533 70753 76534 70075 71095 70755 71097 71098 76539 71099 70079 71100 51380 70421 71102 70422 70763 70423 51385 51386 70426 70767 70427 52068 71109 70429 71111 71114 70434 71117 35079 71124 71125 70105 51407 71127 70449 70450 70451 70112 71133 70113 70454 51415 70117 70457 70118 70119 70799 71141 70461 71484 52104 70125 35798 52122 71166 71172 70153 69815 52138 34121 36162 34123 51468 70508 70854 72555 77323 71204 71205 71206 34151 68491 67134 70538 70544 52190 71572 71234 70215 70216 70217 70218 69878 70219 69879 70220 70224 70225 70226 70227 70228 70229 70912 34194 70914 70915 51535 70917 70918 70238 70239 70922 70585 70926 70586 51207 70249 70589 51551 51555 70936 70256 70257 70258 70259 70939 77399 70260 70940 34899 70261 70263 70944 70945 70946 70266 51907 70268 70948 51569 70269 51909 51910 70270 70271 70951 51913 51234 72654 51915 69936 70958 51578 51919 70959 51922 36623 51923 72330 70293 70294 70295 70977 70978 70298 70299 70979 70300 70980 69960 70302 69962 51604 70309 70310 51610 51612 70312 71672 70313 51614 70314 69974 51615 71336 70316 70656 51617 70318 51618 70658 70659 34280 71000 70660 51621 70661 51622 70662 70663 51624 51284 70664 70665 51626 51286 70666 51967 51287 70667 51288 70668 51289 51629 71009 51290 51630 70669 70670 70671 71012 70672 51633 51293 70673 51634 70674 70675 51636 34296 70676 51637 70677 72377 51638 70678 51639 70679 51300 51640 36000 51301 71021 70681 51302 71022 69661 51303 71023 70682 70344 51304 70683 70345 71365 70684 71366 70346 70685 70347 70686 69666 51308 70687 70688 51309 71031 70352 51312 70692 70353 51313 70354 71034 70694 70355 70695 70356 70696 70357 70697 70358 70698 51319 70699 70700 71381 69681 69683 51324 70366 70367 71388 71389 52010 71390 51675
hp 106
t 75138 74118 74800 75143 74464 73785 74125 74465 74466 74467 74127 74808 74468 75149 75489 75150 75490 74470 75151 74811 75492 74472 74473 74393 73756 77581 74310 74865 75503 77759 75300 74451 74366 75515 74116 74117
hp 265
t 70834 70846 70814 70805 72293 70957 71488 71513 71489 71468 71490 70949 70950 71673
hp 299
t 39696 55892 55895
hp 329
t 69444 45985 66726 69617 69280 66730 69621 61716 65542 69452 45143 69623 69283 66733 66735 69627 66822 65889 66825 66062 65894 61729 65558 66240 66835 69215 66242 66243 45163 66244 69219 65904 69135 66246 69306 46016 69309 66930 66251 66677 69569 66255 69570 46025 69400 65956 66258 66173 66259 45215 65922 45097 69237 66603 66689 43230 65587 68902 66692 69243 66268 66948 69584 65589 45954 66949 65590 65930 46636 65933 66698 66954 67295 66700 69591 66956 65596 67297 66617 66618 66874 61774 69594 66705 66876 67302 66877 66792 66708 67304 67561 66711 66289 66714 66295 69440 66126
hp 105
t 80068 80238 75989 80239 75990 75991 80241 80242 75993 80243 75994 75995 80077 80247 80079 80589 80255 80256 80088 72268 80090 75840 80261 80262 76013 76014 76015 79416 75846 80266 75848 80269 75849 80609 80270 80101 75851 80102 80103 80106 75856 80276 80107 75857 80448 80108 76368 80109 75859 76030 80110 80280 76371 75862 80453 80283 75863 76374 80624 80455 75865 80626 75866 80627 75867 80628 80629 80460 80631 80292 76212 80293 76213 76214 80636 80297 80298 76389 80639 80813 75884 76395 75885 75886 75887 79458 80308 76739 76569 80146 80319 80150 79471 75902 80153 80156 77946 80327 80329 76760 80334 63505 63336 63507 63510 76781 76782 63522 63524 63525 80357 63532 80193 64215 75777 80707 75778 75779 75780 80710 75781 80202 75783 63713 75786 80717 75789 80891 80212 80213 80214 76644 80726 76137 80218 63728 80729 63729 80065 63734 63565 63566 63736 75976 63567 63737 63738 63739 80067 80233 80234 75984 75985 80066 75987
hp 219
t 51647 51297 70496 70507 51213 70913 51641 54033 34134 70557 51538
hp 68
t 47131 49766 49639 49427 47133 53125 49768 50194 47135 49814 53086 31115 49645 49774 31118 31161 73619 49311 47145 50249 50250 47489 49742 30876 47154 47834 49805 50259 30922 50429 49707 49623 49709 47161 47162 47123 49631 47125 50143 30893 49976 53163 49764
hp 291
t 63514 63898 63919 64113 80287 80884 80842 64097 64118 63906 64205 63504 63908 76042 63865 63888 64207 64122 63889 80167 64123 64251 63891 63893 63916 63895
hp 247
t 68750 67425 67340 61479
hp 119
t 77050 69763 76821 77055 76864 76865 76824 76910 76889 76826 77549 77487 76870 77529 76892 77530 69839 70074 77047 77623
hp 123
t 79345 80323 79346 79644 79347 79390 77902 79348 79391 80497 79392 79439 79397 79399 79400 76553 79401 80591 79405 79448 78046 79409 80557 76647 79411 80518 78056 78057 79460 80565 78059 80653 79252 79424 79382 79425 79427 76581
hp 100
t 77688 77689 75480 75481 77693 77694 75486 79737 75487 75136 75491 75152 75154 75494 75156 75157 75498 75158 75159 75500 75160 75501 75161 75502 75162 75163 75164 75165 75506 75166 75167 77722 53412 77724 77725 75175 73816 75178 77729 75519 75180 75181 75182 77733 77734 75184 77735 75186 75187 77738 77739 75190 77742 77573 77744 75533 75195 75536 77747 77749 73839 77750 77752 77753 75544 77755 79796 53447 75379 75549 77760 77762 74872 77763 74873 77764 74874 77765 73855 75386 75556 75387 77767 75557 77768 75390 76240 76583 77774 77775 77099 77783 77784 77789 74904 74906 75248 75422 77632 77633 77804 75255 77635 74916 75596 74917 75769 74919 75430 77811 75431 74924 74925 74926 75606 74927 77649 77650 75104 74936 77658 77659 77661 74772 77662 74946 75458 74948 75460 77670 75462 77672 77673 73765 77675 75466 74956 77676 74957 77677 73768 74958 73769 74959 77680 75472 53372 77682 77683 75476 77687
hp 84
t 78709 60349 78199 65279 78710 59500 58480 58992 78712 59503 58145 78717 58997 58828 58829 22620 59000 22621 59002 59004 59005 59006 60199 60203 57655 60376 59361 65141 64972 78743 58685 59536 65147 59028 61409 59029 78749 61410 59540 59031 60731 78581 78752 59542 78753 59543 60224 78755 59036 59037 59548 78249 59549 59041 59551 59042 60232 59552 65503 59044 59554 59045 57685 59046 59047 78767 59557 59048 59558 59050 60410 78771 59561 57692 59052 59563 60414 78607 60247 58379 59570 58381 59571 57702 60251 59572 57362 58384 57364 78274 78105 65185 59575 59748 59578 65358 59751 78791 59583 57714 78114 59074 57375 57716 78117 57717 59077 60268 22529 59080 22530 59081 78801 59082 22532 59083 78803 22533 58744 57384 78125 58745 22535 59085 59086 22537 59088 78469 59089 22539 59090 59091 59092 59093 57393 59094 22544 59095 22545 22546 59097 22547 58929 58080 59101 58421 59611 78482 58422 23232 23233 60124 78145 59445 59446 65226 58086 64888 78488 60129 59449 59790 78830 58091 78664 60304 65235 78665 78666 78838 58952 58953 78844 58786 57426 57427 78679 59667 22921 78681 58963 59134 23264 22925 57436 23266 78686 58798 78688 22588 78689 22589 22590 23270 22591 23275 78696 57787 65097 58297 59658 78699 59490 59660 65271 78192 65272 65102 61363 65103 78703 57796 78706 59497 78707
hp 78
t 41818 42499 44880 43861 41822 41483 22785 22786 44887 42508 44888 22789 44889 22790 43870 22791 23472 43874 41835 41495 41836 23476 44896 42517 44897 42519 42521 22801 62241 42522 42182 44902 42183 41505 42528 65308 42190 43890 43891 43892 42533 41513 43893 42534 42535 41515 43895 43896 42538 41519 42540 42541 42542 42543 42547 61930 65332 41537 41538 41540 42560 44940 41541 44942 42566 41546 23526 41548 42228 41549 41550 42231 41211 41552 41554 41555 42575 42235 41556 42236 44956 41557 41558 44958 41218 41560 41562 44962 41564 44964 41565 41566 44966 41567 41570 41910 59590 44971 41572 43952 41573 41574 41576 44976 41577 41578 41579 41580 41240 41241 41583 41243 41584 44984 41585 41586 41588 44988 43968 44990 41591 41251 22892 44992 41254 41595 41596 43976 41597 41598 41599 41601 43981 41262 41263 41266 69147 45010 45011 41280 44002 41284 41625 41285 41286 41629 41630 41631 41292 41633 41635 41295 41636 41298 41639 41640 41641 41642 41643 41645 41305 45045 41649 40969 65449 41650 40971 41651 42672 42674 45054 41655 42679 42683 41323 65124 41668 41669 41670 41330 41671 41672 42013 41673 42014 41674 41334 41675 42695 41335 41676 42016 41336 41337 42698 42018 40998 40999 42019 41678 41680 41338 41339 41681 23319 22640 41682 41340 41341 41003 41683 41343 42024 41004 20603 20605 23325 42026 59366 41686 41687 42027 65488 22648 23329 65489 22650 42033 41694 42714 23334 42035 23335 22997 41697 23337 42038 42718 41700 42041 42043 42383 41704 41024 42725 23345 41706 23006 42727 42731 41713 42736 41716 41717 41377 41718 42738 41719 42059 41379 41720 41722 42742 41723 42063 41724 41725 23365 41726 20646 42747 23029 22689 42751 22691 23372 23033 22693 23375 22697 23039 22699 43779 42760 23380 41741 41743 41063 43783 44804 43784 41065 41746 41748 41750 22711 43791 20673 41414 20675 41756 20676 41416 41757 42097 20677 41758 23398 20678 41759 41419 41760 22720 41421 20682 20683 20685 44826 41426 20686 41767 20687 41768 41428 41769 41429 41771 44831 41772 41433 41434 41776 20696 41436 41437 20697 41439 41781 41445 23425 44846 41446 41447 20707 41448 41449 41450 41791 23431 22072 41452 41453 41455 20716 41456 20717 44860 41461 23443 68664 41465 44866 41466 41467 41468 41129 44870 41470 44871 41812 41813 44874 42496 44877
hp 268
t 71844 72610 71952 71976 71977 72150 72661 76506 67221 72386 67670 71964 71327 72050 67120 72052 71863 72522
hp 335
t 51720 51126 34722 50958 50322 53085 35961 35962 35920 51772 35963 35921 51094 50331 49398 35927 52459 51188 36016 51147 53187 53104 51022 35936 51023 50514 52554 52342 36024 51026 52557 50773 51028 53196 52729 50860 51158 52731 51074 51117 52563 52733 51119 51035 53203 49891 51039
hp 308
t 55650 39108 58224 55739 58225 58216 58227 58280 39054
hp 338
t 55114 55275 55292 55261 55267
hp 227
t 77093 77645 77094 75262 77096 53380 69743 77097 77181 77267 76842 77013 77522 77607 76888 77186 77526 33108 53515 77188 77614 77189 77361 75704 69886 69804 76818 74905 77203 71169 53532 69810 77462 77125 77550 77253 77551 76830 77127 77255 77810 77258 75346 69950 77600 77092
hp 315
t 32808 17170 17171 33151 18192 32812 32813 17174 32815 32818 34180 34351 16842 16843 16847 32829 33169 33170 32831 17192 17707 18048 14480 34371 18223 17204 14488 16868 14490 14492 34382 34553 17043 34383 34554 16875 33536 33878 33198 33199 34559 14500 14501 33541 14503 33544 33545 17056 6687 14507 18416 14509 18250 33213 17063 33214 33554 17915 33555 34405 14346 34407 14352 33223 33227 33567 17417 18271 14362 15042 34422 15043 17254 17084 33235 17425 15045 33236 14366 14706 17086 15048 33239 15049 14371 33242 18962 15052 18964 33585 14715 33586 14378 33589 33590 33591 15062 14383 33594 14724 14384 15064 15065 14556 14386 6057 15066 14387 14727 14728 14388 14559 14729 14390 14391 15071 14733 14394 15074 33094 14395 18307 14737 40748 33270 33441 33612 15082 15084 15085 14745 33276 14746 15087 14748 33450 14581 32771 18323 32775 32776 14756 32777 14757 15097 32778 14758 15098 14759 34310 34311 14761 32784 14765 34316 33125 14767 32787 32788 14429 35680 32790 33131 33815 32796 17157 17328 17158 35689 17159 33480 17160 34336
