ap 0
hp 376
 52991
ap 1
hp 377
 44859
ap 2
hp 93
t 31488 29667 28838 28984
ap 3
hp 36
t 62374 43419 24636 26677 62378 25785 21960 42659 66714 1817 43552 1393 66716 25959 27361 43724 66635 66295 1313 27367 42454 1359 212 27200 27413 1362 42885 26395 27416 66687 69067 1365 43738 69069 69621 69197 42847 1371 43404 69246 44258 27173 27429 42476 42859 69082 69423 62412 62414 43756
ap 4
hp 378

ap 5
hp 379
 48864
ap 6
hp 380
 20431
ap 7
hp 381
 20479
ap 8
hp 43
t 43546 27821 43547 27823 43549 42869 43551 26551 27146 27147 43554 25960 43555 43556 43557 43558 26558 43559 27155 27835 43561 27156 43562 27158 43733 43564 27159 42886 27161 43567 27163 26486 27166 26572 27167 43573 27168 27934 42895 27346 27176 27179 27180 27186 27357 28378 27188 43596 27106 43766 43598 43768 43599 26514 43770 43771 27451 27197 27794 27285 43775 43436 26441 28058 27804 27380 27210 27212 27383 27384 27385 42940 26536 27387 42942 43538 27389 43539 27390 27219 43540 27391 26372 25607 27137 43543
hp 39
t 42867 42059 42102 27993 26462 27012 42104 42191 42106 42064 44956 42108 27914 42876 42068 42069 41986 28301 42879 42072 41988 44921 42073 41989 42074 42075 42076 44904 42079 42931 44971 43569 44378 43529 44975 26574 42087 26490 27213 44979 42046 42897 45022 42090 42092 26623 995 42008 996 24627 44389 42180 42182 42097 42098 42056 26673
hp 47
t 44417 28098 1813 219 43570 26953 27995 42085 42639 43531 43565 1394 1395 43767 42833 1375 27216 994 27196 42836 26751 27177 28240 28030 213 42077 27288 26247 1406
ap 9
hp 59
t 64838 79310 59846 80353 59614 78995 79293 77848 79612 79549 79656 79571 79338 79296 79636 65123 58833 79617 64955 80788 80749 81069 60392 79497 77863
hp 55
t 25103 24602 25113 25114 25115 24608 25883 26310 24611 26144 26146 25977 26147 25638 26148 24620 25130 26151 25132 25643 26578 26156 26328 26158 26159 26330 24630 25139 25821 25312 25316 25659 25320 25321 25322 25662 24642 24645 26176 26347 25922 26177 26348 25328 26178 25329 26349 26180 25331 24652 26182 24653 25843 26185 24827 26188 24829 26189 26021 26191 25342 24662 26192 26365 26029
ap 10
hp 382
 53247
ap 11
hp 383
 48959
ap 12
hp 134
t 29251 29157 15816 25083
ap 13
hp 384
 29627
ap 14
hp 358
t 18344 33074 19120 17700 18185 56849 20419 32879 56819 19039 32846 32880 57117 33602 33760 19037 56987 57006 33784 34527 32849 56969 56976 14929 40505 57090 33084 14913 33087 56873 40557 56793 32908 14919 15016 57201 17855 19058 33623 32955 32941 32861 32864 57146 33041 32920 56919 32958 17283 56871 56926 56866 33727 32897 32899 34430 56861 57011 32940 57151 19127 33135 33015 33095 32853 56815 34376 40477 18176 57158 17912 33245 32927 33270 34544
hp 363
t 14883 15028 19971 14916 14925 17541 16995 17007 20422 17703 17556 15898 17900 17680 17520 20287 14937 17578 20306 20385 20386 20389 20384 14962 17585 17586 17681 18425 16910 7735 17562 14882 14951 17544 16992
ap 15
hp 61
t 60208 59232 80779 59233 64036 59743 78192 63404 64000 59155 60091 77942 60389 63366 60221 60093 59244 59248 78331 78118 78204 59676 79609 78292 77995 59677 77867 60060 78591 77868 78296 77828 78466 59172 78383 77830 59725 79363 77920 59306 77839
ap 16
hp 385
 16383
ap 17
hp 386
 73727
ap 18
hp 38
t 35642 60039 60214 19329 60044 60045 59196 6879 59876 57883 58163 58649 58564 78199 35445 58481 58779 60394 35234 60016 51602 58445 81140 51603 59678 59213 39281 59681 35459 35545 35503 59049 58540 61303 58838 59773 59179 81791 80304 59735 59184
hp 50
t 59866 58847 60037 59868 59189 79079 58935 34285 58765 59191 60211 60041 57492 58937 60382 57407 58938 58939 59874 59875 59195 81806 59112 58433 60048 60219 40244 18569 60050 58776 40331 75182 59118 60393 78414 59885 60395 59461 16878 60058 58700 59380 59381 35241 60061 60062 58873 59214 59724 59895 59385 16546 58197 59386 59898 59388 58199 59135 59730 38821 81406 75456 81238 81239 58970 57866 39847 57867 18937 59397 18003 58634 39851 60082 58979 57450 37562 38497 38412 35524 38414 57881 39861 38587 59328 39864 58224 39694 57970 58650 59755 18106 60350 39784 19384 59014 51601 81267 58659 18029 19391 58662 61297 59512 15992 81019 59175 58411 19312 59008 59858 59093 61305 38355 59775 81111 59097 57568 59863 60034 57569 37424 59099 59185
ap 19
hp 387
 40143
ap 20
hp 388
 61375
ap 21
hp 389
 32719
ap 22
hp 390
 78846
ap 23
hp 391
 73662
ap 24
hp 44
t 42440 62333 27483 42360 45251 43637 43468 43639 43044 69056 42451 43387 42793 69061 43731 43732 69065 69320 42460 27500 69152 43397 42803 27164 26655 43740 69071 62356 43061 62357 69243 26999 69159 69331 27003 69079 27174 43069 44260 43240 69081 27431 62367 27349 43755 27351 43757 27353 43758 27354 26675 44270 27356 43761 43762 42913 43763 27359 27360 69010 26681 26682 41984 62386 1357 27112 62388 62389 69360 1360 69192 62393 69194 62394 62395 69110 69195 27376 69282 27378 27379 62399 27382 30188 27214 43025 69375 27386 43027 69377 26197 62324 43033 62328 44224
ap 25
hp 81
t 51876 52047 51707 49157 50859 51543 51544 50864 50865 50866 51546 49507 50867 51548 50871 52062 51382 50872 49173 51384 52064 51554 49175 49515 51556 52067 51557 52068 50878 70258 49181 51564 51565 51567 50888 52079 49193 49195 70279 50560 50561 50563 50564 49544 50566 49207 49209 49213 49214 50915 50757 50933 50934 50935 70316 52128 50938 50769 50940 51451 52132 71173 50943 50606 52138 51459 51969 51461 51971 50783 51973 51974 51468 49598 51469 51301 51981 50792 51982 49263 51983 51303 51307 70178 51648 51479 50800 51990 51482 51483 50804 70864 70695 51995 51486 50806 50808 50809 52000 50811 51661 52004 51495 50815 52005 52006 51498 50648 52009 51500 52010 52011 52012 51503 69692 52013 51504 52015 51508 51512 51344 51515 50836 51348 51521 51523 50845 49485 52035 52206 51696 51697 50852 51702
ap 26
hp 392
 54076
ap 27
hp 62
t 57405 57748 79256 79851 59111 58434 58095 57756 57757 58098 79773 57844 57674 57760 58186 57763 79779 58616 79781 81142 57938 79783 57770 57941 57771 57942 57943 79618 38563 79788 39245 39246 39757 81154 57951 57696 57954 81329 39765 57701 81672 81332 57704 18945 80996 39685 38581 80911 58048 57879 81084 58050 57626 57796 57628 57459 81260 57972 58313 57888 57973 78883 58060 57720 57976 81352 57382 57893 57725 81101 55346 81017 81272 57644 57900 58155 38351 58073 57649 81194 39290 57396 57567 79157 58334
hp 49
t 59059 80993 81164 58768 78871 79509 81804 81338 59068 80492 59072 51849 80410 58777 79603 81644 58101 58016 57464 75273 77865 75317 57638 78379 58446 79441 58109 75280 57558 58281 80978 59098 57949 79498
hp 46
t 79289 80991 80909 79804 79762 57409 76704 57750 58345 79808 57368 57666 58942 79852 57667 57453 81001 59113 58051 81002 58009 58773 81003 79770 81258 57714 79772 57843 57715 58353 57758 78881 79774 79775 58399 80415 81393 81011 59123 57722 79822 79780 75319 81059 81399 57769 58407 75283 81404 79068 80428 79834 57523 81706 79836 57779 57357
ap 28
hp 79
t 71171 70067 71385 51496 70283 69689 71092 70030 70285 51502 75727 51970 71053 70119 52014 71394 71012 71055 71014 71397 51466 75651 70044 71277 70045 51345 70048 52199 52201 51522 52202 70052 71201 71202 51566 52205 70098 71288 70100 70950 77539 70021
hp 85
t 31094 66369 66327 50050 66455 66456 66711 66329 65990 31522 47842 31099 31481 50012 31015 66035 66205 31101 31059 66462 50143 65783 31145 50016 46660 73223 65788 47938 66214 73271 47391 30009 31539 47393 30180 50411 65754 30776 47352 66392 67115 31458 47397 50118 50161 66268 47909 66015 50418 47401 50420 31635 47956 48043 50042 50214 47240 50175 31050 50005
hp 83
t 77631 69641 53916 71344 77465 51456 69731 70665 71346 69732 71093 71263 71264 71095 71350 35143 35824 53335 34976 34891 71102 49342 53932 71103 51383 71273 53933 77477 69658 35658 71019 69659 35830 77481 51302 34897 70257 54022 71278 70344 34899 53345 71366 54028 51480 51481 53352 76900 35085 72571 71381 54042 70789 71044 51497 70029 54050 69690 70711 70287 70033 70289 71395 77686 35016 64511 77516 70037 54058 71059 77434 54060 54062 34937 72337 34938 34940 77187 34943 69710 51525 70312 52211 51531 54081 71336 75672 69810
ap 29
hp 45
t 57571 80776 77887 77888 78229 22724 58936 78231 79426 22563 77985 79430 79601 78327 79602 79432 78328 59458 79435 65155 22573 79438 77824 60399 78079 41871 64991 77911 59639 77914 79361 78258 77918 79448 77919 78004 80725 65170 78261 77921 78266 75121 65263 59398 59399 78270 77846 78272 52007 37727 77849 80825 59406 59237 77852 79553 77854 22605 78198 78709 59499 79559 79306 59502 64774 77864 64691 59761 41835 79406 78047 59860 79667 64963 59439
hp 48
t 62331 26419 25783 42657 43553 66760 42663 67185 43726 67314 62300 25963 44239 44282 43437 42800 43821 27204 43439 66730 69408 61674 26994 27206 43739 27207 43572 69072 69284 67245 69625 62359 69201 69457 43064 61681 43406 26366 43961 69588 42473 42857 42433 43071 43667 41373 62369 47921
ap 30
hp 153
t 8959 8777
hp 157
t 1456 1377
hp 53
t 6911 21701 6827 18303 6658 21279 15841 21197 21027 6663 19160 21370 5903 21034 21718 8097 7100 21041 21722 7017 6677 6933 58104 5830 21045 21725 4813 34393 21729 5665 19657 6858 21053 16464 6946 6013 6609 4654 4825 24460 24035 7291 6780 60076 19701 7292 19532 6443 19195 18175 6107 6788 21750 19456 6111 7046 6282 18862 6707 18947 21751 6964 21246 5351 7051 21587 6629 19464 6799 5694 6630 7056 6972 18277 16408 6723 6724 19390 24321 6729 4860 7071 21267 18124 6734 6820 6651 4613 17702 18977 18979 21190 6825
ap 31
hp 393
 65422
ap 32
hp 394
 56590
ap 33
hp 362
t 56653 54283 56770 56604 56772 54401 57140 56785 33668 56682 56831 32921 56619 56644 54667 57227 56964 57178 54326 32904 56802 32929 56607 56624 56966 57131 32909 56943 32942 54446 32951 40498 40501 56848 56951 57095 56609 56610 32898 57097 33728 57248 57118 57180 34342 57300 56651
ap 34
hp 395
 24575
ap 35
hp 106
t 79628 80478 79629 80564 80565 80480 80566 79632 80567 79633 80483 80569 79677 79635 80570 80571 80486 80572 80487 80488 80531 80574 80489 80532 80575 80490 80491 80537 80497 80464 80466 80553 80468 80469 80471 80515 79624 80560 79626 80476 80477
hp 262
t 64966 65136 78227 64967 63097 65137 64968 65138 64969 65139 64970 65140 64971 77891 64801 65142 65143 59534 60384 64975 79425 59705 65145 64977 62597 65147 78238 65148 78239 65149 64641 62771 65151 65323 64984 78248 65498 64989 77909 63460 78256 63466 78257 77917 78259 78260 78262 78263 65176 77927 77928 78268 77929 64839 77930 77931 65181 65521 77932 64842 65522 65182 77933 77934 64844 65184 77935 65186 59747 78278 65188 65528 77939 65189 65190 78281 78282 65192 78283 65193 65194 65195 78116 65027 65196 65197 78288 65199 65200 78291 65201 78293 65203 78294 78295 65035 78297 78127 78298 78299 78300 78471 64873 78305 78306 65047 78307 78477 78308 65048 78478 78309 78311 65221 65223 78314 65225 78316 78318 65228 77980 78150 77982 64892 78153 77984 64894 78154 65238 77991 78332 65072 78164 77826 77827 65079 77829 78001 77831 78003 77833 78173 77834 59645 77835 78175 78179 77840 65091 78184 78187 23109 77850 77851 79382 59831 64931 78194 59834 65105 78195 78196 65111 65114 78205 65116 77866 65117 78206 78207 65118 65119 65125 65126 65127 65128 65130 64960 22971 65131 65133 65134 64964 65135 64965
hp 80
t 50006 31647 49499 50010 50011 31142 49162 50014 47294 49504 49505 49336 49165 30805 49167 31147 49508 31148 30979 66341 31491 49511 66342 30812 66343 66006 66347 31667 31668 49518 47478 73318 49519 30820 66011 31672 47482 49698 30998 31678 31002 30832 50044 50045 66368 31009 31010 47160 30841 47161 47163 31185 47508 45468 31022 66383 31023 66213 31534 31537 31538 47179 48032 66223 66394 47697 46678 66229 66062 47532 31048 66409 49410 31222 31223 30883 49584 50095 31057 50097 49589 47380 30721 49592 47383 49593 49934 48065 49595 49935 30216 30218 30729 49429 31579 30730 30731 49772 30733 50116 49436 49440 73241 31591 30742 49442 30744 50124 50125 49445 49446 73246 31596 49447 30238 50129 49450 31091 50131 49452 47412 31093 31603 49454 48094 30926 31100 30765 31105 31108 30769 31112 49472 49984 30775 48116 31457 31117 30778 49988 30779 49989 50160 49990 31121 49991 50162 50163 30783 66483 49993 50164 49994 30785 50165 31126 66146 49996 50167 30786 31128 50170 50171 50172 66152 50173 50174
hp 344
t 79167 81217 58352 81048 58355 81309 81226 81397 81227 81398 81742 57602 81403 57608 81240 81241 81156 81328 57783 81756 81246 81333 81248 57619 81334 80994 81249 80995 81675 81080 81336 81250 81166 80997 81337 81167 80998 81251 81252 81339 81083 81253 57624 81254 81255 81256 81257 58309 57629 81259 57631 81006 81261 80910 81263 58317 57640 81695 58320 57641 57642 81527 57643 58324 57645 57646 57647 81702 81277 57392 57651 81196 81708
hp 107
t 76528 76530 80610 76360 76531 76532 71942 76362 71266 76537 76538 72458 76368 76539 76369 75690 76371 76542 76372 76543 76373 72465 71955 76377 76379 76382 76383 72643 71964 72644 72645 75876 71970 72481 71972 72652 71973 76053 72653 72654 76394 72484 72655 71975 76055 76226 71976 76227 72658 76059 76400 72661 72492 72663 72665 72666 71818 72668 72669 76070 72671 72672 76414 71825 76075 71996 72676 71827 71998 72679 72680 76251 72682 72002 71834 72685 72516 72686 72687 72179 72009 72689 72690 72522 76264 72524 72694 72015 72697 72188 71849 72699 72530 72532 71172 72024 76446 72540 76452 72543 76453 76454 76456 71357 76458 76463 76128 72560 76130 76131 72567 69850 72570 72575 76488 76489 76491 76322 76496 76497 76328 76498 76499 76500 76501 76502 76503 75654 76506 72597 76507 76509 76510 76511 76519 76520 71251 76521 76523 76524
hp 330
t 69301 46055 68879 26848 69306 69009 45975 68627 69307 69011 68969 46020 69055 68971 69057 69101 69059 69103 45985 69232 69064 45946 68896 45990 45991 69215 69119 68949 45363 68951 62365 62366 69293 69294 68954 62325 46048 69040 69253 68956 68700 69041 69212 68872 69042 61607
hp 188
t 47031 46946 46872 46958 47033 47037 46848 46849
hp 169
t 21457 1010
hp 324
t 62012 43907 42654 42675 62013 43313 43420 42593 61867 42002 42598 41154 42558 65445 42452 42623 61981 43431 42475 62005 65427 43965 42477 43966 65451 42607 43883 62010 43905
hp 269
t 31512 49449 49434 50018 31525 49451 31532
hp 276
t 59896
hp 268
t 50568 49475 49422 49517 49444 49506 49453
hp 255
t 61610 61525 62377 62379 68669 62380 62381 69012 45298 61535 43772 69020 69234 69238 69154 62354 69155 68899 69156 69368 69114 62272 69200 69158 68946 69244 69628 69288 69162 62320 69078 62278 62364 69334 69083 68658 62411 68871 62370 62371 62373
hp 345
t 57400 58422 57700 58424 57702 58404 57703 58108 59107 58088 57983 57706 57601 58408 58409 57708 57603 57709 57688 57710 57692 58417 58396 58099 58078 58397 58419 58398
hp 64
t 27911 45034 27897 27904 26566 45033
hp 335
t 44948 20639 42018 20641 22979 59785 42192 20603 44957 20677 44915 44958 42110 20648 22264 23157 44918 20482 23074 23075 21079 44966 20572 20487 45011 44671 44969 23463 20575 20830 22360 23213 44973 44974 20580 22068 23174 21518 45021 44342 21945 44980 44895 20925 44981 21947 22585 21437 44983 21698 44898 23225 44901 21612 23184 23694 20593 42054 23695 44946 44987 44990 44905
hp 274
t 70068 71204
hp 103
t 71681 63522 71682 71768 80183 64034 80184 80015 80864 72025 71940 63525 63527 80187 67780 63532 63533 63534 67785 71780 71694 63535 71866 72035 71951 63536 63538 63539 63540 63543 71789 63884 71959 80035 63545 71791 63546 67797 72046 80377 67798 80038 80719 63553 80893 63893 63554 63556 63558 79967 63564 72491 63737 67817 80057 71983 80151 67829 80834 80071 80075 71745 72000 80077 67838 79993 71835 80675 72005 76170 71750 72006 63506 71751 72007 76512 72010 71926 63512 71758 63598 63685 71931 63516 63518 71764 63519
hp 263
t 59697 59698 65141 59701 59702 59704 59706 59707 60052 65495 65159 60063 63463 65504 59727 65168 59731 59392 59394 65175 59395 62796 59396 64836 78776 65178 65180 59401 59742 65183 59403 64845 78786 59408 78789 78790 65191 59411 78113 64514 78114 59414 64516 59416 59417 65198 59418 59419 59420 64521 65202 78464 65213 65216 65217 59437 65218 78479 65222 64882 64545 78146 65227 78148 78149 41089 78151 78491 78831 65232 59454 78155 64555 78156 59456 78157 64897 64898 78158 78159 59459 64900 64901 65241 59462 64902 59463 59464 64564 64905 59465 64565 65246 59467 64907 59468 59469 65249 64911 59472 65252 22752 59473 65253 64574 59475 22755 64575 59476 65256 59477 65257 59478 22758 59479 65259 59480 22760 59481 22761 65261 59482 59483 22763 64923 59484 65267 59832 59833 22774 59838 65279 59500 59501 64942 59503 64606 59848 59849 59850 59513 59518 64961 64962 59533 64635 41857 41858 64982 41863 64985 59887 41868 41870 77910 65335 77916 65337 65340 41882 77922 41884 77925 77926 59908 65013 65015 65017 41898 65020 41901 41902 41903 65024 59584 65025 65026 77949 65029 65030 59592 41233 59596 59597 65039 59600 65040 65041 59601 65042 59602 41922 59603 65043 65044 78304 59604 65045 59605 65046 59607 78648 65049 59609 78649 65050 59610 78310 65051 59612 59613 65055 59615 59616 59617 59618 59619 59620 59621 59622 59623 59624 78324 59626 59628 59629 78330 59631 77992 78333 41273 78334 65074 59634 65076 59636 65077 65078 78000 65080 65081 65082 59643 65083 59644 41964 65084 65085 78006 59646 65086 64747 64753 64755 78015 65108 78708 65109 65112 64772 65120 65122 59684 65124 78724 78725 59686 78726 78727 59687 59688 65129 78730 59690 78731 78732 65132 78733 78734 78735
hp 100
t 64987 64776 65519 65499 63014 62887 64877 61485 62760 63143 64950 62593 62636 65164 62487 65358 62639 62575 64870 62873 65211 65106 61685 62727 65489 65490 64981 62901 65113
hp 175
t 112 24596 3006 26340 118 25874 25109 25111 25154 26046 25112 26304 25156 26134 25836 25330 26137 25840 26011 25629 25841 26139 25842 2977 25120 25631 25674 25121 25122 25846 25167 25125 25848 25126 26061 180 26275 26062 25978 26234 25129 25640 25343 25641 25131 25642 26195 26325 25092 25094 25650 25991 25822 1597
hp 105
t 79716 79291 79717 79719 79720 79295 78998 79721 79722 79807 79724 79725 79726 79302 79730 79305 79731 79263 79732 79181 79652 79698 79317 79784 79700 79318 79785 79319 79703 79108 79619 79704 79620 79706 79621 79622 79708 79623 79709 80389 79327 79710 79285 78987 79795
hp 65
t 28120 28206 28101 21196 31 20951 501 28202
hp 261
t 41336 42696 41337 41338 41339 42699 41679 41340 22812 65314 41344 42364 41004 41346 43899 42369 41349 22990 41011 42032 42033 22824 41013 42375 64986 41696 22658 41361 41702 42723 22834 41703 41364 22835 42385 22837 41027 22838 41707 22669 22840 22670 22841 23521 22671 41710 41371 22161 23523 22843 41715 41376 41377 41719 65010 41380 65351 22340 42063 42236 41556 65356 23537 41387 41728 23539 41050 23373 23204 44624 23545 23206 23210 42420 22537 22538 41408 42428 41748 41409 41749 41410 41750 41751 41411 41412 41413 41414 41415 42095 22546 41756 41416 41417 41757 23228 41758 41418 41589 41759 23230 41419 41420 22551 41421 41422 41423 41424 41595 41425 41766 23067 41767 41768 41769 41429 41770 41430 41431 41771 41262 41432 41603 41433 41434 41435 41776 41436 41437 41777 41438 41778 41949 41779 41440 41441 41781 41442 41613 41782 41443 41614 41444 41784 41785 41445 41446 41786 41787 41447 41788 41448 41789 41449 41450 41451 41452 41453 41454 41455 41456 41457 41459 22419 41634 41636 41638 40960 41643 41645 40965 41646 41647 40968 40969 22282 22283 41666 41668 41329 42013 41335
hp 272
t 48001 47937
hp 216
t 57740 58421 59103 58423 57745 58766 58427 58091 57415 81392 81222 81053 81054 81310 81905 81820 81056 81907 81058 81229 81060 79870 81061 81741 81062 57517 81402 81064 81065 81320 81066 57776 81067 75372 81071 81072 81157 81073 81074 81669 81159 81075 57615 57445 81076 81161 80992 81077 81162 81078 81079 57364 81165 81081 81082 81677 81763 57625 81680 81000 81086 57543 57376 81177 81008 79818 81009 75314 81179 81180 57636 57721 58062 57723 57639 81100 81696 81103 81189 57390 79832 81790 81705 81707 81367
hp 185
t 763
hp 111
t 75634 75635 75593 75720 75677 75678 69857 76401 75679 76358 76402 76996 76403 75044 75646 75647 76455 76966 76370 75096 76457 76459 76461 75698 76992 75743 75701 76381 75534 76384 76385 75705 75665 76387 75624 76388 75072 75668 76390 76306 75757 76396
hp 227
t 81193
hp 323
t 68940
hp 264
t 63470 62493
hp 234
t 72020 72031 72132 72062 72139 72017 72190
hp 110
t 79715 79630 79800 79712 80397 79802 79760 79803 80568 79761 80441 75322 76685 76687 75327 79771 79751 79753 79754 79796 79713
hp 305
t 74188 74400 74103 74189 74401 74358 74190 74402 74360 74191 74403 74106 74404 74361 74105 74065 74108 74363 74066 74406 74109 74405 74110 74111 74324 74668 74415 74178 74180 74181 74352 74183 81621 74313 74100 74186 74101 74484
hp 270
t 70028 72183 70036 70716 71407
hp 260
t 41846 22636 41847 22637 41848 22638 41849 22639 41850 22640 41851 22641 22642 65313 22643 22644 65315 22645 22646 64806 22647 65318 22649 22650 22651 23162 22652 64983 65152 22653 65153 22654 22655 64988 22660 64999 65002 65172 22633 65173 65004 65174 65005 65006 41886 65007 41888 65008 22634 65009 41889 65179 65011 59911 41891 59914 41894 59235 41385 59916 41896 59917 41897 59918 41899 22690 60090 22692 22693 41904 22694 41905 41735 41906 41907 22697 41737 41908 41738 41909 22699 22530 41910 41911 22701 22532 59422 22533 22703 22534 41914 65204 22535 59424 59425 22536 65205 65206 59426 65036 59427 65207 59428 22539 65208 65209 22540 65210 60110 59432 22543 65212 22713 41754 65215 23056 22549 22550 22552 41932 41933 41934 41935 41765 22727 22560 22731 41772 22732 22733 59284 22564 21714 59285 41773 22735 64896 59457 23077 22570 22572 59292 41954 59295 22575 23086 59640 59470 23261 59471 23262 59813 22924 23265 41795 22926 23268 22928 23269 59310 23271 22931 22592 41632 22932 22593 23273 22594 22595 59316 22598 59148 22939 22599 41979 23281 60001 23111 60002 22602 41812 22603 23283 65272 59324 41813 41983 59325 23285 41815 22606 23286 41816 22607 59327 60007 22608 41817 23118 23289 22609 22777 22610 23290 41818 22611 22778 22779 22612 41819 41820 22613 41821 41822 22614 41823 22954 22615 22617 22618 22619 22959 41829 22620 22621 65121 22622 41832 22623 41833 22624 41834 22625 22626 41836 22967 41837 22628 22968 41838 22629 22630 41840 22631 41841 41842 41333 41843 22974 22635 41845
hp 84
t 71382 51621 71214 70959 71088 69643 71386 71046 77507 71430 71090 71261 54092 77510 71050 72368 71179 54306 71009 71349 71051 71392 53885 70673 71396 34889 34978 34936 71274 71275 70936 35619 35663 71371 76811 35205 71084 34866 69844 71460 76817 71335 76818 71293 75458 54040 71295 70914 70956 35087 71042
hp 78
t 65688 49411 49198 49158 70919 70666 65696 71008 70924 70840 49250 70842 49337 71097 71098 45088 71099 71100 70675 70718 70761 71101 49597 49174 68514 65709 73402 70937 50931 50763 45412 70913 49196 49155 49197
hp 171
t 366 876 27907 367 27910 27913 1563 28429 1412 28105 28107 27939 28449 28116 28458 27783 28124 28125 28467 28298 28638 28129 28130 27962 27792 28303 28132 28133 27795 28135 256 28136 257 258 28649 27802 262 27803 434 263 264 265 96 266 267 28487 26619 28151 271 272 273 274 27985 275 276 27987 28327 277 28667 278 279 1639 280 281 282 283 284 285 27996 286 287 967 290 971 292 293 294 295 976 807 27837 297 27838 298 978 979 300 811 812 302 28013 983 28014 303 304 985 305 986 306 307 308 989 990 997 28028 148 999 1000 1001 321 322 1003 834 324 156 326 1007 1008 159 1009 160 161 331 164 165 335 166 167 25668 1723 170 851 852 4 5 176 1537 177 25677 178 179 28060 181 183 184 188 189 190 1721 23 27905
hp 164
t 42100 42611 42781 42612 42442 42613 42359 42615 42105 42700 42616 42446 42701 42361 42447 42702 42788 42703 42619 42620 43810 41176 42624 45005 42456 42457 44328 42458 42459 42801 42376 43910 44338 42384 44340 42386 42472 42389 42645 42390 43921 42306 42391 42818 42393 42649 44350 43926 45032 42653 43334 42484 42655 42400 42401 42402 42403 42404 43510 42577 42407 42578 42664 42494 42665 42581 42667 42837 42412 42413 42669 42670 42415 42671 42588 42843 41994 41995 42506 42592 43952 43868 43954 42610 42511 42426 42683 42513 43959 44299 42600 42430 42601 42686 42007 42602 42432 42603 42094 42435 42436 42692 42522 42608 42438 42609 42099 44310
hp 271
t 51572 50782 49338 49190 49249 70664
hp 166
t 27268 26674 26676 26678 43040 43254 26680 26935 27020 27021 43043 27362 26683 27023 27364 27024 26686 43728 43049 43729 27410 27370 27032 43057 27291 26654 27377 27352 43059 27381 27000 27171 43067 27004 27348 27008 27646 27011 26672
hp 176
t 28012 27991 42845 27992 27908 28015 27994 27813 22034 27986 28029 28103 28306 26531 27989
hp 69
t 28331 20596 44907 20597 20598 20684 20599 42190 20685 20600 28336 20686 20601 44912 28337 20602 44913 28339 44659 44999 27744 45001 44916 28342 44917 45002 45004 44919 44920 45006 44922 44923 28264 44924 28350 44925 22230 20791 20792 28275 22836 44686 20801 20886 20887 42052 20637 42397 20638 42058 20642 20643 44954 20644 20646 20562 20564 41985 20651 44963 41991 44967 20657 20574 20659 20918 20664 28315 20835 28230 44976 44977 20667 28318 44978 44893 28319 44894 42429 20585 20586 44896 20587 44982 44897 44812 20588 44813 44899 44814 20674 44985 44900 42096 44902 44988 42183 20594 20595
hp 102
t 71808 80520 71852 80479 80185 80696 71814 71815 71986 71817 80529 80573 71819 71778 80618 80534 80664 79645 63537 80538 80539 80540 80541 71999 71957 80543 63544 80204 71833 80549 63550 76174 71797 72181 80639 80554 80470 80729 80474 80177 80390 80562
hp 299
t 47602 47916 47908
hp 254
t 62820 62567 62717 61506 62676 42595 42510 42553 61507 43915 43958 62001 42557 61471 62130 43962 65468 61834 62536 62707 42519 61455 42545 61457
hp 174
t 3000 2831 2833 62 1540 1720 1445 108 2829
hp 293
t 71267 71268 72185 72684 71260 72004 72473 72696 71252 71358 71953 71041 71860 72487
hp 334
t 20851 21022 20938 20939 21705 21029 21030 21031 21711 21032 21033 21039 6762 21043 21216 7022 24449 22664 6855 20884 21734 21736 21737 21058 21739 21060 23526 21061 21745 21746 7042 22088 21748 21749 5773 21584 20905 21588 21758 21589 20484 21590 20741 20656 20912 20913 20914 20915 5700 20576 20916 20917 20832 20492 20577 20493 20578 20919 20494 20579 20920 20495 6470 20581 20921 20922 20837 20583 20838 20923 24493 20839 21944 24494 20840 22880 21606 20841 21012 21268 20589 21865 20591 24332 21613
hp 101
t 79336 79326 79337 79442 79665
hp 189
t 2937 25190 25265
hp 177
t 42101 42846 42188 44926 44887 42189 42890 42147 44337 42107 45020 44914 44872 27915 42006 44961 42880 45008 42904 44307 22037 42884 44903 41993 45054
hp 338
t 38409 38404 38410 38405 58402 38402
hp 302
t 81504
hp 248
t 22935 23275 23041 22596 23085 23064 23108 23087 22561 22562 22584 22542 23116 23287 23117 22565 23267 22927 23076 23119 60137 22929 22972 22548 23272 60077
hp 304
t 81286 81626 81627 74574 81290 81291 81632 81292 80952 81293 80953 81633 81294 81634 73984 81295 81635 73985 81636 80954 73986 81637 80956 74071 74072 81639 74077 73993 81304 73994 81645 81305 73825 81306 81646 73911 81307 81647 81624 73999 73915 74000 74001 74002 73918 74003 74004 74005 74006 74092 74008 74094 74011 74014 74354 74015 74356 74022 74029 73862 73863 74034 81600 74036 80922 74037 73868 74717 74038 81603 74039 73870 74040 74720 74041 74721 74722 74042 74043 74723 74045 74046 74047 74049 74050 74731 74051 81617 74069 81281 81282 74737 81622 81284 74739 74570 81285
hp 331
t 45543 61611 43038 26761 45546 43635 45505 45548 61614 26934 26765 26936 26937 43087 43683 68928 26939 43642 26941 27622 68933 45984 43051 27624 27625 68934 68935 68637 68936 68937 68938 68939 69111 43229 69410 69113 68944 69115 27636 68648 69074 68989 68947 69118 68990 27215 68950 45533 45880 27600 45537 68955 45881 61604 45539 69254 68914 45540 45541 69256 45542 43333
hp 82
t 49709 49156 50856 49242 70280 49540 50052 49415 49713 52008 50054 52180 51968 49335 49421 73264 49166 51506 49339 70292 73268 49681 49341 50192 49343 50193 73272 49727 49388 73274 49261 49176 50196 66432 49177 49178 50198 73277 49562 73533 50922 50201 49564 50075 51988 50120 50121 49441 50123 52078 50168 49743 51528 49701 49191 49192 50043 50128 49153 49408 31515 49154 49239
hp 314
t 23106 23107 22301 22303 23069 42026 23032 23203 24138 22949 22991 22951 23209 22529 23212 23170 23042 23128 23043 22449 22280 23045 22452 23047 22455 22923 22541 22458 22459 22333 22462 23186 22336 42185
hp 113
t 77886 78228 78271 76616 77893 78234 78489 78236 78237 78578 78409 78197 60391 78539 78413 78074 78245 79096 59888 78588 78503 78249 78251 78463 78549 78550 78511 77875 78555 78216 78558 78225 78899 59011 78224 77885
hp 339
t 19397
hp 97
t 31490
hp 226
t 57712
hp 290
t 79332 80870 80881
hp 295
t 63563 63734 63863 63524 63610 63569 63570 63614 63572 63615 62853 80533 63491 63577 63664 63580 63495 63581 63582 63837 80073 71913 63583 63584 80076 63586 72001 63843 63589 63504 72047 80081 63548 63592 71838 63508 63892 63595 80001 63597 67805 63555 67806 63513 71930 63515 63133 63602 71762 63562 71765
hp 235
t 66940
hp 68
t 960 21191 21192 28247 20852 21277 20937 962 21278 20853 28163 28334 28250 20854 20940 21111 21195 20856 28252 20858 21198 28254 20860 20861 21116 21201 20946 20862 21119 21205 28260 21206 28262 21208 28263 21123 4549 20954 28351 20956 28267 28097 28268 21297 1069 28269 28099 28270 21299 28274 28104 20967 20968 20969 20885 20970 20971 20888 20889 21144 20890 21145 20891 20892 662 20977 20893 20894 21064 20895 20810 20896 20897 20898 20899 20815 20645 21156 20902 20903 20904 28299 21075 20906 20907 508 21333 20909 20911 21166 28307 28308 21338 20849 21339 28310 20934 20660 941 28312 20662 28313 20749 20836 21432 21264 20671 21182 20929 20930 21185 21186 21187 20848 44734 21189 28245
hp 165
t 43760 43592 27358 41213 43508 43764 43765 43723 27022 43597 43769 43643 43515 26517 27368 27920 43050 27369 43392 27371 27244 43394 43523 43566 43398 42932 43741 27209 43742 43743 43405 43066 43746 43407 42941 43748 43409 43749 27217 43750 43751 42902 43752 43753 43754 27010 43544
