ap 0
hp 368
 61183
ap 1
hp 369
 53048
ap 2
hp 90
t 59244 58693 59245 23588 59926 59928 58866 59929 59292 57592 59930 59250 59931 58743 58998 60614 60615 60489 37140 59344 23772 58877 59220 58668 59391 59306 78985 23565 59268 60374 59949 59143 60588 60632 59315 59231 59317 59318 59319 58682 59150 61403 59915 59322 59917 60683 60089 59281 59324 59282 59325 59920 79003 59284
ap 3
hp 37
t 77730 74460 75460 77606 74974 74868 79333 77805 74300 75598 77767 53499 74240 74963 74262 74773 75006 74858 75220 53356
ap 4
hp 370

ap 5
hp 83
t 27994 44412 44381 44499 21442 44414 44373 44448 44406 44526
ap 6
hp 371
 20472
ap 7
hp 372
 20158
ap 8
hp 38
t 46865 49480 49619 50076 46868 47750 46571 47476 47702
hp 43
t 47768 46918 31789 47770 31790 31791 47771 47601 50152 49812 47603 31794 31284 47775 47776 46928 49648 31120 49650 66650 46930 32144 48124 50165 46765 49655 47786 32147 48297 49658 47789 49659 47790 47791 46941 47452 47792 31813 50003 31815 45076 31817 31987 47800 47631 47802 32672 47804 48144 46955 46617 47640 31661 47641 48152 46963 47475 46965 49857 47479 46971 47652 32183 8383 48344 32543 49885 45125 47510 30341 47683 48364 30684 31026 48275 48369 49900 47010 45310 50072 47525 30699 47361 47873 46856 46857 66753 47035 50096 47037 48229 47039 46870 31745 47556 47559 46879 47730 67281 47393 47564 47565 47395 46375 47906 47396 47567 49609 48250 47914 66444 47745 47747 47407 49958 50128 66961 46901 47751 46902 49963 46903 47753 49453 46904 47754 50134 46565 47755 66114 46906 47756 49626 46908 47589 46909 49630 46910 47762 69522 65613 47595 48956 47766
hp 36
t 47812 50022 30771 47517 32133 47645 49602 49433 31796 47904 73235 47566 49606 47822 47823 48333 47782 47783 31803 66484 47656 47913 47829 47744 47405 47619 47450 31342 31258 45581 47539 48177 47797 47798 46652 48311 47760 47166 31993 46869 50099 48018 31784 27408 49977 47384
ap 9
hp 55
t 47002 32129 47855 48365 30600 49811 31792 31793 31029 30521 32051 47522 47777 30523 32056 30698 47018 47785 31125 47020 31126 47021 31042 49828 46938 30109 31814 49494 48304 32155 31985 32157 31818 30628 49839 49674 47807 47722 30467 49338 31064 31999 49850 49765 49852 50193 47473 31244 31329 47736 31247 31757 47737 47398 47655 31761 46979 47490 31682 31261 48345 31601 49621 48346 31602 31687 49623 47159 46997 30677 49633 31274 47763 30850 47000
hp 59
t 9688 29238 10198 9519 29240 29921 32643 29923 10203 9694 10205 29925 11056 15986 10206 29077 10207 9356 11568 11399 10209 16160 10210 29081 10892 11572 10213 11404 9873 10214 29934 11575 29935 11576 10217 10218 11578 9538 11579 9878 8689 11580 9540 9880 11581 29261 10221 32661 9541 29093 9543 9545 9885 10226 9717 10227 9547 11078 9718 10738 9719 12270 9381 9551 9892 9555 9898 9559 9592 29791 29283 32684 29285 11096 9737 11098 9909 16200 12801 29802 29293 9744 8385 9916 9747 29808 9409 8730 29131 8731 32701 9413 8735 9585 9586 2618 32368 9928 29820 8740 9930 29821 11122 29822 29312 29823 9932 9593 9423 8743 9594 32714 9424 9595 11975 9935 9596 29147 9597 16229 9599 10110 8751 9601 16232 9432 16235 11136 12836 16238 29329 8420 11141 9441 29333 9445 9786 11148 29339 9790 11150 29850 29343 8268 8440 8441 29863 8443 9636 29357 11509 10150 9812 9815 16278 9821 9515 16283 9346 9825 10167 9828 29888 53178 9830 9831 12212 29383 10004 9837 10007 29899 9841 29051 9672 11035 16308 9848 9678 11549 9679 9510 29910 12231 9512 12233 9513 9683 12234 9854 9684 12235 8664 9685 29236 29914 9686 10027
ap 10
hp 95
t 43348 23376 45053 3999 5281 4516 44976 7749 4520 44980 4096 7496 7752 15912 5374 7670 7671 44902 7842 7758 4360 4445 20001 4362 21277 5127 4108 4364 44485 4280 4365 4110 8106 4536 4451 4282 5302 41597 5133 5219 5305 5307 20784 3704 20621 21301 5321 44507 20792 3452 20623 20709 44849 44935 21306 21476 42302 7538 5245 4480 5246 44942 5334 44944 4824 21317 20212 5338 7718 8144 7806 6786 4407 4408 4409 670 7894 8065 21494 5090 4410 4411 4497 5093 21498 5858 4414 43344 21330 21332
ap 11
hp 157
t 25242 25413 26138 32343 2212 25121 1576 4 9440 25973 2471 24828 26231 24956 32352 26148 8767 25002 32313 48676 24878 26196 24923 25392 25520 8692 2190 25481 24930 1302 24807 24893 24936 26296 24938 25533 25238 1568 25666
hp 159
t 2718 25159 2379 2380 1022 2382 2722 2043 3064 1364 2384 1365 1366 1367 25168 25170 3070 3071 2391 8511 25172 2732 1373 2733 25174 1374 2396 2397 2398 2399 1719 24841 25181 1721 1722 2742 25183 1723 2407 2749 2410 8871 2411 26212 1732 2412 2413 1394 48994 2414 2717 1396 8877 2417 2078 1398 2418 2419 25201 2421 25202 1742 25203 2423 25204 2764 2425 1405 2426 24867 25207 2427 2429 25211 32693 25213 25214 2098 25223 24884 25224 25225 25226 1427 2447 25228 2111 32371 25232 2454 2455 25237 24897 25239 24900 1440 49040 2461 1442 25243 2463 25244 2464 24907 25248 2468 24910 24911 25592 25593 25253 25254 2474 25255 2475 25256 2817 24578 25258 24918 2138 1459 25260 2480 2481 2483 2484 25266 2486 1808 24935 2495 25276 2498 2499 25960 24944 24946 2508 2168 2509 2169 2849 2171 25292 25632 1492 1493 1836 1837 48759 2180 2522 8983 1847 32448 1508 1509 2189 31770 1850 1510 1511 2191 1852 1854 1514 24976 1516 24978 1519 25320 24980 24981 24982 24983 25325 25667 2208 32468 2888 9009 2889 24990 24991 25332 25673 24653 2894 2896 24997 2897 1538 24999 25000 2221 25003 2906 1548 2909 1549 1550 25011 1551 25012 2232 48132 25015 24676 2576 2917 2918 2919 2920 24681 1564 1904 1566 2587 210 1569 1570 3271 1914 32177 48157 1919 2260 1580 8721 1585 1586 48847 2608 230 25052 25053 25394 24715 9076 2616 32197 48519 24720 1600 25062 244 25063 1603 25404 1604 2967 1609 48530 25412 1612 48534 2975 1958 1962 9104 1624 2305 1965 1625 2645 1626 1627 2648 1628 1969 2652 1634 1635 1636 2317 1638 24760 24762 2662 3002 1644 3004 1645 2667 25449 2669 25451 27496 3019 1659 25122 2682 2684 3024 3025 1666 3027 1668 2688 3029 1669 1670 3030 2692 3033 2694 3035 2697 2698 2699 1680 2360 9162 3042 2702 3043 25484 2364 1347 1348 32291 25491 2372 3052 2713 2373 25154 2374 2375 25157
hp 155
t 2462 32216 9011 25417 9012 1872 8757 8333 1873 2469 2470 8338 32308 1795 9021 8681 48801 8853 2054 2394 2650 2058 24925 48556 2657 25440 25526 2066 2408 2068 2409 25446 3179 24854 2585 3265 32336 8962 3268 1910 2080 1911 24947 2422 32342 1913 1915 48156 3276 2599 1920 1925 3032 25217 1845 1336 1931 32617 1507 32533 2273 25563 235 32194 1936 48176 2446 1851 48687 2620 9080 25231 2453 1944 1350 2200 32632 249 8748 32464 2715 1950 2716 3311 32466 2632
hp 153
t 25529 32457 1594 24704 25448 32153 25120 25845 24721
ap 12
hp 134
t 40468 38259 16548 33634 16428
ap 13
hp 373
 8127
ap 14
hp 374
 61374
ap 15
hp 50
t 53296 74547 54147 53468 18280 70470 53556 53302 53557 77612 54067 56193 53984 53988 54329 76855 53735 53654 53569 53997 53318 53659 74824 77630 54085 53918 54853 77804 77465 53326 53328 53923 77556 53756 53673 53757 77729 34381 74417 77308 77310 53511 74338 54193 33031 53524 76986 53441 53445 70531 70446 77586 74952 53620 33135 53621 77251 74957 33052 74280 74875 53286 53627 77089 53376 53631 56266
hp 52
t 77050 76839 76373 69829 77013 76845 76379 72597 76338 77188 72558 77021 72602 75663 77151 75665 69928 76346 69759 77156 75669 77032 69724 72700 76866 72533 77548 71175 77551 72622 77044 77172 69948 75772 71267 76878 76837 76879
hp 56
t 49978 47769 49813 30263 47774 31115 31116 30777 47778 47779 31799 30779 49653 31124 49654 46935 31806 31637 47788 29769 31131 32151 31812 47793 47794 47454 31644 32154 49837 47118 31308 31648 31649 31480 31656 49847 31657 49848 49678 31659 49679 30980 30981 31154 30985 31156 30986 31667 31328 47819 32009 32184 30994 32185 32015 30995 32186 47658 32189 65851 47832 30322 31683 31343 47834 31684 47664 31854 31685 29814 47157 47500 47161 47502 47162 29824 31694 47509 29829 30849 29830 47680 47512 30852 29833 31023 47854 30855 30856 31027 31028 31710 31031 47692 47523 47012 30013 48204 47868 30023 31723 30363 31044 47704 31555 46855 30708 46860 31563 31906 31569 31570 31571 31572 31062 30553 31743 31575 31748 49768 31751 47734 31755 31756 32097 30911 31592 31765 31596 31597 30748 31600 31604 31605 31606 31607 31609 31610 31611 31612 49972 31613 31615 47765
ap 16
hp 89
t 44665 21481 26265 44052 48834 27754 44562 44564 44671 21447 30545 44635 44487 44657 49077 44404 44383 21391 44490 44660 44449 44704 44748 44451 44494 44217 44664 44707
ap 17
hp 375
 65535
ap 18
hp 51
t 52698 35872 10372 52702 35873 12752 53043 52363 30264 36384 30265 35877 53217 36387 10378 12588 52371 10042 29932 53224 10554 52886 52719 28750 36231 9712 31642 28754 52725 52896 10907 36408 52728 12950 31650 10741 11083 16863 52903 35904 9724 28764 10915 52735 36415 10916 52395 13637 29108 10919 13302 10414 10244 10586 10927 12289 36429 53090 36601 53093 36604 28954 9746 36267 53097 52588 53100 9922 36273 36443 29304 52256 36446 28798 12988 12310 28972 36457 12828 52779 10962 52273 10963 29495 29155 11137 28817 13687 36128 29330 28994 29675 36136 52967 29678 14381 52292 28832 10134 13875 28835 29005 52981 13371 36491 52303 52984 52696 52986 9808 28850 36500 52991 28852 52993 33955 36167 36507 36849 10841 36852 53173 52495 12546 52327 10507 16288 12888 11018 29039 52672 29214 52675 10345 53017 28877 53018 36529 52849 10690 53022 10182 52852 52512 53192 10693 10864 13246 9847 52857 53036 53028 10702 33313 52862 53203 10194 53034 10876 10706
hp 63
t 77564 33174 77565 14346 53395 56318 54065 53725 53705 52409 54238 54452 60851 53966 53881 54414 32783 56181 53864 53439 53993 54248 57031
hp 40
t 47725 49808 49831 49491 30835 50130 30900 31643 50089 29839 47478 31009 49838 49988 49628 31692 49841 48481 31693 49673 30593 47019 49676 49677
ap 19
hp 376
 57078
ap 20
hp 139
t 1610 8533 2485
ap 21
hp 377
 28607
ap 22
hp 378
 73702
ap 23
hp 379
 60664
ap 24
hp 58
t 70294 53379 77179 75652 77012 72592 75229 75655 75230 76847 77358 75403 77020 75236 77024 75154 77025 69971 77026 53396 77029 75244 77539 75670 76352 77202 77033 70318 34959 75080 76100 75590 75081 77036 71171 70662 75252 70323 75170 75171 76871 54262 75087 77383 77043 77384 70754 77555 75261 76876 75602 75773 75348 75263 77389 71184 77219 75436 75437 74334 75609 70256 74251 34988 73751 75112 76303 70269 70355 70273 53529 74696 73508 70620 75466 75128 53623 71218 76318 53538 53541 69862 75217 75218 75134 75219 76325 76836
hp 42
t 76540 53251 74333 75396 75439 70127 69831 71446 70597 77567 69918 77525 77356 75402 70132 72599 76339 72600 76341 76343 51353 76344 77323 75370 75242 77028 53740 77031 33511 77330 53530 77501 76354 33812 33218 75082 77334 75380 77039 75085 75383 76319 73982 77257 75600 76324 76495 75221
hp 65
t 30854 13812 53082 52700 13771 12623 36424 36425 36343 36470 12628 12459 10971 53004 13904 14288 13948 36520 12423 53393 12892 12425 12595 36438 28831 13362 13277 28834 12981 75202 53102 77328 54208 28795 52723 12603 36319 12944 13285 17196 36321 13754 12439 36665 12916 75426 10953 13291 52860 35903 10955 13633 52990 52908 13554 53717
ap 25
hp 97
t 5312 21293 43139 3915 43568 20707 21261 43151 8133 42898 5373 21268 5203 44134 44389 21312 4482 21440 7460 43687 21316 5337 42823 8101 21276 20766 44694 44865 21321 42784 44102 42869 21280 42912 44910 4195 4366 4537 44489 4284 21327 44829 4370 5092 44407 44239
ap 26
hp 92
t 37142 18698 36976 60946 37147 36978 61204 18620 36980 16411 61207 18709 37835 38090 18711 38091 37157 18712 17948 61213 18799 37074 37840 18715 61046 37841 36993 19228 58669 17956 37846 61221 60966 18722 61222 19233 19234 16601 58082 37172 60973 38448 58593 38449 19242 38452 18732 19243 37773 37008 37774 61235 60896 60727 61237 19248 61238 37015 58520 19251 18656 38461 39821 37696 24098 37868 38463 61414 61243 60905 37701 37871 16622 39828 59379 18580 61420 37195 19262 18837 61168 61423 18754 18756 37033 37035 37886 58457 18592 37719 37380 60756 37806 60926 18938 16388 60928 18090 37728 18690 18691 18522 37137 37138 18694 18695
ap 27
hp 39
t 53283 56269 74428 55621 56243 74922 54534 74329 55608 54598
hp 60
t 54993 54804 12411 55592 56252 56274 74358 56275 74933 56128 16327 74276 54833 54286 74984 54629 56263 74306 56201 53460 54566
hp 47
t 54801 54709 53476 77723 56314 56315 74399 74177 54331 54332 54663
ap 28
hp 79
t 78538 58989 78878 78879 22949 22951 61201 22954 78544 60357 58827 23127 58999 78549 41661 41662 22964 22795 22967 61217 78559 22970 22971 22972 78903 59524 79075 60205 41677 22638 78399 78232 23153 65315 65146 78236 58689 22482 60902 79263 22994 78244 64986 58697 22829 58700 78590 22830 61421 23511 78252 23003 59045 58879 60240 22673 60413 23524 65175 65177 65178 60252 78612 23533 65015 57535 61276 78787 78620 78791 65191 60261 78452 81002 65193 78115 65196 22866 65198 60778 78458 37149 58742 22532 22704 78464 59425 22535 23215 78467 59768 22538 22539 22540 37160 22541 38012 78642 22544 78304 57735 22545 78305 22546 22547 78648 41588 78479 78649 78650 37001 22551 60122 60123 59443 60124 59107 22558 60129 22559 57579 78151 37863 22565 60140 37192 22574 41615 78506 22747 78508 22579 59979 78170 22580 78171 65084 23267 22928 22590 41630 22931 59822 22932 78183 22933 22935 65096 78528 22938 22939 22940 78531 23281 22774 23284
hp 81
t 43858 44198 43859 44199 62900 44200 62562 43863 44203 27883 44204 62904 43525 43865 62225 43866 42505 43867 62227 42847 44207 62568 44209 44212 42512 44213 43534 43875 43535 42515 43876 44216 43877 42857 42517 43879 43539 43880 42861 44223 43884 61905 43887 43547 61907 42868 61909 43549 43550 42870 21451 27911 44231 61571 44232 42872 375 61917 62261 61581 62263 42204 61925 61585 42206 27926 61928 62270 42890 62271 61931 42551 43912 21472 61933 42896 42217 21480 43580 61941 43922 43923 61604 43925 42228 42909 42230 42911 62635 42917 43598 42918 44281 26942 42922 62642 65365 62646 42931 43616 43617 43277 43618 44298 43278 44300 41241 43621 43625 43966 43626 43627 42268 42609 42611 42272 27992 42614 43635 43977 62338 43979 42280 42960 43642 43643 43984 65404 65405 68805 43987 43988 45009 43989 43309 43990 43993 43319 44000 43320 44001 44002 43322 43324 43665 44005 43669 43670 44010 43671 42993 43675 42655 61696 43680 43346 44026 42667 44028 44370 43693 43353 44197 43695 43355 43696 43356 43697 42677 42678 43699 42679 43700 44380 42682 44382 69205 43366 43707 43709 44050 43711 42691 44391 43032 44392 44397 42697 42698 42699 43379 44060 41680 44401 43382 44402 65486 42708 20610 62090 42711 62092 41353 62095 42715 42719 42720 42040 42042 61765 42726 42728 42729 42050 26752 44096 61776 42737 21319 42739 61779 42740 43761 62465 43426 43427 43428 43432 44114 43776 44456 43777 42757 62478 43778 43779 61799 43780 42081 43782 43783 44804 42765 44469 43855 61815 44136 44137 43857 43460 61821 61822 42785 44486 43808 44492 68633 21374 43475 43818 43138 44498 43140 43141 43822 43142 44502 42463 43143 61844 43146 62868 43148 27170 43150 62871 43153 42814 44178 43158 43840 44181 42821 43844 43845 42486 43846 43166 42828 43508 43509 44869 43851 44191 42831 61872 44194 62895 43856 43517
hp 85
t 60178 22779 78370 60180 22780 78371 78712 57973 58823 58994 22614 60184 57804 57463 78545 57807 57978 60176 58829 78384 57814 60194 57815 59515 58499 78390 60371 59691 78561 79072 59522 78393 59014 79074 78394 57825 59016 78396 79077 78397 78398 78400 79080 78401 60212 78912 59024 59026 59027 59028 59030 79090 59031 79091 78411 60222 58522 58013 60223 58014 60224 60225 58526 60226 78926 57847 60228 79099 60229 60400 60060 60231 60232 60233 60404 57684 60234 57685 60235 59046 60406 59104 57857 57688 60239 60410 59050 60411 58031 60241 59051 59052 60243 59055 58375 58377 60247 78195 60248 78609 60249 81160 60251 57531 78784 57704 60255 58386 78786 60256 59066 58388 78789 60259 78621 78793 58816 58054 58055 78795 58399 78799 59080 60272 78803 60274 58065 58066 60276 58068 57728 78638 59432 57733 60285 60287 65047 58078 58759 58420 58080 60290 57401 57740 60291 58422 58762 60292 58083 58423 57403 58084 58424 58934 59614 60294 58763 58425 58085 60296 59105 58086 60297 58427 59108 58938 60298 59788 58429 58089 58090 78319 58091 57742 59621 60301 58092 60302 58093 78492 60303 58094 60304 58776 59627 58098 60308 60309 57744 57422 78503 78505 65247 39918 57746 57942 59813 57943 60324 59135 78344 57945 57747 59817 58967 57778 57948 78348 60331 58972 60163 22593 65094 58974 65265 22595 57749 22598 60169 22599 60339 22770 65100 57791 58472 22773 65273 57623 58474 78364 65275 65276
ap 29
hp 48
t 45136 69617 66935 45945 68896 46840 66136 69111 69409 66137 66605 73278 67202 69114 67032 66440 67291 46721 47741 49485 46875 45194 67253 66700 46725 66446 45197 66999 69379 66873 67213 69083 66874 69381 49579 48049 66324 66835 66495 46647 66624 49879 46905 47925 69439 66584 46907 66669 67010 66588 67227 69139 47805 68887 47299
ap 30
hp 62
t 36635 17170 13940 17426 52701 13006 36467 12582 17174 12416 36556 33583 12419 36647 52717 52888 16852 13369 36576 12438 12353 52814 53069 31651 36497 36668 37775 53077 13297 12364 36164 36420 13899 36169 13900 36511 13733 36768 36600 36602 12377 36432 12548 16714 56325 12550 36691 36521 36439 10686 10262 52764 36444 52850 12391 52854 53025 36365 52856 52771 52774 12485 53031 37731 12401 10956 12402 53037 12574 52695 12576 52697 12747
hp 64
t 13810 14065 17254 34978 54063 14583 53385 12671 14415 77360 33203 71410 34521 70476 34567 53522 55011 69929 54076 33444 53570 13663 13366 13281 69892 54168 14304 77376 33091 13331 53963 34967 13890 34248 17164 33570 13766 17252
ap 31
hp 46
t 49489 49872 49490 66555 49598 49513 69469 68408 67198 50118 49438 50161 65568 31632 50143 66317 50232
ap 32
hp 380
 39865
ap 33
hp 158
t 13736 13785 13652 13818 13744 13675
ap 34
hp 381
 52475
ap 35
hp 105
t 80240 80243 80246 80258 80259 80260 80261 80263 71426 79928 75848 80273 80274 80275 75856 75857 80279 75861 77902 80283 80623 75864 80285 75865 76545 80286 75866 80287 80288 80289 76551 80292 79954 76214 75874 80296 79956 80297 76558 80298 80301 76224 80304 80305 76565 79965 76225 79966 76226 76227 76567 75886 80308 76229 80309 76570 80310 76230 80651 76573 76233 80313 79974 75893 76575 80315 80316 79978 79979 76242 80322 75902 80323 76583 76244 79984 76245 79985 79986 76246 76247 76248 80668 76249 79989 76589 76250 76251 79991 76593 76594 76254 76256 75577 79997 76597 79998 76598 75578 79999 76260 76261 80341 75581 76602 75582 76263 76603 76266 80346 80347 76268 76269 76270 76271 76274 80355 76276 76277 80018 76279 80019 71859 76282 80022 76284 75264 80024 76286 76287 80368 76291 80036 80041 80044 80045 80046 75290 76312 80052 80054 76314 76315 75975 75976 75977 80058 75979 80061 80064 75984 75985 80065 75986 75987 75990 80073 75993 80074 76334 75994 75995 80083 80085 80086 80087 80089 80090 80091 76012 76013 80094 76014 76015 76361 80103 80104 80106 80107 80108 76029 76030 76372 76374 76375 76380 76381 76382 76383 76047 80128 80129 76391 76392 80132 80133 76393 76394 76395 80136 76396 76398 80140 76401 76402 76403 76066 76416 76418 76419 80159 75399 75404 76428 76768 76429 76431 76432 80174 76436 76437 76438 76439 76440 63520 80180 76441 80181 76442 76443 63523 76103 76444 76445 76446 63526 76106 76447 76111 76455 76456 76457 76458 76460 75780 76461 76462 76464 76465 76466 76467 76468 75449 76471 75791 76137 80222 79882 80223 63566 79546 80229 80232 76152 80233
hp 171
t 45685 27623 46834 45092 46836 46837 27627 45097 46669 45820 46670 45821 46671 46629 45652 45738 46845 46804 46847 45615 47995 27469 45744 27621 45662 45705 27643 45663 46641 45410 27646 66067 45073 66069 27609 45716 48011 45122 45123 27613 45124 48015 46615 45723 45300 45089 46832
hp 283
t 43349 44030 43860 43266 61882 61713 62479 62564 43184 42761 62142 43187 43868 43019 61890 43446 43790 42771 62577 61558 61898 43878 61899 61645 43882 62243 43974 62420 61740 43890 68676 43892 61743 62084 62085 62086 43727 62088 42801 43992 43652 61758 62099 61760 43995 43659 61934 61512 62362 61513 62875 42815 43666 43667 62539 62455 62285 61521 43926 44013 44015 61951 43169 43679 43594 62551 43681 43516 62471
hp 264
t 50158 71589 71590 72993 71624 65749 71498 49293 68535 71510 65711
hp 234
t 53676 53344 53687 53635 53657 53976 53309 53671 53650 53258 53652 53695 53260 53643
hp 333
t 68933 67488 61454 67236 66897 69618 66898 66899 69279 69619 67409 69110 61546 68686 69282 61464 67245 69115 67502 67503 61643 61474 66915 68107 66833 68108 68110 66836 68622 66837 68282 61823 66838 61653 67011 68118 61658 66844 62339 66845 61660 68632 67527 66847 67442 69399 67446 63197 61670 69065 68641 69152 69324 61589 67200 66860 67201 68816 69071 68902 68903 67204 68904 67205 66695 69416 61767 68822 68908 66869 66870 68911 67215 66875 67386 68832 69598 61524 69599 68834 69600 66881 66882 68838 66884 68839 67054 66885 69608 62383 68930
hp 270
t 67169 67171 68532 68491 68492 67175 67262 68497 68541 68413 68499 65757 67079 67209 67082 68528
hp 175
t 32170 32128 32107 31833 32152 32131 32003 32132 32026 32473 32134 32156 32135 32050 32093 32751 32030 31801 48187 32101 31273 47681 48128
hp 266
t 36548 36144 36549 36252 36274 36253 36551 36679 52151 36682 36554 36469 36471 36546 51687 51922 51562 34882 36221 36476 36477 36860 36435 36478 36861 51693 36075 36268 36269 36270 36271
hp 265
t 67222 68922 66777 67319 67246 67203 68932 67206 67271 67314 67272 67220 67007 68900 67211
hp 115
t 74714 74715 74716 74718 39106 81267 39108 81439 39110 74132 74728 74051 74732 74647 55522 74736 81281 74737 81285 55532 81287 81288 58257 74663 74070 55371 81296 74072 58262 74073 74074 81298 81299 74670 81302 74078 58269 39144 81736 81657 74688 55477 81320 74693 74694 74695 81241 58293 58295 81330 74021 81246 74022 74023 58300 55495 74027 74028 58303 74709 74029 74710 74711 74712
hp 106
t 56183 74458 56270 56185 74376 56271 56186 74377 56187 74462 74379 74387 74305 74391 74476 74307 74222 56205 74313 74484 53490 56300 74322 74409 74324 74325 74326 74241 56307 74413 74243 74075 74415 74416 74331 74077 74332 74162 74419 74420 74335 74421 74422 56232 54788 74425 74426 74342 74088 74344 56239 74345 56240 74431 74346 74432 74348 74264 56159 74098 74356 53278 74107 56257 74448 56258 74449 74450 56260 55581 74112 56262 74453 74368 74454 53290 74457
hp 168
t 27410 26811 27423 69181 26644
hp 178
t 31041 49450 50035 31010 31699 49985 49986 50008 31011
hp 334
t 49984 73275 66304 50156 66306 73277 30947 66308 65799 73280 49990 73281 73282 65632 73283 49992 50164 65804 73284 65805 73285 66485 73286 73287 66487 73288 49998 73289 66489 49999 73290 73460 73291 66491 66320 73292 66322 73462 73293 73463 66494 73294 50175 73295 66325 73296 73465 73466 73297 66497 73467 73468 73299 73469 73300 73301 66501 50011 73303 50013 73304 50014 73305 50015 73306 66506 73307 66507 73308 65830 65831 73311 66511 73312 66512 73313 73314 66514 65835 73315 73316 66516 73317 73318 66518 73319 73321 73323 50033 65673 73324 50034 73325 65845 73326 66356 50036 73328 50038 73329 66358 73330 73332 66022 65683 50045 65856 65857 65858 65690 73343 66544 66545 66546 66549 65872 47342 50062 47343 50064 65706 65878 65708 50069 50070 50071 50077 50078 66400 65721 65723 66403 50088 50091 65906 73216 50097 73217 73218 73219 73220 73398 65919 73229 73400 73230 73401 66430 73231 73402 50112 73403 73404 50114 50115 50116 66437 50117 66438 66439 73240 66441 49443 50124 50125 50126 50127 66447 66448 66449 73250 66450 66451 50131 50133 66453 66454 50135 50136 50137 73258 73261 73263
hp 69
t 29938 29939 30407 53136 29402 30104 29723 29225 28704 29319
hp 267
t 36255 36850 52581 36222 36094 35926 35927 35844 34102 35845 36104 35892 35935 36277 35937 35852 35938 35853 35854 35940 35855 36280 36281 35941 36282 35943 51458 36117 36841 36247 52440 35951
hp 328
t 36040 50833 36048 36049 51689 36050 36051 36052 36223 50672 50673 36053 50844 36054 51014 36055 50675 36057 36058 36059 36060 36061 36062 51022 52558 49159 36072 50693 50864 36073 36074 51038 50870 50872 51724 35915 51045 51725 51046 51047 51048 51049 51051 35923 51053 51054 36095 51055 52417 51057 52418 52420 52591 35931 50558 50899 52432 51072 49543 51073 51074 51076 51077 35948 51078 35949 52439 35950 50911 52441 52442 49213 36464 36465 35956 51087 51088 51089 52450 51091 52452 51093 35964 36134 35965 52454 52455 35966 51095 52456 35967 52457 52458 52460 52463 52466 51109 50769 52470 36150 50942 52474 49586 51968 36160 51122 52482 51124 51125 50785 51126 51127 36848 51128 51129 52490 51130 52321 51131 52492 51983 51132 36853 51133 49432 51134 50795 51135 36855 36177 36858 36178 50799 36859 35840 51991 35842 36863 36186 35847 35849 35851 50642 50813 52514 50645 52518 35864 36036 50827
hp 322
t 79261 79648 79351 79140 79480 78247 77865 63373 78419 78460 79652 77826 79738 78591 64099 78422 79427 80803 78551 78892 78851 77872 77831 78554 64105 78257 78258 78556 80682 78261 78177 79241 64112 78265 79330 63437 79120 78227 78270 64117 77888 79291 78271 78573 78913 64040 78875 79088
hp 179
t 31022 47153 47538 47156 47815 47496 30623 30369 30179 30071 30072 30118 47735 30034 30077 30120 47504 31546 47165 30760 47123 47505 30017 47507 47167 30039 29976 31551
hp 227
t 70316 36254 51620 52198 70154 70112 50159 52113 51350 51478 70286 51629 52118 51333 70291 50146 51357 51571
hp 258
t 33488 34084 35360 34256 35361 34172 34257 34598 34259 33494 6039 35364 34260 34261 33496 33326 34263 34264 33840 33500 34267 33843 34269 35374 35375 35291 52461 51783 51785 33851 33172 34193 51960 33515 33516 34706 33517 34537 51963 51967 34117 34118 35393 33524 33440 34122 33442 34294 33359 33191 17212 34639 34300 34302 34051 35328 34227 34142 34229 34230 34235 33810 33811 33813 35344 33474 51920 34155 34241 33476 33477 51838 34073 33481 33821 33312 35353 33484 33485 33400 34252 33487
hp 84
t 58818 60179 58819 57799 57459 57460 60181 58992 58822 57802 58993 57465 57976 58996 57806 58826 22617 57977 57808 57979 57809 59001 57471 59005 59006 58838 57478 57479 58840 57480 59521 59523 60204 57484 57485 58336 79076 59017 79078 58168 57660 57490 59532 57492 57493 78233 58005 81808 57670 60221 58012 57501 57502 59033 57503 78755 58016 58356 57676 58018 58019 57509 59040 57851 57511 61422 57682 59043 59044 57514 59047 60238 60409 57520 57692 57522 59053 57693 59054 57524 57696 57526 57697 57698 78608 57699 57529 57700 39850 57702 57703 57533 57534 57705 57706 58387 57707 78788 57711 58052 81686 78626 58057 57717 57378 57718 78628 57379 57380 59082 58062 58912 58063 57722 78633 58064 57723 57725 57726 59088 58069 58071 78641 57903 78643 57734 57736 81536 59776 58077 58417 57737 58418 58079 57739 57400 58760 65050 58081 57741 81712 57743 57404 58764 58765 57745 78655 58766 58426 58088 57408 57748 81549 39219 57410 81720 58431 57412 81722 60305 58945 81385 81386 81558 57759 57760 57421 57761 58951 57762 58952 57763 57423 58953 57594 58955 57596 59127 57597 58958 59129 59130 57770 58960 57431 58961 59132 58962 59133 57433 58963 57602 58964 57435 58965 57436 57776 57437 57777 57947 65087 57438 65088 57439 58969 57780 57781 58971 57611 57782 57783 22594 57445 57785 65095 58975 57615 57787 22597 57448 57788 57451 57961 57452 57453 58984 81766 58817
hp 314
t 39204 39236 39247 39196 39191 39234 39277
hp 306
t 61427 61404 60551
hp 123
t 80580 76672 76673 76674 75316 75317 75319 76679 80589 76680 76681 76682 76258 75326 75327 76264 76690 76691 76692 80432 76693 80434 76694 80435 76695 76697 76698 76703 76708 76709 76710 81131 76712 76713 76714 75269 75270 76716 75271 80542 75272 75273 75274 76720 75275 76722 76723 76724 76725 75280 76726 75281 76727 75282 75283 80469 80384 75286 76732 75373 76648 76733 76734 76735 76651 76657 79804 76659 76662 80489
hp 289
t 75174 75173
hp 272
t 67042 67149 67256 68488 67216 65771 67132 65751 67133 67114 65754 68538 65733 68453 67137 65786 68498 65758 65696 67249 67100 68461 67252 72246 65765 68507
hp 80
t 22948 79559 60182 22784 22955 60356 22956 78717 22957 22958 78548 79568 60359 60360 22960 60361 22961 60362 22962 60872 78552 22792 78553 60177 22965 58835 22966 59347 78897 60368 78388 60369 78392 22633 22973 22974 22635 22975 65136 60206 59697 78228 59019 60380 78910 59531 59533 59025 62087 79597 23158 23159 22991 22992 78242 22824 59205 23336 22996 78246 22997 59039 78249 60230 78250 23512 23343 22832 78253 78254 23005 60236 60407 78256 23517 60237 59048 22838 59049 41877 78259 22670 60072 60242 41883 60414 60244 60245 23016 60246 22679 78610 23361 23531 78613 60253 59913 23365 23025 78615 57536 59069 78449 22860 78451 23201 78281 23202 23204 78624 78455 79136 63326 60266 22528 78800 78461 78462 22534 78634 58745 78465 60106 78466 22536 22537 58748 41917 78468 78640 60114 78644 60284 59264 65045 78645 60286 78647 78307 43968 60119 22549 78651 78652 22552 22553 78144 23235 78315 43976 57576 78148 78489 41431 22564 78497 41608 22568 59968 41780 43821 41611 78502 60312 23253 59973 41613 43313 78504 78165 22915 24276 78847 78507 41617 22917 78168 41619 68650 22920 22923 78176 60157 60158 65089 22929 78180 22930 22591 77842 78182 23273 59314 22934 78185 78525 78187 23277 78188 65270 65274 23007 41644 22945 78536 22946 78877
hp 324
t 79051 79053 81263 81775 81776 79056 81777 81778 81268 81780 81781 78381 79061 81782 79064 81784 81785 79066 79067 81788 81789 81791 78391 57482 81793 57655 81795 81796 81797 81798 79079 81800 57491 81803 79084 79085 79086 81806 79087 81810 81811 78922 81813 59034 81815 81816 59036 81817 81818 78589 57510 59042 81825 81826 57516 81827 81828 57518 57519 81830 81831 81832 79113 81833 81834 79115 81835 81836 81837 81838 79121 79122 79124 79125 81675 57539 81852 81172 57542 81173 81854 81856 81857 58907 60267 81858 57549 81860 81862 78972 57554 81865 79145 57556 81187 81697 81868 78978 81869 57559 79150 57560 81871 57561 81193 57563 81877 58928 81879 81880 81370 81881 81711 81882 81202 81203 57573 60295 81886 57580 79002 81728 81730 81221 81732 81733 81734 81905 81735 60315 81906 81907 81737 81738 81909 81739 79019 81740 59131 79021 79192 81914 81744 81915 81745 81916 81746 78346 81747 81407 81748 81749 81750 78861 81243 80908 81759 79040 79041 79042 79043 81764 81255 79044 78367
hp 172
t 30266
hp 225
t 54717 54718 54719 14546 53871 54713 54714 14349
hp 259
t 51338 51509 36636 34937 52192 33833 54149 51429 70387 51604 51349 51691 51437 51694 51611 52206 51441 52121 51613 51614 51359 51615 51532 51337 70320 51705 34112 51623 51708 51368 70324 51370 51626 50695 52141 51632 70247 51633 70333 51634 70589 70249 51294 51636 51552 51553 51213 50703 51469 51640 51470 51982 51472 35067 34898 52067 51643 36683 51561 73661 51391 51476 51563 51393 36264 51395 36266 70098 34231 33808 34743 51659 36275 34915 70276 52171 70277 70448 70279 51494 51325 70280 51326 51411 51412 34583 36198 70454 70285 70114 70455 51330 36200 51331 51587 70457 70458 51504 70461
hp 279
t 42615 43678 43785 43532 42608 43685 43792 61813
hp 98
t 75372 75288 75267 75607 75354 75461 79606 79650 74402 79396 80523 80055 75295 74467 75318 74468 75659 74320 79633 74323 74452 75323 75324 74495 74814 75325 79426 73776 75668 79727
hp 246
t 65397 65284 68127 68117 65399
hp 231
t 54016 53677 53932 53889 53678 53933 53679 53721 53935 53722 53936 53895 54661 54325 34990 53862 54033 53992 53696 53568 53697 53739 53698 53656 53699 53911 53700 53658 53913 53701 53276 53574 53616 53998 53618 53745 53661 53577 53665 53880 53666 53709 53624 53667 53922 53625 53668 53711 53626 53669 53924 33011 53670 53754 54265 54095 53716 12449 53675
hp 78
t 41648 41650 23460 41651 41652 68682 41653 40973 62566 62908 65459 23299 65460 41660 23470 62571 41663 42513 42514 65125 65296 41837 69378 42518 42009 62579 42519 62581 41675 41166 41337 41678 67519 23489 41340 23491 41342 42022 41682 22813 41684 42024 42706 42026 61580 23505 42205 41016 42716 61757 22658 42210 69412 42043 69073 22835 42387 41537 41368 43237 23518 42218 22671 42731 22841 22672 23523 42224 22675 41715 23525 23527 41547 62627 23528 41548 42738 42059 42060 42741 41721 42231 23022 23532 41723 41553 62633 41554 61614 41555 65526 41386 41556 41557 42577 62808 61620 41391 41560 23541 41392 65362 41563 69104 22695 62306 41566 41567 62647 22700 62650 68771 65372 58913 41406 41748 41409 41749 41579 41410 63169 41750 41071 41581 41752 44982 41414 41415 41585 41416 41758 41419 41589 41590 41083 65393 41593 65394 41765 65395 41596 41598 62510 41600 41262 41602 41433 62173 41603 41773 41776 41436 41437 41777 68807 41438 68637 67448 41779 41609 41440 68810 41441 41610 41442 41783 41444 41614 23425 41445 68815 41446 41785 62865 41786 41787 41448 41618 41449 41790 41620 41621 68652 62872 41622 41623 41624 41795 41625 41457 41798 41288 41628 41459 41629 41631 41291 44012 41633 41297 41637 41639 41299 41640 23111 41641 41476 23286 41817
hp 317
t 81470 58272 58273 58232 58275 58318 58276 58278 57513 57641 57686 57601 57687 57604 58328 57648 57607 57609 57652 57654 57528 57614 57618 58341 58342 57663 58343 57664 57666 58347 58348 81554 58349 58307
hp 315
t 39207
hp 112
t 75606 75140 77691 75567 74802 75356 75443 75358 75145 75359 75146 77656 75235 75406 75237 74771 75452 75368 75585 75543 76606 75377 74783 75378 75422 75423 74870 75381 75467 75382 75511 75429 74282 75389 75432 75391
hp 308
t 39101 39057
hp 297
t 18953 34168 34255 18275 6715 18360 18276 33406 18278 18363 18194 18279 18364 18281 33242 33497 33498 33414 18966 18287 33502 19563 17523 17099 14724 33170 14385 18380 14728 17789 33260 18217 33432 17710 18221 14396 33522 18222 77297 33439 18310 17886 16870 18998 6710 33451 6681 33457 18357 17907 17740 33891 34234 33217 17832 14774 14689 33220 17750 17846 18176 17667 33902 18177 18263 33393 18944 18179 18265 17840 14696 34247 17502 33397 19542 33483 17418 6709 33229 14699 33230 33231 33486 17421
hp 298
t 80748 79388 77858 79389 80749 80750 79392 78033 79394 80161 80163 79399 79400 80675 80166 79401 79402 79404 79405 79407 80685 78051 80686 80687 79413 79415 64030 79416 79417 80778 79420 79506 79509 78064 77894 78066 63361 78067 77897 78068 79428 79429 80789 78069 78070 78071 63366 78072 80707 64048 63370 77905 78076 79437 78078 79608 78079 79439 63375 64736 80888 80718 64739 80720 64061 78087 80722 79448 80724 64915 80725 77920 79451 77921 78092 80727 77922 78093 78008 80643 78094 80729 78009 80730 77925 78010 78011 77929 79460 77930 77931 77932 80652 77933 79380 77935 79381 79382 79383 77857
hp 235
t 77348 72631 70634 77221 77052 70593 77520 77563 77479 77522 76886 77566 77524 77355 76930 75613 77016 77228 77528 75702 77274 77232 77531 77065 76938 76345 75113 70652 77453 77794 75627 77541 77161 77163 77248 75166 77377 77249 76867 77547 77335 77379 77209 77549 75639 77090 54225 75774 75689
hp 277
t 76370 76413 76360 71451 76488 72228 72643 72144 71507 71604 71509 72136 71424 76356 71099
hp 338
t 49553 49556 49557 49472 49898 49473 50918 50919 50834 50921 49902 49477 50922 50923 50583 49567 49907 49910 50761 49829 49492 50599 49664 50941 50516 50176 49496 49497 50177 49157 50178 49666 50262 50179 50263 49669 50520 49754 49585 50435 50436 50182 50352 50183 49163 50608 49164 50912 50694 49165 49552 49588 49759 50610 50270 50187 49421 50272 50188 49762 50273 50274 50784 50359 50190 50275 50360 49511 50615 50276 50617 50618 50533 31578 50278 49599 50279 50620 49515 50535 50621 49856 31582 50622 50623 49773 50284 50285 49860 49775 49435 50541 50287 50203 49866 50888 49446 49873 29643 49874 51999 50216 49876 50897 49880 49200 49455 50476 49542 50817 49373 49544 49205 49545 49886 49546 49206 49207 49547 49887 50908 49548 52100 49211 49212
hp 257
t 34718 35981
hp 273
t 70973 72887 70933 70806 71573 70808 72934 71549 72812 71495 72898 71625 71540 70946 70947 71627 71586 71587 71632 68487 71633 72865 71676 71634 71677 71548 71635 71550 72825 71636 71678 71594 72826 71679 71595 71638 72870 71598 68489 72197 71563 71564
hp 339
t 49722 50402 53122 50403 28898 49723 53124 31619 49724 53125 31620 28900 49726 53126 49725 31622 53128 53131 53133 53135 31630 31631 53140 53141 53142 52548 53143 53147 53149 50344 53151 52727 53068 52730 52731 52477 50271 52396 53162 49681 31662 53168 49683 52659 53169 53170 53171 53086 50401 50290 53095 52586 53098 53120 52344 52345 49720 52435 53117 49717 52694 49719 50400 49721 52612
hp 76
t 62558 65194 62899 41139 62731 65366 65197 62902 41314 62907 41233 62569 62570 67416 41577 62572 41239 41240 65380 62576 63767 65383 41074 41330 41077 41418 62585 42527 41338 41255 41428 41260 41261 68635 62686 64981 64984 41781 61505 64991 68819 67462 41456 65512 41458 62879 62625 65176 62629 65520 65180 65181 62631 41638 41809 41470 62805 62720 41300 41642 68673 62468 62893 65443 42749 62810 61536 41306 62641
hp 296
t 64209 64210 80105 63509 75823 79967 79968 76453 71917 75859
hp 101
t 53633 53634 53549 53550 53465 53636 53891 53637 53297 53977 53382 53638 53639 53299 53300 53640 54830 53641 13860 53471 53386 54066 53642 53301 53303 53388 53644 53645 53306 53986 55006 53647 53308 53648 53649 74219 53310 53651 53311 53483 53399 53999 55019 53405 53406 54852 53407 54345 53585 53415 53416 53417 53248 55033 53333 53249 53674 77091 53250 53421 53252 53507 53422 53253 53254 53424 53255 53256 53257 54790 53261 53346 77657 53348 77658 53349 53264 53351 53266 53352 53267 53353 53268 53693 53694 53355 54037 77583 53359 77584 53955 53277 53279 54045 53706 53368 53370 53965 53287 53288 53374 53289 53291 53632
hp 293
t 51550 52103 73481 49172 52106 50747 50707 52112 52156 51605 73492 49352 52157 52158 49269 51607 51905 49312 73495 49271 51907 49273 51612 50719 51570 73670 49275 52123 49277 70207 51533 73677 49326 50729 36195 51624 50691 70242 51628 51927 51630 50737 51928 36203 70203 51929 70204 52142 51549 51635
hp 318
t 81853 81855 81770 57716 39271 57461 57377 81687 57462 57457 57548 81688 81859 81689 81690 57805 58061 81266 81352 57468 57639 81524 39194 79825 57557 39198 79065 39881 57562 79068 79069 39722 57572 39212 60293 81714 57489 57661 81802 57495 81551 57581 78408 57583 81809 57499 81555 79092 57842 78413 81559 81814 57504 57844 79096 57677 39912 81393 78588 81819 58274 81820 81395 57512 57515 57517 57603 57434 81404 81576 57521 57610 81752 79032 57613 58973 57784 81416 57617 57532 81417 39258 57789 81844 57619 57450 81845 57960 81591 81677 81765 57456 38586 81597
hp 268
t 71738 76499 72080 76500 71740 75821 75822 76502 71742 72083 71746 72086 71747 71748 72089 72091 76511 71753 71754 76176 76177 76178 71759 76179 76180 71760 76181 71761 75842 76182 71762 75843 71763 76183 75844 71764 75845 76185 71765 75846 76186 72106 76187 75847 76188 76528 71768 75849 76189 76530 71770 76191 76531 75851 72112 71772 75852 71773 71774 76196 72116 71776 72117 76197 71777 72118 71779 76539 68380 76542 72122 76204 76205 76206 76207 72127 71448 72469 71791 76211 72133 76218 76220 76221 75881 76222 76223 67726 71806 76496 68435 72522 72524 67776 71858 71862 71863 71864 71865 71866 71867 63713 63715 67800 71880 71882 67803 67811 71891 71893 67815 76316 71902 71904 71905 71906 63747 72247 71907 75988 71908 75989 71909 71910 76330 75991 71911 76332 71913 76333 72593 71915 76335 75996 71916 75997 75999 76000 71920 76340 71921 76001 71922 76002 76003 71923 76004 76005 71925 76006 71926 76007 71927 76008 76009 76010 76011 76353 67855 80096 80097 76357 76358 80099 76020 80101 71941 80102 76363 76023 71265 71947 76028 76368 71948 76369 71949 71950 76371 76031 76376 76377 71957 71959 72640 72641 71963 72651 71973 71977 76399 71979 76415 72344 68604 72688 72690 71670 72692 72693 72694 72695 71335 72018 71681 72703 63524 71685 71686 72030 72031 71691 71693 71694 75776 75777 75778 75779 71701 75782 71702 75784 71705 75785 75787 71707 72048 72050 72052 75793 64235 79876 72057 75798 72059 75800 76480 76481 75801 72061 76482 75802 72063 76484 71724 71725 76486 71727 72069 72070 75810 72071 71731 75812 72076 76497
hp 329
t 35910 34720 36080 52444 35913 52445 52446 34641 34088 34726 36087 34090 51092 35921 52453 35922 36092 35924 35925 34777 52416 35972 52419 35930 34699 52297 51108 36063 33939 34109 52257 34789 34790 52471 35982 33346 34111 36153 52431 52476 36837 51075 36840 51120 34761 52484
hp 290
t 65150 77900 78074 78120 63374 78080 78804 78082 64737 77913 78084 78085 77915 78086 78049 63344 79410 77923 77924 78095 78097 65092 79418 78101 78102 78103 65098 80781 78106 78107 65102 78108 77895 65103 78109 78832 65104 78110 78834 65277 78835
hp 68
t 31628 49851 31652 31695 49662 31653 49612 31655 31658
hp 256
t 50145 49279
hp 113
t 75562 75648 75183 76290 76378 75656 77146 75573 75233 80591 75580 75240 75666 76389 76304 75667 76348 76306 76349 75075 76307 76308 76351 76310 80602 75588 76311 76397 76313 75425 75468 75469 75384 72621 75470 75385 76405 75215 75386 80615
hp 165
t 31809 31832 31747 31768 31811 31749 31750 31752 31753 32136 32179 31754 32137 32029 32140 32461 8643 32190 31744 32467
hp 247
t 61847 64430 61456 61640 61832 61525 61652 61504
hp 232
t 34971
hp 269
t 68508 76498 71569 68509 72419 68510 71570 71571 76501 72081 72421 71572 72253 71914 72255 72256 72257 72427 72258 68519 72259 76509 68520 72260 76510 68521 71580 71751 68522 72262 63592 68523 71583 71581 71924 68524 71582 72265 68525 68526 72267 68527 72097 67168 72098 68358 72099 68531 71592 71933 71935 72275 68367 72280 71600 71601 72282 71602 71603 72114 71605 72119 72120 71612 71613 71783 71614 71615 68389 67880 72130 72642 72302 72132 72304 71964 68394 72646 72307 68397 72649 72310 72311 72141 72312 72142 72313 72143 72314 72315 67896 72316 72075 68578 68580 72150 68414 68419 71492 72173 67073 72345 67076 68437 68439 71499 68441 72352 72353 68443 72354 71504 72355 67255 68445 72356 68446 71506 68447 67258 72698 67087 72359 71508 68505 71680 67259 68450 72361 71511 72192 72363 72193 72364 67093 68454 72365 72195 72196 72367 71516 71517 67096 68458 72198 72029 72199 68460 72200 72201 72202 72203 68465 68466 68467 65747 72208 71528 72209 72210 71530 72211 72212 72213 72214 72215 72216 72217 72388 72218 72389 72219 72390 71539 72220 72391 68480 72221 72222 72223 72394 68483 68485 72396 72056 72226 72397 72566 72398 72399 72229 67129 71890 72230 72232 76483 72233 72234 67134 72235 71726 68495 72236 72066 72237 72068 72238 72239 71900 71560 72241 68501 71561 72242 72073 68502 71903 72243 68503 72244 68504 72074 72245 72416 68506 72417
hp 173
t 49649 31640
hp 323
t 14705 14706 14366 33239 33069 17688 17008 33588 33248 17863 18288 18204 33249 33590 14465 33252 33253 14553 14383 33425 14727 18384 18386 40744 14736 14738 15079 77810 14740 32846 33101 14742 17037 34380 15086 33532 34384 14750 18237 33452 14667 33454 32776 32778 32779 32780 33206 56921 14761 14677 14423 17909 32789 32960 14771 33473 14348 33219 14434 14605 14690 33221 14436 33222 14352 17668 14780 14526 14781 14441 6028 14358 33059 34336 14446 33401
hp 100
t 77688 74972 74973 74975 75485 75487 74807 75151 75491 75496 75159 53401 74992 77712 77713 74993 77714 74994 75164 74995 75165 77716 77718 75168 75169 77721 77722 77724 77725 75345 75175 75516 74327 75176 75177 74328 77728 75518 75178 75179 74330 75519 77731 77732 77733 77734 77735 75185 77736 75186 75187 77738 77739 77740 75020 77741 74851 75192 77743 77572 75475 74350 77751 75201 77581 53442 74353 53443 75206 74866 77587 77758 77759 74869 75209 77760 75210 77761 77762 77764 75214 77766 74877 75388 75390 74880 77771 74881 77772 74882 77773 74883 77774 74884 77775 74885 77096 77776 74886 77097 75225 77777 77783 77613 77784 77785 77787 74904 77796 75416 77797 74907 77800 77632 75424 77806 75086 75256 77807 75427 74917 77638 77641 74923 71354 77643 75095 74925 74926 74927 74418 74117 75102 74932 75108 77659 75110 75111 75114 75115 74266 75458 75119 75120 75121 74951 75463 75464 77677 74277 74279 75471 74451 74281 75473 74793 74283 74114 74455 74285 75477 74287
hp 291
t 79390 64053 63331 64055 78039 63334 63888 64059 78042 63550 64740 64741 78044 64742 64743 78046 64107 64745 78048 79408 64746 79409 64747 78050 79411 79412 78052 78053 79414 78054 78055 78056 63734 78058 79419 78059 78060 78061 64207 78062 78063 63362 63363
hp 249
t 65012 64386 64801 64846 63233 63257 64806 63350 63244 63341 64809
hp 335
t 45218 69532 66133 66984 66644 66817 66647 66648 66139 66649 66820 45230 66821 66652 69204 66825 66655 69546 66656 66657 66997 66998 66658 66660 66151 66831 66661 26881 66662 66663 66154 66834 66664 66155 66665 69385 45245 66666 66156 66667 66668 66839 66840 66160 69390 66670 66671 66672 66674 46618 66680 45261 46626 66687 66688 66690 66691 46637 66868 69588 69589 69590 66871 68912 46642 69593 45283 69594 68914 66704 68744 45284 66194 69596 66876 66706 69597 66877 45286 66197 66708 66879 45288 48009 68920 48008 66710 66880 66712 68923 46654 69605 45295 46655 48016 69607 48017 66718 69609 69610 66720 69611 66721 69613 46663 66724 69615 66726 48027 66560 66900 66561 69621 66221 66562 66563 66564 66225 66905 66566 66736 66737 66229 66739 66740 66912 66742 66573 66233 66914 66234 66575 66235 66576 66066 66747 66578 66918 66239 66920 66580 66581 66582 65904 66756 66587 66927 66590 66591 45172 66933 45345 66765 45178 66599 66600 66601 66604 66264 66609 66269 66950 45190 66100 66611 66270 45361 45192 45362 65595 69507 66107 66108 66280 45200 66281 66111 66282 66964 66625 66286 66629 66972 66973
hp 319
t 14702 14448 14703 14618 14619 14450 17172 33579 33243 33586 33589 14464 14550 14636 14552 33597 12008 14643 14559 56890 12011 16434 14565 14616 15331 14482 18391 33097 14484 33270 14617 14487 16017 14488 14489 14659 14490 14575 14491 14406 14577 14492 14407 14578 14494 14495 15349 18155 15350 14589 14504 33544 32949 14506 14421 33036 33037 14508 14337 14509 14595 33211 33041 14512 14427 18083 14514 35763 14429 33385 14431 14520 14776 14351 14777 14438 14693 14353 15884 17839 17670 16055 16056 14700 14701 33232
hp 294
t 64205 63865 63895 63921 79976 64199 64125 64189 63849 78047
hp 177
t 32469 30176 31111 30686 30517 32726 30518 30178 30349 30180 32049 30350 48201 29841 29842 32139 30014 47694 32055 30186 30527 31804 30530 32060 31807 30193 30618 48129 32320 31300 32321 30028 30029 30200 31135 30540 30541 32496 30031 30542 30543 32498 31819 31989 31820 32163 48909 32164 30719 32165 32166 30001 32169 30470 31152 30472 30643 30474 32089 32175 31835 32090 32007 48243 32094 30480 31415 29970 32010 29887 30482 31332 32012 32098 32013 30653 31418 48334 32099 31079 31420 30826 32187 32017 32188 31763 29978 32019 31766 32022 31769 32025 32465 30497 32027 30498 29987 32028 30499 32453 30500 29990 48182 32458 32459 32630 47506 32637 31954 32039 32125 32040 30511 32041
hp 321
t 68934 67489 69105 68680 64431 69191 69192 67492 68939 68940 68685 61885 68857 68687 69027 68943 68946 69286 69031 68608 69203 68948 69373 61809 68780 61555 68782 61476 68701 68958 68703 68709 63015 68711 63189 68714 63020 68976 69317 68723 61841 62863 61588 68899 68984 69069 68814 68985 69070 68986 69327 62867 68647 68988 68139 61594 68990 61850 61853 61514 61855 61601 61687 61603 63135 61605 69087 68840 61616 61532 68928 61618 61535 62470
hp 104
t 80578 77859 67661 80241 75481 80244 80588 80248 80249 80590 80256 80257 80600 80262 80265 80268 80269 80612 80276 80620 80621 80622 79944 80284 76544 79265 76548 79269 76549 76550 80290 76552 80293 76553 80294 76554 76555 76556 76557 80299 76559 76560 76561 80302 80303 76564 75205 76566 80647 76568 80648 80649 76569 80650 79632 76572 79634 76574 79975 80656 79977 80657 80658 80659 80319 76240 80320 80660 80661 80662 75223 79983 76584 75565 76586 79987 75228 76588 80669 80670 76590 75231 80671 76252 76592 80672 75234 75574 75575 76596 80678 76600 80680 75241 80681 76262 80342 80343 76604 80684 75586 76267 76607 80348 80349 80689 75250 80350 76610 80351 80691 79672 80352 79673 80353 75593 80354 75595 79336 80696 80356 80697 80698 80358 79679 80699 80360 80702 76624 76285 80365 75266 76626 80366 76627 80367 75268 76628 76629 80030 80371 76631 80372 80375 75276 75277 80377 76637 75278 76638 80378 75279 80379 80040 76640 76641 76642 80383 76643 75963 76646 76647 76649 76650 80051 75294 76656 73937 73949 76669 75311 75315 76689 76701 76702 80443 79425 76711 76715 79436 80456 75357 76717 75360 75361 76721 75362 75363 75364 79444 75365 79445 80465 75366 75367 80467 76728 80468 76729 75369 76730 75371 80131 75711 75374 75375 79456 80477 80138 75379 80479 79461 76742 76744 79465 80486 80488 79469 79471 80492 79475 79476 76417 80498 76420 75400 76421 75401 76423 75407 76427 75410 75411 76433 80513 80514 79496 80516 80519 80520 80524 79507 80527 76108 80528 76109 80529 80530 80531 80193 76454 80535 80196 80536 80537 80199 75440 75441 75442 75444 80204 75445 75446 75447 80547 75448 75450 75451 75454 75455 79536 80557 80558 79539 79540 79541 79542 79543 79547 79548 79549 79550
hp 248
t 65097 65140 65099 65105 65234 65149 65138
hp 320
t 77889 63365 77827 78073 77893 79384 79470 79449 79386 77836
hp 307
t 58297 39188 39103 39199 39197
hp 109
t 81093 73954 73955 80415 76676 81098 75320 81015 75321 75322 81018 79744 79745 79746 81021 76687 79747 81107 79748 79749 81109 79750 79751 79753 80433 80943 79754 79755 80436 79756 79757 79758 79759 80440 79760 80441 81121 79761 80442 81122 79762 81123 79764 79765 79766 80447 79767 79768 79769 79770 79771 79772 79773 79774 81134 81135 80967 79781 79782 79783 79786 80976 79788 80978 81150 79792 79794 79795 79798 79799 79802 80571 80401 79807 80403
hp 226
t 53930 53581 53583 54057 54032 53714 53916 53724 54077
hp 295
t 68890 63025 69316 69060 64399 63027 68978 62433 63028 69616 69106 68340 69320 68640 68938 68341 69322 68344 61800 68346 61887 69326 63035 67328 68987 61804 64397 62994 69328 69030 68989 69116 69201 68862 68905 61552 69331 68906 69075 69117 68907 68142 69077 69374 68949 69161 61812 68102 63002 68910 68957 68959 69086 69171 68833 61694 63013 67395 61534 69057
hp 299
t 80068 80069 63728 80070 80071 80072 80075 80076 80735 80077 79992 63736 80078 63737 80079 79994 80080 79995 63739 80081 79996 80082 79403 78065 80171 80066 80088 80067
hp 176
t 29854 29844 29855 29834 29845 29835 29846 29836 32014 29838 29840 29831 29853 29800 29875
hp 292
t 77338 34883 35065 35066 51440 51421 51400 35037 77368
hp 119
t 76844 77185 77186 77527 77187 77189 77529 77275 77190 77192 77532 70648 77533 74304 77279 77194 77195 77535 77197 77538 77200 76860 76861 76862 77203 77204 77545 77205 77546 77207 77550 77210 77211 77382 77212 77213 77214 77215 77216 77557 77224 70596 77311 77062 77148 77233 77149 77234 77150 77235 53435 77236 76818 76819 77159 77160 76821 76822 77162 77247 76823 54214 76826 54227
hp 332
t 33531 18358 33446 34637 34806 33447 34127 19720 16746 18277 34087 33450 33493 34173 33323 34642 17047 33369 34772 33841 18201 34650 33928 33929 34057 13233 34696 34655 34059 33975 34037 33424 52296 17021 34064 14684 14770 33513 33981 34704 34578 18429 34708 34667 34199 34540 34072 33478 14395 34669 34627 34074 19030 33482 33950 34631 34078 33909 34674 34633 33826 17847
