ap 0
hp 376
 52991
ap 1
hp 377
 44859
ap 2
hp 93
t 31146 30386 52996 52997 53000 50195 53171 28861 53001 49688 53088 52918 52749 28865 52921 31161 52922 28868 52923 53009 52924 28871 52926 49448 50386 29646 28883 53023 28886 50223 50394 28890 31525 28806 31187 28807 30341 53123 52869 52870 30260 52871 53042 52704 28906 53046 52706 52707 52878 50413 53047 53049 31204 30270 53050 53052 29592 52883 53139 53054 53141 66317 28834 28835 29602 31048 29603 53149
ap 3
hp 36
t 48056 68871 43002 26205
ap 4
hp 378

ap 5
hp 89
t 28832 29098 53091 30323 28879 28794 28773 48419 28795
ap 6
hp 379
 20431
ap 7
hp 380
 20479
ap 8
hp 47
t 25633 26356 46374 27908 26188 42977 42999 28018 43530 26362 26343 44365 26260 44259 27918 27174 43707 26007 43580 27728 25944 44283 26178 26199 43585 26289
hp 43
t 43546 43547 43548 26209 43550 43553 26216 26217 27832 27747 43558 27748 43559 26134 43560 42880 27750 42881 26051 44242 26222 43562 26223 43565 43566 43567 42888 42889 42890 27336 26146 27337 43572 42894 26149 27340 42899 27345 44260 27346 43581 27347 43582 27177 27348 27263 43586 49027 44097 43588 24973 25654 43760 44271 44100 27868 43763 43596 26342 46317 43598 49038 43768 43769 26176 43771 26177 26350 27370 26181 26204 27376 26186 27377 26952 26357 27378 43698 27208 27379 43529 27380 27209 26190 27381 27382 27212 27383 27213 27385 42940 27386 27387 42942 43537 27388 27389 43539 43540 27391 27900 43541 43542 26288 43543 43544 43545
hp 39
t 42100 43589 43591 43552 42830 43765 43766 43556 41984 43770 27878 42839 42884 43564 27712 42077 42843 42079 43526 43528 27931 43573 42765 28061 42469 27384 27171 42983 43578 27262 42817 44263 43583 44264 27179 44267 42822
ap 9
hp 55
t 26210 26296 27997 26212 26297 26127 26213 26298 45594 25789 27744 26215 27830 27662 25877 26304 25879 25880 27751 42882 26138 25969 26139 25630 25972 25887 42892 26998 26148 25299 42895 25896 44256 25982 44257 26154 26325 26326 26241 25902 26157 26328 25903 26158 26329 26584 25651 24974 26335 27781 26337 26338 25658 26340 26341 26259 26345 26346 26601 26603 26349 26179 27454 26265 26010 26180 26351 27880 27882 26353 25163 27883 26269 43524 25678 25680 26020 25937 27723 26026 26028 26963 26113 26029 26031 26116
hp 59
t 59697 64885 78999 80699 79424 79425 79171 79426 79600 60390 63882 59463 79778 78078 79015 79439 79525 79358 78765 79361 79445 79446 78173 63384 80809 79450 18930 79451 58628 19443 80816 77843 80822 80823 59574 79124 80995 80826 58643 78788 64848 81168 80828 80829 79554 79470 79387 79642 79472 78283 79303 59498 79644 78712 79395 77866 80757 79399 79401 78977 79659 78641 58923 60369 79327 80517
ap 10
hp 90
t 34960 35811 39466 35812 35727 56297 54853 55449 54939 53835 34966 54857 34967 56899 53414 53415 54945 54694 53591 56143 53937 53429 53856 53772 38813 34819 34821 77406 34907 53947 55954 34908 51399 53610 53615 53446 53956 77249 54044 51239 51324 57279 56174 54644 55580 54903 57229 54480 77261 77601 77432 77178 35128 32979 54914 77694 53895 77611 34941 53898 53900 56280 55005 53731 53477 34352 54753 34949 56289 34954 34360 33001 55017 57228 56294 70489 33005
ap 11
hp 381
 48959
ap 12
hp 134
t 9442 48645
ap 13
hp 382
 29627
ap 14
hp 363
t 14883 15028 19971 14916 14925 17541 16995 17007 17703 17900 17680 17556 20422 15898 17520 20287 17578 14937 20306 20385 20386 20389 20384 14962 17585 17586 17681 18425 16910 7735 17562 14882 14951 17544 16992
hp 358
t 14919
ap 15
hp 61
t 78271 64758 59534 77852 79553 77855 78238 78281 79428 78239 78876 79431 77862 79562 60395 78075 78034 78204 79437 78077 79057 78250 64738 79485 78300 77832 79363 79448 79364 77834 79534 78216 77835 79577 60368 78176 59520
ap 16
hp 383
 16383
ap 17
hp 384
 73727
ap 18
hp 38
t 58465 81245 78611 57574 59529 59656 58637 59530 58638 58680 58511 58978 57577 58639 77848 58811 58642 58684 58685 58686 57881 38459 58096 58734 81557 58735 59119 81474 58779 33793 58698 78207 58743 58708 59093 58712 59054 57397 38316
hp 50
t 81542 17962 81377 57578 81379 81380 73730 81723 81724 17974 78920 16616 57587 57756 18914 79095 81561 14922 81733 81562 81563 16455 59381 53942 19433 59213 16629 59384 38560 19266 34906 16462 57348 58879 58626 81236 81831 58542 81577 58372 81748 81749 81664 58546 16726 81157 81328 34408 58634 58549 81754 57359 39934 40276 58551 81331 58721 81246 58808 17923 80994 81759 19368 58555 80909 58641 18096 16482 81337 58644 61111 17168 18019 81260 35191 18106 81261 36892 58992 59078 74635 59000 17945 81019 57562 58670 59350 81537 81198 58929
ap 19
hp 385
 40143
ap 20
hp 143
t 32447
ap 21
hp 386
 32719
ap 22
hp 387
 78846
ap 23
hp 388
 73662
ap 24
hp 44
t 62374 69048 68965 61911 69394 43175 69102 62302 69060 69314 62262 69108 43140 46925 69069 69411 69114 69029 46930 69116 69328 68947 46933 69119 69331 69375 69080 46215 69293 69337 69085 47667 69385
ap 25
hp 81
t 52046 52216 51707 52047 50857 52218 51703 70240 52051 51541 52223 50864 51544 50865 50866 51206 51546 50867 50868 52059 50869 51705 51210 70250 50870 50871 51382 51552 51553 51554 70085 34896 50876 51216 51388 51558 52074 51564 51225 51566 51227 50888 70439 50890 34571 50893 70444 35425 50895 51235 52087 52090 52092 70968 51928 49222 50760 50761 50762 50763 50764 50937 50768 50769 50770 50771 50941 50772 50943 50775 51630 50781 51462 50782 50783 70843 50785 50790 51471 51641 50793 51475 50795 51646 51988 51480 50802 51483 50803 51534 51485 50805 50806 51487 51488 51998 51999 51490 52170 51491 52171 52001 50812 51492 52172 50813 52003 50814 51494 52004 50815 52005 52176 52177 52178 52008 52179 52009 51501 52182 51502 52013 52189 52190 52191 50832 50833 50835 50836 51346 51520 51521 51522 51523 51524 52034 50846 52036 51527 50847 51697 52208 52210 52211 51532 51533 52043 52214 52215 52045
ap 26
hp 389
 54076
ap 27
hp 46
t 81712 79587 80396 81672 81247 81205 81248 81378 38453 80910 81082 81209 81083 81253 81508 81212 81596 58051 81554 81469 74627 81344 58479 57757 57375 79349 81093 81560 79734 57421 81519 81580 81734 79821 58275 79739 58234 81481 58408 81360 78215 81576 81408 58416 81368
hp 62
t 38531 81462 58088 81381 58262 78919 57585 58265 58266 58097 81558 79093 58099 58100 39148 58274 39829 81565 39918 58278 81569 57429 57346 79786 78937 5242 81234 81578 39758 57865 38996 57442 81415 81076 80991 57786 74618 39853 81588 57874 39854 38581 81081 81591 81166 81422 81507 39858 81338 81593 38499 39094 81594 81255 39861 81767 81597 81257 58308 58394 79735 58316 39786 39021 55513 57385 58409 58240 39798 57564 58246 58076 57483 39804 58079 58250
hp 49
t 79246 80985 81013 57383 57533 58277 81015 80441 81570 78213 57707 57453 79787 79235 59112 81044 81428 58095 81259 81323 81345 79432 79305 81238 79561 79156 81581 81582 81753
ap 28
hp 85
t 47415 66455 49414 66074 67562 62293 47378 67310 31102 49420 31612 31061 49336 49806 65999 49425 66212 48111 47432 30773 47178 31666 66729 66305 48074 66352 66310 66481 66184 66355 66695 66016 66186 73542 50720 47236 50212 66363 50000 66321 66154 66409 47156 31093
hp 79
t 70108 70236 52091 70027 77210 49225 77043 70266 69864 69672 69695 70122 77198 70271 53400 70251 69848 51297 70061 70954 70042 70425 69746
hp 83
t 69814 77634 55450 52050 34965 51371 77297 51457 55027 77042 77299 51459 70329 54946 54862 77472 53760 77475 64470 77476 77477 55039 69830 70340 53347 51478 74993 77659 53434 70264 77661 53266 69842 51567 70267 77248 77758 70109 77418 70024 77675 51496 53452 55662 69773 70113 71219 52095 77681 69777 77427 69778 53883 53460 70120 77177 55928 70463 77603 77606 53467 69789 53385 53557 49223 56194 76849 71242 53392 53481 35121 32996 53482 53399 56205 52040 34957 77714
ap 29
hp 45
t 77844 79609 79460 60399 78208 78273 79442 78615 78233 78297 77851 78298 78468 78575 60385 79256 78237 79469 79427 78620 78896 78175 78112 78199 79476 60375
hp 48
t 42780 26227 48327 42485 42871 48247 69327 27402 49039 42791 42474 72989 26198 69040 46962 68978 42841 27223 26225 62245
ap 30
hp 53
t 21531 16558 4829 6912 6019 21063 18005 6700 6617 21067 6618 58468 18348 5260 33481 7343 21201 7304 21031 7092 8155 17038 14701 18101 21206 18273 37484 7311 21209 4636 7442 18025 6465 20916 6722 7106 6937 33585 18328 4814 8129 59003 21050 19350 6603 18078 18036 24327 17952 4608 5246 21184 5331 19867 20165 21228 7288 20762 11711
ap 31
hp 390
 65422
ap 32
hp 391
 56590
ap 33
hp 362
t 56653 54283 56770 56604 56772 54401 57140 56785 33668 32921 56682 56831 56644 54667 57227 56964 57178 54326 32904 56619 56802 32929 56607 56966 56624 57131 32909 56943 32942 54446 32951 40498 40501 56848 56951 57095 56609 56610 32898 57097 33728 57248 57118 57180 34342 57300 56651
ap 34
hp 392
 24575
ap 35
hp 261
t 59696 63436 62756 62757 65138 62760 59701 65141 62761 59702 65142 59703 62763 60384 62764 59705 64805 62765 59706 62766 59707 60387 62767 59708 78749 59709 59710 59711 65152 63433 65507 65168 65170 59051 78774 65174 65176 59397 63478 64842 64844 78784 59404 64845 59405 65187 59407 64849 65190 78790 64851 78791 64854 59415 64517 59418 64519 64860 64522 64524 64525 78465 64526 64867 64527 65208 64870 78734 78811 65212 78473 78735 78476 64877 78478 65219 78479 78823 22723 78824 64884 65232 64893 63194 65236 64896 59456 59457 65238 64898 64899 64900 59461 59462 22744 64904 59464 59465 77826 65246 59466 64907 65247 59467 23770 64912 22753 22413 59473 22755 64915 77836 77837 59477 59818 22758 59478 59819 63218 59479 23099 59481 64922 59482 65263 22763 59483 64924 59484 64588 59489 64931 59831 22771 65272 59491 59492 64594 65274 59495 59496 78197 65277 59837 59497 59499 59500 64942 64945 64608 64949 64609 64610 64611 64612 64952 64953 64613 59513 64614 59174 64955 6476 64958 64619 59521 59522 59524 62585 64965 60546 59527 59528 63268 63269 59531 64972 59532 59533 59535 59536 63276 63279 59544 41868 58869 41870 59550 64993 77914 59214 58876 59560 62960 63980 78601 77923 62963 65004 65005 59566 62966 64668 59568 64669 63309 59569 64670 78609 78610 59570 59571 78272 78612 59572 65353 59573 64676 78276 59576 78278 59578 59579 59580 59581 41902 59582 64683 78623 65024 64684 64685 64687 64689 65030 64690 64691 65032 64692 78294 65035 77955 78296 64696 78299 59599 65040 59600 78640 78301 59601 59602 78642 65043 78304 59604 78305 65045 59605 78306 78645 59606 77967 78307 59607 78647 78648 61648 78309 78649 59610 59952 78652 59612 78313 59613 78653 59614 78654 65055 64715 59615 78316 62676 59616 78317 59617 78318 59618 59619 64720 59620 63360 59621 64722 63362 59623 63363 59625 65406 59626 59627 78668 59629 59631 78671 65072 59633 65074 65076 59636 59637 64795 63378 65079 59639 65080 64740 63380 65081 64741 65082 65083 64743 65084 59644 59646 64747 59647 78687 63387 64751 59655 64757 59658 64759 78699 65100 78701 59666 78706 64767 59667 78708 62729 64769 65451 78711 65112 62737 62738 65119 65459 78719 64780 64782 58664 78724 63424 78725 63426 78727 62748 62749 62750 60032 78732 78733 65474 63435
hp 315
t 21589 23864 21591 23694 24366 24547 21646 22497
hp 263
t 61649
hp 268
t 69650 72501 77538 71239 70349 70261
hp 106
t 79629 79630 79631 80481 79632 79335 80567 79336 80483 79337 79338 79636 79296 80571 79637 80572 79297 79638 79298 79724 79639 79299 79340 79300 81891 79643 79645 79646 79647 79307 79520 79478 79521 79522 79777 79311 79524 79483 79316 79656 79444 79318 79616 79319 79321 79322 79620 79323 79535 79324 79622 79325 80472 79665 79326 79667 79626 79627
hp 84
t 69811 69726 54171 70239 77550 69901 77637 34882 69903 70499 76875 77221 77224 77394 69745 77481 69747 70343 70258 69663 77484 69750 70260 69838 70348 70263 69840 70350 77746 70268 77154 69762 76988 69849 53869 69850 51405 71126 53277 69684 70025 69771 69772 71389 70032 69693 77259 70547 77262 70039 71400 71146 70041 69790 35792 77528 77529 70050 77530 70052 70987 70307 77026 76856 77199 70060 53740 71166 53741 70063 69724
hp 290
t 58527 58517 79556 58689 58649 58660 59042 58650 58820 58821 58738
hp 303
t 74400 74401 74104 74402 74190 74360 74403 74398 74404 74405 74406 74407 74195 74408 74409 74410 74411 74412 74327 74200 74413 74328 74414 74329 74330 74417 74332 74419 74334 74335 74341 74342 74343 74344 74345 74346 74389 74347 74348 74391 74222 74349 74350 74351 74394 74352 74055 74396 74397 74355 74058 74399
hp 80
t 49411 46606 47371 49156 49412 31052 49157 49413 49158 50094 49159 45079 49415 31565 31736 49161 31312 31057 49419 66419 49589 31144 49164 49249 49165 49505 49421 49506 49166 31231 49507 49167 49422 49508 49168 31062 49509 49169 49592 49423 49593 31065 49595 31576 31577 31068 31153 49173 49429 49174 49599 49430 49175 49686 49431 31071 49517 31583 49518 49263 49519 49179 30225 30909 31164 31080 31165 50121 31591 31166 49186 47997 50122 31678 73246 31596 47407 49251 28877 31088 31091 50089 31094 31521 49712 28887 49458 49154 31523 66459 31524 66461 28891 48102 31699 31614 73266 48106 73269 68086 31572 50920 50071 66051 66478 31122 31124 50929 31040 31465 31635 46086 30955 31127 49318 31553 66404 31045 50935 47366 31046 49152 31047 31134 31049 50175 49410
hp 314
t 21595 22870 22808 21724 21577 24573 23214 23173 23195 23174 20861 22985 23177 23178 21607 23181 21588 20950 22864 23311 42074 20570 20591 42183 21614 21594
hp 326
t 45247 26293 46608 31478 46354 69560 46867 47887 46868 69563 46869 45255 46870 46530 46871 47552 47555 46876 45176 45262 46877 46538 46878 47558 46879 46539 47900 46882 47903 45269 46885 46716 45185 45274 46549 46890 46721 45530 46551 47486 46552 47912 45278 47573 47913 46554 46555 46896 46727 46557 46897 46558 46898 27518 46899 47920 47751 46900 46560 45201 47921 46561 46901 47753 47581 47583 46734 46902 46564 46733 46904 46565 47585 46566 46567 47758 46907 47588 47759 47927 47249 45295 46570 46571 47591 45212 69523 46573 45214 47765 45215 47766 46916 47596 45217 46579 47601 47602 47603 45223 45224 46755 45225 45058 45059 47525 47101 46591 45233 47614 45234 47361 47363 47792 47794 47709 47879
hp 235
t 67495 62873 63046 68105 61635 68615 61691 61659 64443
hp 276
t 67676 67709 67688 67731 72162 67678 67700 67689 67690 67701 67848 67691 67703 72060
hp 107
t 80182 80183 80015 80365 80876 80712 80797 80713 80884 80715 80886 79526 79187 80888 80721 80722 80382 80383 80723 80893 80724 80894 80725 80895 80810 80727 81070 80732 79373 80733 80734 79374 80735 80736 80825 80741 80742 80827 80743 80744 80745 80660 80746 80747 80152 80238 80154 80241 80496 80754 79479 80839 79565 80840 79480 80756 80160 80161 80843 80165 80083 79487 80338 80848 80764 80765 80850 80766 79576 80851
hp 82
t 70320 49580 49241 70450 70110 70408 70451 70918 49243 50392 70155 50607 51374 52054 70797 51970 52056 52014 70417 52058 70418 70928 70121 52145 50572 50106 50404 51976 50151 70253 49216 49217 70086 72424 52068 50879 50582 52071 52072 50840 49439 50204 52032 70265 52033 50844 51992 49315 52037 50889 52038 70101 72821 70058 52039 70232 70190 52000 50855
hp 101
t 80180 80860 80862 80863 76529 72536 72537 80868 80188 72539 80190 80191 80871 80872 80873 75944 80194 80875 67787 72463 80880 80881 80882 80883 79950 80885 75874 80720 76217 79873 80129 80216 71971 64067 79877 80133 79969 79970 80178 80062 71987 80147 80148 63574 79896 80151 71822 67828 63918 80156 80157 67408 80158 80159 71999 72680 80841 80162 79909 80164 76170 80166 80082 80168 79999 80849 80169 63680 80170 80171 80767 80172 63513 80173 80175 80176 80177 80008 80858 63689 80179
hp 105
t 76358 71175 76530 76360 76361 76532 76362 76363 76364 76535 76538 76368 76369 76540 76541 76371 76542 75522 76372 76543 75607 76288 76289 76374 75525 76291 75526 75527 76377 75529 75531 72643 76299 75537 75538 76304 75539 76305 75540 76476 76307 76310 76312 76398 76400 75551 69857 76488 72663 76489 76404 76490 76405 76491 76406 76407 76496 76411 76497 76412 76498 76413 76499 76414 76500 76415 76501 76502 75397 76333 75653 76503 75569 75570 76506 75658 76508 75234 75574 76509 75660 76510 72685 75236 75661 72687 75407 75581 76519 76350 76520 76521 75247 76522 76523
hp 164
t 44816 21484 21474 21480 20573
hp 341
t 58397 58071 58422
hp 64
t 44364 44279 44098 44077 44280 44067 27875 44249 44281 43527 25924 44103 45051 44266 44065
hp 113
t 81116 81118 75339 73981 81292 80953 75343 80954 81384 81726 81473 73994 73910 75355 80966 81307 81477 81478 81480 73916 81141 81652 74001 81482 73918 81568 73919 81571 81489 81235 75287 81662 80983 75298 81504 75300 75301 75302 75303 73943 73946 75306 75391 75307 75309 73950 81515 75311 73867 75314 81604 73870 81605 81520 75316 81606 74041 81608 74639 74809 74044 81524 81609 74045 81525 81610 73962 81612 81527 81358 81613 81528 81104 81614 81529 81530 81616 81531 81617 81532 73968 75328 81533 81618 81619 81534 75330 81620 81535 74735 73971 75332 75333 81623
hp 174
t 45160 45246 69556 47797 69388 46863 69558 45249 45334 47884 69390 46610 45335 46355 66755 47715 46866 46357 69562 47802 45338 47803 45934 46528 69564 46359 48059 69565 45340 47890 47721 45341 46874 45345 45174 46534 45346 45856 45348 45349 69491 46543 47563 45272 45187 46378 45358 46888 45359 47569 45275 47570 46550 47571 45192 46894 47574 45280 46895 47746 46556 47577 45284 46984 46559 45286 47582 46563 45374 45289 47924 46735 47925 45376 45291 45377 47587 46568 45379 46569 45380 69520 47930 45381 66801 47931 46572 47592 47594 46574 46914 45388 46578 45389 47599 69530 47600 45391 45561 69532 46923 47094 47604 47775 45312 46927 45738 47607 45230 69542 45827 46936 46852 45323 46938 26879 46854 46599 46855 27475 46859
hp 168
t 2979 26334 25122 25105 26360 26147 26126 25829 26191 25151 25089 26025 25263 25837 168 26135 26348 26009 24818 26114 25945 25138 24608 2953 26352 26159 26012 25990
hp 265
t 62820 65520 63057 65479 63227 62441 62656 63315 65504 61512 64679 63094 63320 41800 64213 68633 64957 63172 61475 61518 63071 61498 63305 68788 63922 63857 61501
hp 264
t 80818 64756 80821 77847 78061 64890 64212 80831 64216 64217 64218 65281 41949 80753 63540 79393 79435 63541 77864 80755 63543 78758 79397 77824 79398 79568 79611 78040 64227 65503 77829 63507 77830 79403 64784 65464 61467 79405 79406 63510 63299 63894 79366 79367 64237 79369 65387 78094 78181 80817
hp 111
t 79224 57571 79267 79523 79566 79481 78228 58936 78571 78488 78872 78895 78875 81405 79557 6649 78899 79585 77881 78923 78563 79477 79309
hp 293
t 63499 80861 64499 71831 80056 79972 80058 80059 75894 80144 71836 75938 63613 67714 72624 75877 79917 76220 67827 80852 63577 79918 80535 63706 80854 75947 71955 75781
hp 273
t 52078 51557 70102
hp 272
t 77536 77079 77527 69825 51318 69944 70051 77106 70627 77226
hp 262
t 65156 41124 64871 41146 65287 64789 64768 41117 42733 64792 64802 65356 65091 65505 65007
hp 68
t 961 962 20769 964 28336 28252 28338 28253 28339 28254 28340 21200 28341 971 28343 20608 975 28348 28349 28264 28350 28265 980 28351 640 981 28267 982 21129 28273 988 141 20882 4565 22246 28111 20888 20803 4569 20890 28288 20978 21491 1006 837 4237 28294 841 28296 20650 28474 28305 20485 851 28306 28307 1022 28309 28224 942 20579 20664 20835 20837 28317 20838 28319 44900 1041 28245
hp 78
t 70936 70256 71022 65732 50899 73489 71003 70939 71679 64459 71664 65928 70008 49228 70967 49378 49272 49273 70970 64362 72226 70803 68530 66660 67957 70912 73653 68299 70934 73485 70935
hp 231
t 71304 66990 72508
hp 302
t 74060 74061 74742 81629 74659 81630 81631 74747 74067 74238 74748 74579 74749 81640 73992 81648 81649 74169 81564 81650 81651 74086 55472 81653 55559 81654 55475 81656 74688 81659 55308 74689 81660 74179 74690 81661 55395 74691 81491 55567 81663 55483 74353 55398 74016 74612 74017 55490 74616 74701 74192 74193 74109 74621 74197 74707 74198 74623 74708 73859 74199 55500 74710 74201 74712 74203 74713 74629 74714 74715 55509 81611 74047 74730 73796 74392 74733 74734 74054 81621 81622 74568 74738 55444 55445
hp 298
t 53948
hp 255
t 24532 24389 24387 24406
hp 277
t 65934 66976 65946 66276 65936 66946 67265 66989 66364 67267 66959 66279 65930 65920
hp 175
t 27566 45756 27396 45757 27397 45758 27398 26294 45759 27399 27400 26211 27403 26214 26299 27404 27490 27405 26301 27491 27406 26302 27492 27407 27408 26219 27409 26220 27410 27411 26137 27412 27584 27414 27585 27415 45669 27416 27501 27502 27417 27588 45754 27418 27419 26910 27591 27425 27597 27428 27600 27601 26156 27431 27602 27433 27434 27435 27606 27436 27437 27608 45543 27438 27609 26249 27439 45714 45716 27442 45378 27445 45725 26263 27453 27456 27459 27120 27461 27463 47099 27464 27636 27638 26958 27468 27639 45744 27470 27471 27642 26112 27644 27645 47705 26115 26201 27392 27647 26287 27393 26202 47793 27394 26969
hp 97
t 58655 59101 57593 57552 58423 58763 58466 59124 57596 58722 59105 58914 57554 58957 58937 58809 58427 59127 58958 58917 59129 59130 58429 58770 59089 58815 58922 58753 58927 59099
hp 295
t 46985 47676 46981 46992 46987 46998
hp 234
t 60960 18795 18793
hp 274
t 58691 59389 59044 58695 58665
hp 181
t 3987 381
hp 260
t 64966 59526 65136 65137 64968 59698 65139 64970 64971 78062 59704 64975 65145 64976 64806 65146 64977 65147 64978 41858 60388 64979 64810 64982 58865 79436 64987 64817 78248 78249 79610 58701 78256 78257 78258 78259 78600 78261 77921 78262 77922 64832 78773 78264 78265 78266 59226 78267 78268 78778 59398 64839 65180 64840 77932 65012 65182 65522 78613 65184 78275 65185 65186 78277 65189 78789 78280 65020 65021 65191 65022 78622 65192 65023 41903 65193 65194 78794 65025 65195 65026 78626 65197 78288 65198 78289 65199 78290 78291 78292 78293 78633 65203 78295 41065 78636 78466 64697 78467 65041 65042 59603 65044 65046 78646 78308 65049 78310 78311 65051 78651 78314 78315 78655 78319 63361 64891 78152 63364 59624 63366 59628 78160 78161 78162 78163 78334 78164 78165 77825 78166 65077 78167 77827 65078 77828 59640 77831 78172 59472 65085 64745 65255 59475 65087 64748 78688 77838 64749 77839 78179 77840 59480 78182 22594 22765 78185 78186 77846 64586 78187 77849 63404 78194 63405 78195 78196 77856 65276 65108 78198 65279 77859 65110 65111 77861 64941 65113 63413 77863 65116 78206 65117 59507 65118 77868 78721 60363 58834 64954 65125 65128 65129 78729 65130 78730 64960 64961 65132 64962 65133 64963 65134 64964 59525
hp 304
t 55092
hp 340
t 53478 77108 77683
hp 216
t 58420 58761 58421 58081 58636 58508 58678 58381 58552 58467 58382 58723 58383 61359 58384 58682 58385 58386 59364 58387 58558 59110 57879 58518 58520 58523 58098 58399 61378 61379 61422 59085 61298 61300 58496 58497 58498 58499 18634 58500 58373 58501 58502 58417 58631 58418 58504 58505
hp 166
t 26590 27993 44101 44059 28123 43551 43764 27998 44276 27999 44277 44064 27957 43767 44109 25920 44110 44111 44282 25668 27963 43520 28008 42885 26608 44075 42887 27799 44035 27678 25850 43531 25894 43575 27001 43576 25684 25898 44258 42941 25900 43538 25901 27731 27690 27988 44055
hp 171
t 25100 25101 25102 25191 25106 26042 25193 25196 25197 27493 26305 28516 26307 24609 24610 25971 24611 25632 27928 25126 25637 25895 25133 25135 25137 25988 25648 25649 25989 25310 25140 25141 25312 25142 25824 25655 25996 25826 25147 25999 27784 26256 26597 25152 25153 25833 25154 25834 25155 25835 26261 25156 26347 25157 25328 25923 28559 27967 2978 26354 25334 25164 25337 25847 25338 25848 25849 25340 26024 27300 25176 2991 25856 25177 25092 25943 25178 25093 25094 25096 25097 25099 25950
hp 100
t 80520 76526 76527 76187 80523 79677 72538 79678 80528 80189 80529 80530 80531 80532 80877 72632 75778 80709 79265 75780 80540 75868 80543 64224 75785 75787 80887 76213 75958 76215 79530 75961 75876 80891 76218 79533 75879 75880 79621 76221 72481 76222 80556 80557 79623 76223 75883 72485 79625 80136 72656 80476 72657 79628 72573 80564 80565 75891 72662 79635 72666 80573 80574 80575 71821 72671 80067 72672 72673 80324 79304 72674 79985 76160 72675 76161 76162 76163 80583 76164 76335 76165 76166 76167 76168 76169 79910 76171 71837 76512 75832 76513 80253 76514 72689 76176 76516 76517 76177 76178 76518 80004 75838 80174 76179 76180 76181 76182 80857
hp 323
t 62414 69218 69135 69223 43129 69224 69225 62426 69142 69227 69229 69145 69316 69231 69147 69317 69063 69318 69319 61926 69066 69406 69067 69322 69237 69323 69238 68983 69324 69239 69070 68984 69240 69071 69155 69241 69325 68986 69242 69413 68988 69243 68989 69244 68990 69245 69246 43154 69334 62365 43156 69339 43245 43165 62376 62379 43173 69354 69272 69274 69531 69446 68936 69276 62392 69192 62222 69278 69109 69194 69279 62310 69364 69280 69365 43186 69281 69197 69282 69198 69368 69283 69028 26869 69370 69285 69031 69286 69287 69288 69374 69289 69120 69290 69291 69122 62322 69124 68784 69294 69210 68870 69295 62327 62413 68958 68959
hp 110
t 81200 79310 81201 81032 81202 79226 81160 81183 79101 81036 81864 81207 81888 79169 79552 81041 81211 81169 81170 79301 81213 81299 81893 81872 81215 72548 81898 81899 78224
hp 96
t 81204 57575 81206 81164 78871 78914 81040 78915 81210 78916 79597 78917 81892 78918 79598 81171 79811 81894 79174 79345 79514 78921 80959 81088 78922 79048 78539 79051 78881 78584 57419 79308 79776 78927 81902 79268 81903 79056 79312 79059 79102 81865 79784 78892 78893 78894 79617 77917 57478 79666 81071
hp 103
t 79501 79717 79719 78912 79721 79339 80391 79722 79725 79810 79727 79302 79812 79346 79813 81131 79347 79730 81132 79815 79306 79731 79732 79350 79733 79223 79818 81136 79820 79738 79228 79823 79314 79357 79740 79229 79698 79230 79741 79317 79700 79743 79703 79618 79706 79709 79710 79711
hp 330
t 21231 20649 20644
hp 248
t 63606 67686 63607 67687 63947 63608 64288 62928 63609 63610 63611 63612 67692 63615 63617 63618 63281 63962 63623 63963 63624 63794 63625 63966 63796 63627 63797 63628 63799 67685 63632 63802 63633 64143 63634 63804 63975 63805 63806 63637 63807 63639 63981 63983 63644 63645 63646 63647 63648 64498 63650 63651 63654 63824 63656 63826 63657 63658 63998 63488 63659 63489 62640 63490 63491 63492 63493 63664 64173 63494 63665 63666 63667 63668 63669 63159 63670 63500 63671 63672 63502 63673 63503 63674 64354 63504 63675 63676 63677 63678 63679 63682 63684 63685 63515 63687 67832 63929 63692 63693 63694 63695 62845 64376 61826 63188 63870 62511 63752 63193 62517 68297 67619 68131 63884 62530 62541 62032 62542 63749 71726 63572 67653 63573 63744 67654 67825 63745 63575 67655 63751 67656 63576 67657 67658 67829 63578 63579 67830 67659 67660 67831 63580 63581 67661 63750 67662 67833 63582 63583 67834 67663 63584 67835 67664 67665 67836 63753 63586 63754 63755 67667 63587 63756 63588 63758 67669 63589 63760 63590 67670 63761 63591 67671 63762 63592 63763 63593 67673 63764 63594 63765 63944 63595 63766 63596 63597 63598 63599 63939 63600 63601 63602 63603 63774 63604 63775 63605
hp 334
t 24099 24286
hp 65
t 28299 28332 4894 28078 28304 28272 21302 28337 28327 1010 130 28308 28276
hp 177
t 25107 2933 2908 25188 25136
hp 185
t 25186 2937 3021 25189 25185 2941 2911 3018 3020 2935 2905
hp 69
t 44820 44906 42101 44821 44908 42188 44823 44909 44824 44826 20601 42106 44317 44827 44318 20687 44828 44319 44829 44320 42111 44066 44917 44919 44834 44835 44326 44836 44837 42968 44838 44329 44330 44331 44926 45012 44842 44844 44164 44845 44336 44846 44847 44338 42979 20625 21476 44341 45022 44342 44343 21478 42898 44514 20631 44347 44350 45030 42991 44351 44861 20637 44863 44866 44868 45040 20645 45041 42066 45042 20647 45043 44876 44877 45048 45049 44879 45052 44969 23039 44886 44801 44802 44888 44803 44892 20583 44808 44894 44981 44811 44982 42180 44986 42181 44901 44987 44818 44905
hp 254
t 21036 21026 21029 21738
hp 102
t 81880 81033 81034 81042 81043 81214 81045 81052 81053 81137 81054 81139 81055 81056 81736 81057 81058 81059 81060 81061 81911 81062 81063 73923 81064 81065 81066 81067 81919 81156 81072 81073 81074 80989 81159 80990 81075 81161 80992 81077 81162 80993 81078 81163 81079 81249 81080 81250 81165 81336 81251 80996 80997 81167 80998 81084 80999 73944 81085 81000 73945 81086 81001 81087 81172 81003 79728 81008 81009 81010 81011 81014 81021 81194 81195
hp 331
t 23180
